Long Lat Mag_nT
-116.61376231372364 36.76043757076046 48362.1
-116.61375925637071 36.760418642986096 48362.6
-116.61375644777756 36.76039941862558 48363.8
-116.613753850359 36.76038037664211 48364.8
-116.61375129881247 36.76036198629438 48365.5
-116.613748627852 36.76034463891976 48365.5
-116.61357731227508 36.76027649334897 48365.9
-116.61355533018212 36.76027903566545 48365.8
-116.61353249391368 36.7602813374442 48365.8
-116.61350889536284 36.760283366161445 48366.4
-116.6134846405466 36.76028512170456 48367.3
-116.6134598400822 36.76028658288591 48366.9
-116.61343476901808 36.760287818908665 48365.8
-116.61340951794796 36.76028887327988 48364.8
-116.61338419822091 36.76028977267995 48363.7
-116.61335897778932 36.760290516404666 48363.5
-116.6133340169883 36.76029114030035 48364.1
-116.61330942278764 36.7602916639954 48365.0
-116.61328529984245 36.7602921074763 48366.2
-116.61326181239308 36.760292480218254 48367.1
-116.6132388943034 36.760292798873685 48367.4
-116.61321638768564 36.76029306304891 48366.9
-116.6131943657416 36.76029326469493 48366.3
-116.61317266532303 36.760293381652005 48365.8
-116.6131511135029 36.76029341331441 48365.1
-116.61312958682028 36.76029335849813 48364.8
-116.61310796351972 36.76029321849654 48364.6
-116.61308612641268 36.760292987513 48364.2
-116.61306401552108 36.760292688462094 48364.0
-116.61304155256713 36.76029233088551 48363.8
-116.61301867681728 36.76029192157039 48363.5
-116.61299529841254 36.76029146707753 48363.1
-116.61297148712084 36.76029099365733 48363.4
-116.6129472834524 36.76029052371612 48363.9
-116.6129227725881 36.760290082403706 48364.5
-116.61289802753925 36.76028970439028 48365.2
-116.612873190367 36.760289397970006 48365.4
-116.61284835850915 36.76028916769937 48366.1
-116.61282361122396 36.7602890105205 48366.4
-116.61279900240612 36.76028892020358 48367.2
-116.61277452895212 36.76028886221663 48369.2
-116.61275017425076 36.76028880369704 48370.7
-116.6127258890938 36.760288710175615 48370.0
-116.61270164168891 36.76028854916104 48369.2
-116.61267738755627 36.76028832789543 48369.1
-116.61265309259176 36.76028805910462 48369.2
-116.61262873318354 36.76028775803315 48369.5
-116.61260428637148 36.760287440583504 48370.4
-116.61257976053976 36.76028711986784 48371.6
-116.612555168341 36.76028680088283 48372.8
-116.61253052273312 36.76028648587716 48374.2
-116.61250582479428 36.760286168857135 48375.0
-116.61248109007444 36.7602858387313 48375.4
-116.6124563349054 36.76028548377308 48376.6
-116.61243157699232 36.76028509124904 48378.8
-116.61240686460684 36.7602846458108 48380.2
-116.61238222496118 36.76028416507061 48381.7
-116.61235765902364 36.76028367609933 48382.8
-116.6123331466684 36.76028320088493 48382.9
-116.61230864191312 36.76028275104368 48383.0
-116.61228411975732 36.760282324644926 48383.3
-116.61225958550084 36.760281933044745 48383.9
-116.6122350720243 36.760281594710925 48384.9
-116.61221060795756 36.76028133188596 48386.6
-116.61218621059584 36.76028112765817 48388.7
-116.61216189323754 36.76028096639361 48390.3
-116.61213763833868 36.76028082627226 48390.7
-116.61211341166825 36.760280676551766 48390.3
-116.61208917026488 36.76028049049863 48389.9
-116.6120648898502 36.76028024730928 48391.1
-116.6120405532918 36.760279937273616 48392.4
-116.61201617225268 36.7602795593198 48394.1
-116.611991751326 36.760279147554094 48397.1
-116.61196726929712 36.760278727242415 48399.9
-116.61194271442484 36.760278318985925 48401.3
-116.61191805794844 36.76027794024469 48401.5
-116.6118933244179 36.76027759489708 48401.6
-116.61186854559304 36.760277293361696 48403.1
-116.61184375535004 36.760277048369005 48404.4
-116.61181895889987 36.76027687768672 48404.8
-116.61179416654072 36.76027676901347 48404.5
-116.61176938357156 36.760276708936445 48404.8
-116.61174460063178 36.76027667500845 48405.3
-116.61171979593205 36.760276632152106 48406.0
-116.61169497248488 36.76027654957026 48406.6
-116.61167013626032 36.76027641529458 48408.0
-116.61164529212992 36.76027623346417 48409.4
-116.61162046602206 36.76027601314298 48410.1
-116.6115956739102 36.760275776231175 48411.2
-116.61157092537718 36.76027553526868 48412.2
-116.61154621676948 36.76027529625903 48413.1
-116.61152153011956 36.76027506150808 48413.7
-116.61149684439503 36.760274835909605 48414.0
-116.61147215688652 36.76027462503898 48414.8
-116.61144747816348 36.760274429242 48415.4
-116.61142282146994 36.76027425002864 48416.5
-116.61139818733768 36.7602740820412 48418.0
-116.61137357651404 36.76027391886606 48419.4
-116.61134897964716 36.76027375312599 48420.0
-116.61132438202992 36.76027358306873 48419.7
-116.61129977342192 36.76027341837116 48420.1
-116.61127514869388 36.760273274708176 48420.0
-116.61125050754949 36.760273162336944 48420.6
-116.6112258407918 36.76027309693127 48422.0
-116.61120116240242 36.76027308285396 48423.5
-116.6111764913354 36.760273127102806 48425.2
-116.61115183526545 36.760273231661294 48426.4
-116.6111271609179 36.760273394620725 48427.3
-116.6111024405022 36.76027358811047 48428.3
-116.61107766122689 36.76027379450696 48428.4
-116.61105281422856 36.760273995459926 48428.8
-116.61102790872268 36.760274164493794 48429.5
-116.61100297613272 36.76027428694473 48430.2
-116.6109780270229 36.76027435202133 48430.7
-116.61095306397485 36.76027435736543 48430.9
-116.61092811754632 36.760274303026776 48430.2
-116.61090320750534 36.76027421809916 48429.3
-116.61087834508652 36.76027412949838 48429.2
-116.6108535325193 36.76027405599638 48429.6
-116.61082876246869 36.76027401540386 48429.7
-116.61080401754124 36.76027400672367 48430.3
-116.61077929023467 36.76027402045176 48431.2
-116.61075456901288 36.76027404568096 48430.6
-116.610729842461 36.76027407226759 48430.2
-116.61070511026696 36.760274091799566 48431.1
-116.61068038101598 36.76027410420293 48432.5
-116.61065566883364 36.760274115354726 48433.8
-116.6106309802938 36.76027413268247 48434.4
-116.61060630519115 36.760274152245685 48434.7
-116.61058163369876 36.76027416632 48434.4
-116.61055694972744 36.76027416301456 48434.5
-116.61053224863696 36.76027412304125 48434.0
-116.6105075330002 36.76027404254689 48433.3
-116.61048279960664 36.76027392777558 48433.7
-116.61045804470687 36.7602737931711 48434.4
-116.61043326369187 36.760273654964585 48434.4
-116.61040845546104 36.7602735267352 48434.3
-116.61038361753462 36.76027341540777 48434.2
-116.6103587561012 36.760273328961695 48434.3
-116.6103338766957 36.76027328383358 48434.8
-116.6103090030721 36.76027328065406 48435.0
-116.61028416076428 36.760273317986446 48435.4
-116.61025936665904 36.760273384322 48435.8
-116.61023463328216 36.76027345969764 48435.7
-116.61020995277306 36.760273521005125 48435.4
-116.61018531232251 36.76027355615899 48435.5
-116.6101606955564 36.760273562613406 48435.7
-116.6101361054532 36.76027354316783 48436.0
-116.61011153485336 36.76027351587816 48436.2
-116.61008698260876 36.76027349521021 48436.0
-116.61006245285137 36.760273493198405 48435.9
-116.6100379358658 36.7602735219556 48436.2
-116.61001342075076 36.760273580548336 48436.9
-116.6099889075024 36.76027367208283 48437.2
-116.60996440911032 36.76027379841721 48436.8
-116.6099399335133 36.76027396777864 48436.8
-116.60991548866627 36.76027417339844 48437.1
-116.60989108233372 36.76027441132472 48437.4
-116.6098667111482 36.760274676026384 48437.5
-116.6098423531252 36.76027496023061 48437.1
-116.60981798139024 36.76027524497959 48437.3
-116.6097935731716 36.76027551308064 48437.7
-116.60976910683328 36.76027575015828 48437.8
-116.60974457671009 36.760275942270965 48437.6
-116.60971999637968 36.76027609612713 48437.5
-116.60969536843108 36.760276218249686 48437.2
-116.6096706942608 36.76027631288319 48437.5
-116.60964598456935 36.76027637768879 48438.0
-116.6096212573672 36.760276419478494 48438.3
-116.60959651799855 36.76027643656148 48438.5
-116.6095717709164 36.76027642933831 48438.5
-116.6095470314479 36.76027640211142 48438.9
-116.60952230667831 36.76027637076421 48439.1
-116.60949759685607 36.7602763471192 48438.2
-116.6094728896918 36.7602763360706 48437.3
-116.60944815788103 36.76027633377594 48437.3
-116.60942338795392 36.760276328714326 48437.6
-116.6093985693577 36.76027631385477 48437.9
-116.60937369523651 36.76027628514336 48438.2
-116.60934876626662 36.76027623979543 48438.2
-116.60932380139512 36.76027618413052 48438.2
-116.6092988191612 36.76027612460454 48438.3
-116.60927375036856 36.760276072739806 48438.6
-116.60924882893808 36.76027605153582 48438.2
-116.60922397612444 36.760276067407375 48438.3
-116.60919920264588 36.7602761210064 48439.1
-116.60917450424152 36.76027620467166 48439.2
-116.60914985926352 36.76027630614076 48439.1
-116.609125236425 36.7602764081574 48439.1
-116.6091006058984 36.76027650134133 48439.1
-116.60907592932917 36.76027657941855 48439.0
-116.6090511646324 36.7602766354345 48438.8
-116.60902629965072 36.760276675600025 48438.7
-116.609001329104 36.76027670728261 48439.0
-116.6089762822132 36.76027674324308 48439.0
-116.60895123652044 36.76027681432427 48438.6
-116.60892635474336 36.760276948004375 48438.2
-116.60890186656648 36.76027716791108 48438.7
-116.60887808985947 36.7602774821514 48440.0
-116.60885555381536 36.76027787860682 48442.9
-116.60872829751554 36.76019183530651 48445.2
-116.60872972085336 36.760175476481 48449.0
-116.60873136888284 36.76015799712833 48454.8
-116.6087329459364 36.76013933119912 48458.7
-116.60873423210332 36.76011982067016 48462.2
-116.60873509252028 36.760099739549226 48465.7
-116.60873546168511 36.76007949759144 48469.2
-116.6087352498476 36.760059469713006 48472.7
-116.60873462936624 36.76004014566579 48476.0
-116.60873377083396 36.760021948447125 48478.0
-116.60883402097468 36.75993809570041 48475.7
-116.60885295696396 36.75993993588108 48478.5
-116.60887324087363 36.759941760366445 48480.8
-116.60889479245276 36.75994341277482 48481.6
-116.6089174090393 36.75994479529015 48481.5
-116.6089412337698 36.759945807997504 48480.4
-116.60896587079776 36.75994650601273 48479.3
-116.60899111427248 36.7599469245526 48478.6
-116.60901674241632 36.759947108660455 48478.0
-116.60904266591196 36.75994706590396 48478.0
-116.60906865092346 36.7599468636308 48477.4
-116.60909458113645 36.75994653402032 48477.0
-116.60912036976076 36.75994610619091 48477.1
-116.6091459646652 36.759945597361416 48477.2
-116.60917134724215 36.75994505662462 48477.2
-116.60919649789352 36.75994451638872 48476.9
-116.60922142620488 36.759944011172735 48476.6
-116.6092460810078 36.75994359374732 48476.5
-116.60927052971483 36.759943280049455 48476.7
-116.6092948151 36.75994308004692 48476.9
-116.6093190025534 36.7599429883558 48476.6
-116.60934308727856 36.759943003153225 48476.5
-116.6093671283124 36.759943079575336 48476.6
-116.60939114335996 36.7599431879482 48476.5
-116.60941514834076 36.759943304781146 48476.6
-116.60943916939767 36.75994342637767 48476.9
-116.60946321692964 36.759943564934346 48476.8
-116.6094872887719 36.75994373400546 48476.3
-116.60951138426132 36.75994393817312 48475.7
-116.6095354923578 36.75994416877052 48475.7
-116.60955961960872 36.759944399692095 48475.9
-116.60958377139626 36.75994461026966 48475.8
-116.60960793540508 36.75994477929906 48475.5
-116.6096321382114 36.75994487545064 48475.6
-116.60965637027168 36.759944899561205 48475.8
-116.60968062415118 36.75994485077556 48475.3
-116.60970488344624 36.75994472757285 48474.7
-116.6097291806592 36.75994451952145 48474.3
-116.60975350778033 36.75994424818462 48474.4
-116.60977787003166 36.759943934101 48474.0
-116.60980227917088 36.75994360353682 48473.5
-116.60982675000189 36.75994328561897 48473.2
-116.60985127498084 36.759942999794966 48473.1
-116.60987584920366 36.75994275990633 48473.1
-116.60990046665928 36.75994257000363 48472.6
-116.60992508517108 36.75994243627832 48472.2
-116.60994968864884 36.7599423490942 48472.3
-116.60997426851657 36.75994230855661 48472.2
-116.60999882441142 36.759942315872685 48471.8
-116.61002332068053 36.7599423800776 48471.4
-116.61004776103792 36.759942485281535 48471.4
-116.61007213542857 36.759942618810975 48471.3
-116.6100964297658 36.75994276316565 48471.0
-116.61012063741896 36.75994289398636 48470.5
-116.61014479637444 36.75994299393195 48470.1
-116.61016893516047 36.759943056983886 48470.4
-116.61019307475772 36.75994308339076 48470.9
-116.6102172498315 36.75994307688838 48470.6
-116.61024145354293 36.75994304983991 48469.9
-116.61026567091172 36.759943008134606 48469.1
-116.61028987897583 36.75994295345944 48468.9
-116.6103140609522 36.75994288118546 48469.0
-116.61033821524548 36.759942784380456 48468.6
-116.6103623503792 36.75994265036961 48468.4
-116.61038648051664 36.7599424710504 48468.3
-116.61041067083124 36.75994224603974 48468.0
-116.61043494325808 36.75994199899096 48467.5
-116.61045931167176 36.75994174362872 48466.7
-116.6104837765431 36.759941487857176 48465.9
-116.61050833643688 36.75994123736898 48465.2
-116.61053296270217 36.75994099481759 48464.9
-116.61055764135097 36.759940764024506 48464.7
-116.610582359925 36.7599405510208 48463.8
-116.61060708176667 36.75994035766297 48462.4
-116.6106317827337 36.75994016620231 48462.2
-116.6106564499274 36.75993996012953 48462.2
-116.6106810720302 36.759939729310105 48461.9
-116.61070565895712 36.75993946966018 48461.5
-116.61073023203564 36.75993920008105 48460.8
-116.6107548051224 36.759938943073045 48459.8
-116.61077939346292 36.75993871372519 48458.3
-116.61080398680548 36.75993851920548 48457.5
-116.61082858380632 36.759938342682254 48457.4
-116.61085318809384 36.75993817043956 48457.3
-116.61087781061084 36.75993799445396 48456.7
-116.61090246934776 36.7599378156554 48456.0
-116.61092715665202 36.75993765015515 48455.0
-116.610951861301 36.75993751513296 48453.4
-116.61097657951277 36.75993742234987 48452.5
-116.61100127490931 36.75993738467952 48452.3
-116.61102593630112 36.75993739034247 48451.4
-116.61105055576662 36.7599374305894 48450.0
-116.61107512636096 36.75993749234375 48449.0
-116.6110996205336 36.7599375599553 48448.6
-116.61112403289285 36.75993761549001 48448.0
-116.61114834583672 36.759937646734656 48446.7
-116.61117253499486 36.7599376426066 48445.7
-116.61119661097496 36.759937575329005 48445.0
-116.611220615051 36.759937453107945 48444.4
-116.61124457601524 36.75993728882686 48444.0
-116.6112685280974 36.759937103187454 48443.3
-116.61129250471669 36.75993692359192 48442.1
-116.61131651256784 36.75993677776562 48441.4
-116.6113405612926 36.75993669300957 48440.6
-116.61136466995376 36.75993668916985 48438.6
-116.6113888073558 36.75993678193407 48436.6
-116.6114129776552 36.759936945160696 48435.7
-116.61143728468596 36.75993716720705 48435.2
-116.61146154702364 36.75993743420484 48434.4
-116.61148583901596 36.75993773844941 48433.4
-116.61151015890512 36.759938058660296 48432.2
-116.61153450771268 36.75993838005894 48430.9
-116.6115588962938 36.75993869454421 48429.8
-116.61158335366848 36.759939003755285 48428.8
-116.61160788323632 36.75993931481572 48427.8
-116.61163248964938 36.759939627715376 48426.9
-116.61165717105932 36.759939944905184 48425.9
-116.61168192049942 36.75994026531075 48424.4
-116.61170671541883 36.759940585291375 48423.0
-116.61173154861864 36.75994090470984 48421.7
-116.61175642150468 36.759941221260895 48420.4
-116.6117813527906 36.75994153461377 48419.3
-116.61180634575553 36.7599418452396 48418.6
-116.61183140400968 36.7599421555106 48417.7
-116.61185650849008 36.759942461405146 48416.4
-116.61188163179824 36.75994275490677 48414.8
-116.6119067346128 36.75994303522679 48413.3
-116.6119317889674 36.75994330838503 48412.2
-116.61195677979784 36.759943580495225 48411.1
-116.61198168985716 36.75994385540213 48410.1
-116.61200653399943 36.7599441304138 48408.8
-116.61203132226932 36.75994440147292 48407.0
-116.61205606420464 36.75994466053097 48405.7
-116.61208079063748 36.75994489181216 48405.0
-116.61210551900255 36.75994509391808 48404.1
-116.61213025710823 36.75994526756096 48403.0
-116.61215500195112 36.75994541885467 48401.8
-116.61217975927012 36.75994554729449 48400.6
-116.61220451102436 36.759945658079374 48399.1
-116.61222925405716 36.75994575090821 48397.8
-116.61225398721923 36.759945824225206 48397.1
-116.61227873863147 36.75994587146226 48396.3
-116.61230351676672 36.759945898636445 48395.1
-116.61232832960924 36.75994590417582 48394.0
-116.61235317579592 36.75994588568889 48392.8
-116.61237807551386 36.75994583857812 48391.6
-116.61240301149007 36.75994577194396 48390.4
-116.61242797559837 36.75994569343136 48389.2
-116.6124529518676 36.75994560794945 48388.4
-116.61247792920209 36.759945515907646 48387.4
-116.61250289937524 36.759945420922286 48386.4
-116.61252786232728 36.75994532820605 48385.3
-116.61255283065216 36.75994524447541 48384.1
-116.61257780928136 36.75994518161584 48383.4
-116.61260280885476 36.75994513968183 48382.4
-116.6126278361574 36.75994511849452 48381.3
-116.61265289385445 36.759945116868 48380.8
-116.61267795834344 36.75994514379972 48380.6
-116.61270299990392 36.75994519176546 48379.5
-116.6127279832816 36.75994524872743 48378.1
-116.61275289321368 36.759945314562366 48377.0
-116.6127777057533 36.75994540134676 48376.2
-116.61280245715676 36.75994550697598 48375.7
-116.61282716796649 36.75994562300141 48375.5
-116.61285185367689 36.75994573465143 48374.9
-116.61287653040516 36.75994584320343 48374.3
-116.61290121001544 36.75994596642584 48373.1
-116.61292590403988 36.75994612251923 48372.3
-116.61295063955912 36.759946320983694 48372.4
-116.61297541548652 36.75994657557679 48372.0
-116.61300024472315 36.75994687219968 48371.8
-116.6130251294405 36.75994719582898 48371.8
-116.61305006660147 36.759947531302686 48371.7
-116.61307505224836 36.75994786475013 48371.6
-116.61310006178655 36.75994818809584 48371.5
-116.61312507536783 36.759948500197424 48370.5
-116.6131500631146 36.75994879711812 48370.0
-116.61317500756904 36.75994906888735 48370.8
-116.61319989413012 36.75994932091067 48371.1
-116.61322471099685 36.75994955959796 48370.6
-116.61324945655387 36.759949793620194 48370.7
-116.61327412775395 36.759950034516734 48370.6
-116.61329875860262 36.75995028343761 48371.0
-116.61332338053964 36.75995053157468 48371.4
-116.6133480243444 36.759950766657454 48371.3
-116.61337275158166 36.759950972593806 48371.1
-116.61339758116176 36.7599511456541 48371.9
-116.61342253375564 36.75995128807532 48372.9
-116.61344761510348 36.75995141249617 48373.0
-116.6134728291902 36.75995154373521 48372.7
-116.6134981180738 36.759951701364656 48372.9
-116.61352342073285 36.75995189796708 48373.5
-116.61354865261517 36.75995213816832 48374.2
-116.61357357510448 36.759952418795294 48375.5
-116.61359798426184 36.7599527026398 48376.1
-116.61362157967606 36.75995293779618 48375.6
-116.613644023164 36.759953038074926 48374.9
-116.61374608773812 36.759838350913526 48401.0
-116.6137423827494 36.75982068983557 48402.2
-116.61373881564003 36.7598022366242 48403.1
-116.6137355457202 36.75978320138265 48403.6
-116.61373270275683 36.75976382232837 48404.8
-116.6137302376474 36.75974472531024 48406.3
-116.61372800229668 36.75972627603718 48406.8
-116.61358353360777 36.759638022622966 48409.7
-116.61356242839943 36.75964041566719 48410.2
-116.61354010368083 36.75964269971698 48409.0
-116.61351668465366 36.759644791162295 48408.3
-116.61349232114516 36.75964664793885 48407.2
-116.61346707422344 36.75964824225959 48406.9
-116.61344143575656 36.75964961258782 48407.6
-116.613415608793 36.75965081228945 48408.8
-116.61338984243908 36.75965187882748 48409.6
-116.61336443052606 36.759652847013385 48408.8
-116.6133396062092 36.759653766850654 48408.7
-116.61331549972392 36.7596546629912 48410.1
-116.61329220411068 36.759655535598014 48411.3
-116.61326982263084 36.75965635820141 48411.6
-116.61324817962291 36.7596570989961 48410.3
-116.61322706838432 36.75965772783041 48408.7
-116.61320628517112 36.759658215878346 48407.9
-116.6131855602315 36.759658528127055 48406.9
-116.61316476966373 36.759658675114366 48405.7
-116.61314370529948 36.75965868542914 48405.8
-116.613122243949 36.759658584960896 48406.2
-116.61310021337692 36.75965839447848 48406.5
-116.6130776531284 36.75965815167403 48406.6
-116.61305456316576 36.75965788533608 48406.9
-116.61303098316807 36.75965761699016 48407.7
-116.6130069468341 36.75965736690837 48408.9
-116.61298258029258 36.759657156268574 48410.2
-116.61295798062012 36.75965700098679 48410.0
-116.61293321449384 36.75965690975998 48409.9
-116.6129083450824 36.75965689382431 48409.7
-116.61288340211216 36.75965694833469 48410.2
-116.6128584399009 36.75965705901047 48410.8
-116.61283348445735 36.759657203583785 48410.8
-116.6128085711378 36.75965736132213 48411.6
-116.61278372996382 36.75965751835061 48412.6
-116.6127589746872 36.75965766988433 48413.4
-116.61273419944668 36.75965780950845 48413.9
-116.61270957513632 36.759657919161846 48414.4
-116.61268499674053 36.75965798273835 48414.9
-116.612660446996 36.75965799105843 48415.3
-116.6126359166108 36.75965793702552 48416.3
-116.61261137674516 36.75965780830563 48417.4
-116.61258686085398 36.75965761525652 48418.5
-116.61256235457628 36.75965738120273 48419.2
-116.6125378621185 36.75965713223648 48420.2
-116.61251339246236 36.75965689558855 48421.4
-116.61248892446795 36.7596566856254 48422.7
-116.61246444874288 36.75965650642589 48424.0
-116.6124399520449 36.75965636091294 48425.1
-116.61241542251926 36.75965625258764 48425.7
-116.61239083845916 36.75965617183079 48427.0
-116.612366209733 36.75965610952292 48428.5
-116.61234154206282 36.759656060372 48429.4
-116.6123168424082 36.75965602053859 48429.8
-116.61229212452572 36.75965598999556 48431.0
-116.61226740603452 36.75965597173232 48432.8
-116.61224270656244 36.759655972090975 48434.7
-116.6122180653583 36.7596560057951 48436.1
-116.61219347859397 36.7596560792741 48437.2
-116.61216896166952 36.75965619215024 48438.7
-116.61214451748488 36.75965634005807 48440.3
-116.61212014260468 36.759656513601776 48441.5
-116.61209579481184 36.75965669021304 48442.3
-116.61207145158156 36.759656848596926 48443.7
-116.6120470891083 36.759656973325946 48444.7
-116.61202266581188 36.75965704428678 48445.7
-116.61199820785656 36.75965705464097 48447.5
-116.61197371055682 36.759657009114726 48449.3
-116.61194918406822 36.75965692207904 48450.1
-116.61192463450335 36.75965681268466 48451.6
-116.61190007082912 36.75965670234092 48453.8
-116.6118754794228 36.759656596849794 48454.5
-116.61185084933348 36.759656494530525 48455.5
-116.61182616574432 36.7596563910551 48456.5
-116.61180143889082 36.75965628577608 48457.5
-116.61177667583416 36.759656184287806 48459.1
-116.61175188987154 36.759656093382326 48460.8
-116.611727114846 36.75965602384406 48462.7
-116.61170236305652 36.759655975092606 48465.2
-116.6116776559094 36.75965593972296 48467.1
-116.6116530084842 36.75965591084472 48468.6
-116.61162844310527 36.75965588200766 48470.6
-116.6116039645858 36.75965585116137 48472.4
-116.61157957355968 36.75965581791832 48473.8
-116.61155526161546 36.75965578360232 48474.9
-116.61153101706536 36.75965574755215 48476.3
-116.61150680871162 36.75965570564154 48477.7
-116.61148261019592 36.759655655591416 48479.1
-116.61145839851793 36.759655599965534 48480.6
-116.61143414893064 36.7596555448298 48482.1
-116.61140984790896 36.75965549439795 48483.8
-116.61138548915608 36.759655444804366 48485.3
-116.6113610662894 36.7596553873772 48486.8
-116.6113365625202 36.75965530674908 48488.3
-116.61131200938313 36.75965519125412 48489.1
-116.6112874124994 36.75965503499658 48490.7
-116.61126278085986 36.75965483682857 48492.2
-116.61123811089708 36.75965459480231 48493.6
-116.61121343265452 36.75965431929208 48495.9
-116.61118874113632 36.75965402060548 48497.9
-116.61116404290682 36.75965370734928 48499.0
-116.61113934522632 36.75965338739661 48500.0
-116.611114657067 36.75965307019342 48500.8
-116.61108998896115 36.75965276560027 48500.9
-116.61106534736145 36.75965249110087 48501.3
-116.61104074434648 36.75965227003044 48502.3
-116.61101613923208 36.7596521091831 48503.3
-116.61099152846172 36.759652005931365 48504.9
-116.61096689909851 36.75965195732446 48506.1
-116.61094225228396 36.75965196269316 48506.9
-116.61091756700316 36.75965200685837 48508.6
-116.6108928633914 36.7596520764828 48510.1
-116.61086815229449 36.759652162484144 48511.2
-116.61084345153272 36.75965225476232 48512.1
-116.61081877091976 36.759652342720514 48512.7
-116.61079411217248 36.759652418347606 48513.6
-116.61076947090714 36.75965247584892 48514.6
-116.61074483812644 36.75965251054761 48515.7
-116.6107202183058 36.759652526626006 48516.7
-116.61069560149365 36.75965252967256 48517.4
-116.61067098012316 36.759652525651646 48518.2
-116.61064634948268 36.75965252277327 48519.1
-116.61062170320749 36.75965252958605 48520.2
-116.61059703980412 36.75965254709522 48521.1
-116.61057235845024 36.75965256981439 48521.6
-116.61054765630276 36.75965258807036 48522.6
-116.61052294843756 36.75965259326033 48523.8
-116.6104982443591 36.75965258423375 48525.2
-116.61047355048242 36.75965256198232 48525.8
-116.61044886425393 36.75965252429646 48526.1
-116.61042418735092 36.75965247138044 48527.0
-116.6103995129022 36.75965240479188 48527.7
-116.61037484326052 36.759652329424895 48528.8
-116.61035018583208 36.75965225255053 48530.4
-116.61032554072028 36.75965217789459 48531.5
-116.610300902928 36.75965210690699 48532.3
-116.61027626287436 36.75965203952316 48533.1
-116.61025161252913 36.75965197282608 48533.6
-116.61022695132304 36.759651904554254 48533.8
-116.61020227921288 36.75965183458069 48534.3
-116.61017759652708 36.75965176212329 48535.4
-116.61015290727218 36.75965168866533 48535.7
-116.61012821217606 36.75965161581643 48536.2
-116.61010350586804 36.75965154404424 48536.5
-116.61007877565208 36.75965147106115 48536.9
-116.61005399432504 36.759651394601605 48537.2
-116.61002915243014 36.759651314698914 48537.6
-116.6100042503952 36.75965122663963 48538.0
-116.60997930311842 36.7596511290646 48538.4
-116.60995433913716 36.75965102879575 48538.8
-116.60992939124232 36.75965094146191 48540.0
-116.6099044820372 36.75965088530883 48541.5
-116.60987962532651 36.75965087251064 48542.0
-116.60985483749268 36.75965091304057 48541.8
-116.60983007544635 36.75965099815708 48541.7
-116.60980534217066 36.759651113624486 48542.2
-116.60978063136976 36.75965124572391 48542.2
-116.60975593788282 36.759651376214926 48542.5
-116.60973126543357 36.75965148396668 48543.4
-116.60970661469888 36.759651553392864 48543.9
-116.60968198825825 36.75965157556501 48543.6
-116.60965737831177 36.75965154435748 48544.1
-116.60963280687872 36.75965147239995 48545.4
-116.60960825886605 36.75965137639683 48546.3
-116.6095837305018 36.75965127125048 48546.0
-116.60955921738343 36.759651168604776 48546.4
-116.60953470705556 36.759651075578056 48547.2
-116.60951019263888 36.75965099311408 48547.4
-116.60948566675496 36.75965092143604 48547.3
-116.60946112011534 36.75965085941118 48547.6
-116.6094365487122 36.75965080199149 48548.0
-116.6094119587596 36.75965074662216 48548.6
-116.6093873560252 36.759650691576674 48549.2
-116.6093627501655 36.759650633175966 48549.2
-116.60933815115564 36.75965056833798 48549.1
-116.60931355451773 36.7596504911832 48548.9
-116.60928894958025 36.75965039875632 48548.8
-116.60926430803464 36.75965029357497 48549.1
-116.60923961569216 36.75965018857991 48549.4
-116.6092148663409 36.75965009791911 48549.5
-116.6091900666961 36.75965003327808 48549.5
-116.60916523145312 36.75965000299294 48550.0
-116.6091403577938 36.75965000048783 48550.5
-116.60911546024248 36.759650017249015 48550.2
-116.60909053840012 36.759650048634015 48550.3
-116.60906558309534 36.75965009297728 48550.2
-116.60904058168984 36.75965014642704 48550.2
-116.6090155341316 36.7596502065179 48549.9
-116.6089904478086 36.7596502746954 48549.9
-116.60896536647284 36.759650361312126 48550.2
-116.60894035463512 36.759650480681934 48550.2
-116.60891553378568 36.75965064661591 48550.4
-116.60889108360016 36.759650872794815 48550.6
-116.60886739295889 36.75965117042295 48550.8
-116.6088447048644 36.75965150960879 48552.6
-116.60870910914365 36.75952972364056 48563.5
-116.60871076683844 36.759511496638574 48572.0
-116.60871214498056 36.759492356359054 48575.3
-116.60871312248484 36.759472533937625 48578.8
-116.6087136614656 36.759452452081504 48582.6
-116.60871378565624 36.75943253140304 48586.4
-116.60871356605352 36.75941341916626 48588.6
-116.6088604769502 36.75931178453449 48592.2
-116.60888201899915 36.7593134973005 48597.5
-116.60890455906582 36.75931503661342 48596.4
-116.60892795564172 36.75931627392075 48596.0
-116.608952142254 36.759317194628366 48596.1
-116.60897688235868 36.75931780630752 48596.2
-116.60900205659618 36.75931814370292 48595.9
-116.60902752769658 36.7593182434145 48595.5
-116.60905320228484 36.7593181991334 48594.5
-116.60907888807373 36.75931807575732 48593.2
-116.60910447783422 36.75931791557191 48592.2
-116.60912986207316 36.75931774231263 48591.7
-116.60915502063544 36.759317564210775 48592.0
-116.60917995262704 36.75931737637134 48592.5
-116.60920467371008 36.7593171765102 48592.3
-116.60922918277376 36.759316961476806 48591.4
-116.6092535476308 36.75931672388106 48590.9
-116.60927780966924 36.759316465015566 48590.9
-116.60930200497472 36.75931619723819 48589.9
-116.60932617604595 36.759315947082335 48589.1
-116.60935033590438 36.75931573839164 48588.4
-116.6093745028272 36.75931557993624 48588.2
-116.6093986818412 36.75931546488573 48588.0
-116.60942287442651 36.75931537231499 48587.7
-116.60944707402024 36.75931527483403 48587.7
-116.60947128489748 36.759315159676206 48587.5
-116.60949550800252 36.75931501986211 48587.0
-116.60951974761758 36.75931485747109 48586.6
-116.60954401071174 36.7593146883754 48586.3
-116.60956828116252 36.759314526693714 48585.2
-116.60959254021029 36.75931437934782 48584.1
-116.60961676552829 36.75931424574742 48583.7
-116.60964094222037 36.75931411729525 48583.5
-116.60966507268785 36.759313989456885 48583.2
-116.60968916582736 36.75931386282977 48582.5
-116.60971324397572 36.75931373961513 48581.6
-116.6097373360579 36.75931361946852 48581.0
-116.60976145981611 36.7593135023131 48581.1
-116.60978561830734 36.75931338861481 48580.9
-116.60980979987112 36.75931328057232 48580.2
-116.60983397932092 36.759313183647016 48579.5
-116.60985814102834 36.759313109488495 48578.5
-116.6098822760908 36.759313067832814 48577.6
-116.60990639343328 36.75931306523322 48577.4
-116.60993049823811 36.75931309422053 48577.2
-116.6099546323777 36.75931314628368 48576.7
-116.60997882577578 36.75931321212856 48575.7
-116.61000310865228 36.75931327719415 48575.0
-116.61002748765172 36.759313330576674 48574.4
-116.6100519533204 36.7593133691224 48573.8
-116.61007648450548 36.7593133913762 48573.1
-116.61010105594151 36.75931339318457 48572.3
-116.61012566167004 36.759313374344416 48571.4
-116.61015029594628 36.75931333238304 48570.8
-116.61017496128709 36.75931326799487 48570.1
-116.61019964986036 36.759313186693696 48569.1
-116.6102243397818 36.75931309965545 48568.4
-116.61024901537 36.75931301364302 48567.4
-116.61027367657547 36.75931293247733 48566.5
-116.61029832835736 36.75931285806005 48565.8
-116.61032297013168 36.75931279264871 48564.7
-116.61034759692656 36.75931274104656 48563.7
-116.61037219786844 36.75931270109838 48562.8
-116.61039674658208 36.75931264887663 48562.2
-116.61042124685072 36.75931255863739 48561.1
-116.61044569945788 36.75931241329949 48559.9
-116.61047012720924 36.75931221024805 48558.9
-116.61049455499332 36.75931195536084 48557.8
-116.61051902883516 36.75931167099724 48557.0
-116.61054354066984 36.75931136939075 48556.4
-116.61056808190992 36.75931105129565 48555.0
-116.61059264366529 36.75931072010054 48553.7
-116.61061721677892 36.75931038932329 48553.0
-116.61064178533186 36.75931007869495 48551.8
-116.61066633673516 36.75930981513014 48550.3
-116.61069087931185 36.75930964020568 48548.8
-116.6107153494156 36.75930956411374 48546.7
-116.6107397531282 36.75930957931492 48545.2
-116.61076408285903 36.759309669221054 48544.9
-116.61078836116876 36.75930981803968 48544.7
-116.6108126009826 36.759310004147714 48543.4
-116.61083683595116 36.759310220052896 48541.6
-116.61086107654415 36.75931046564626 48540.2
-116.61088533796617 36.75931074581322 48539.4
-116.61090960705172 36.75931105921628 48538.0
-116.6109338992001 36.75931140632247 48535.6
-116.61095823123804 36.75931177965376 48534.4
-116.6109826290276 36.759312153729 48533.5
-116.61100710787512 36.75931249512481 48532.4
-116.6110316556039 36.75931277209709 48531.2
-116.61105624167372 36.75931295809475 48529.3
-116.61108080264196 36.75931302323424 48527.3
-116.61110538068192 36.75931297212024 48526.5
-116.61112994260183 36.759312821480485 48525.2
-116.61115448956478 36.759312602711695 48522.5
-116.61117903063544 36.759312360709934 48520.2
-116.61120358110244 36.759312136010905 48518.4
-116.61122814413685 36.75931194549714 48516.7
-116.61125272148324 36.759311793238815 48515.2
-116.61127732227564 36.759311682467946 48513.7
-116.61130192994396 36.75931160394684 48512.5
-116.61132656031668 36.75931156357407 48511.4
-116.61135121035792 36.75931157808457 48508.7
-116.61137588190508 36.75931166498838 48506.5
-116.61140052635676 36.75931180630628 48505.4
-116.611425149971 36.75931198094468 48504.0
-116.6114497361808 36.75931216963625 48502.1
-116.6114742461214 36.75931233907723 48500.4
-116.61149869628908 36.759312456170846 48498.8
-116.61152309255893 36.759312504676096 48497.0
-116.611547456814 36.75931248257251 48495.2
-116.61157179381318 36.75931239423658 48493.9
-116.6115961429656 36.7593122642086 48492.2
-116.61162048791608 36.759312113634 48490.0
-116.61164482460092 36.759311959048205 48487.5
-116.61166915339425 36.75931181405568 48485.1
-116.61169347344249 36.75931168160618 48483.6
-116.61171779795436 36.759311555198025 48482.8
-116.61174212091171 36.759311426282274 48481.4
-116.61176640634557 36.75931128697138 48479.3
-116.61179063477906 36.75931112573854 48477.4
-116.61181479439486 36.75931092754711 48475.9
-116.61183888429557 36.75931068125393 48474.2
-116.61186288794124 36.75931038447633 48472.5
-116.6118869317242 36.75931005483398 48470.7
-116.6119108117771 36.75930971633636 48468.6
-116.61193462728262 36.75930938337951 48466.7
-116.61195838282758 36.75930906711345 48464.7
-116.61198208743647 36.75930876931918 48463.1
-116.61200576508767 36.759308487984576 48461.7
-116.61202943455388 36.75930822717784 48459.9
-116.6120531213032 36.759307993875 48458.5
-116.61207682401896 36.759307792188096 48457.2
-116.6121005517452 36.75930763160677 48455.7
-116.61212429924024 36.75930752325858 48454.1
-116.612148075986 36.7593074790653 48452.6
-116.6121718479276 36.75930748224081 48451.2
-116.6121956289751 36.759307514682405 48449.7
-116.61221941063204 36.75930755537477 48448.1
-116.61224318287084 36.7593075820576 48446.5
-116.6122669583916 36.759307580259005 48445.7
-116.61229072706904 36.75930754483527 48444.2
-116.61231447258864 36.75930747222343 48442.6
-116.61233817596708 36.759307357778 48441.1
-116.61236186333174 36.759307206518365 48439.8
-116.61238552244237 36.759307024261865 48438.9
-116.61240914791908 36.759306819494846 48437.7
-116.61243272837712 36.759306609149085 48436.0
-116.61245626053343 36.759306413295455 48434.5
-116.61247974661212 36.75930624799023 48433.0
-116.61250319368467 36.759306127795725 48431.6
-116.61252661546776 36.75930606597307 48430.5
-116.61254999271696 36.75930605430894 48429.8
-116.61257334523356 36.75930608170497 48428.8
-116.612596678384 36.7593061346816 48427.7
-116.61261999928716 36.75930619907008 48426.9
-116.61264331848632 36.75930626493992 48426.0
-116.61266664344346 36.75930632919604 48424.6
-116.6126899692833 36.75930639024497 48423.4
-116.61271328250172 36.759306443968285 48422.5
-116.61273658785956 36.75930648943949 48421.9
-116.6127598979822 36.75930652909016 48421.3
-116.612783230376 36.75930656768859 48420.7
-116.61280661271948 36.759306606536704 48419.9
-116.612830063657 36.75930664204014 48419.3
-116.6128535948286 36.75930667118956 48418.6
-116.61287720876211 36.75930669018543 48418.1
-116.61290090717632 36.75930669680941 48417.8
-116.61292467214116 36.75930669742316 48417.1
-116.61294848036152 36.7593066994716 48416.4
-116.6129723094322 36.759306706624336 48416.0
-116.612996126931 36.7593067193514 48415.8
-116.61301991105746 36.75930673377757 48415.6
-116.61304365733194 36.75930674970383 48415.4
-116.61306736774982 36.75930676979901 48415.2
-116.61309104148656 36.7593068006631 48414.9
-116.61311467186816 36.75930684831104 48414.5
-116.61313826225232 36.75930691772363 48414.2
-116.6131618130146 36.75930701157465 48414.1
-116.61318532619576 36.75930712814174 48413.5
-116.61320880263152 36.75930725102042 48413.3
-116.61323225664236 36.7593073676305 48413.8
-116.61325569667645 36.75930747156142 48414.3
-116.61327912506664 36.759307558920725 48414.5
-116.61330255519682 36.75930762826757 48414.4
-116.6133259867788 36.75930767512747 48414.1
-116.61334942180476 36.75930769427668 48414.6
-116.6133728675893 36.75930767924592 48414.8
-116.61339635727133 36.75930763614552 48414.9
-116.61341989781522 36.75930757249432 48415.5
-116.61344350397624 36.75930749418568 48416.2
-116.61346721015678 36.75930741704938 48416.7
-116.61349100688452 36.75930737208303 48417.1
-116.6135148623414 36.75930738713592 48417.4
-116.61353869673424 36.7593074791131 48417.5
-116.6135623323577 36.75930765131076 48417.7
-116.61358549132744 36.75930785886021 48418.3
-116.61360790992008 36.759308032061135 48418.9
-116.61374217060172 36.75920609459804 48442.2
-116.61373919387964 36.75918978062959 48447.7
-116.61373594614716 36.75917246480559 48447.9
-116.6137326920883 36.75915440868461 48448.5
-116.61372960107096 36.75913584802148 48449.1
-116.61372679414478 36.75911709259648 48448.9
-116.61372424352705 36.75909871852138 48447.2
-116.61357934291696 36.75899812562498 48452.7
-116.61355877688077 36.75900054294857 48455.3
-116.61353683931188 36.75900291616024 48454.7
-116.61351393498867 36.75900513597769 48454.7
-116.6134901826604 36.75900717895804 48454.2
-116.61346574888545 36.759009040128994 48455.0
-116.6134407309702 36.75901071478587 48456.2
-116.61341550501392 36.759012225751135 48456.8
-116.6133902157984 36.75901359720089 48456.0
-116.61336503517232 36.75901483946892 48454.7
-116.61334014735112 36.75901594449085 48454.2
-116.61331571585282 36.75901692680639 48454.1
-116.6132917940632 36.7590177933562 48454.4
-116.61326843141916 36.75901854154671 48454.3
-116.6132456664943 36.75901914661482 48453.8
-116.61322342874315 36.75901960634977 48453.4
-116.61320156862126 36.75901991648603 48452.8
-116.6131799543599 36.75902007155812 48451.5
-116.61315838984896 36.75902005697968 48450.7
-116.61313678660308 36.75901990090465 48450.3
-116.61311496393904 36.75901962894173 48450.2
-116.61309281482508 36.75901926435903 48450.4
-116.61307019054848 36.75901883166902 48451.7
-116.6130471228208 36.75901836596211 48452.3
-116.6130236215214 36.7590178926216 48452.3
-116.61299973692182 36.75901743340492 48452.7
-116.61297553265264 36.75901701320544 48453.4
-116.61295111914036 36.75901664788613 48453.8
-116.61292658876546 36.7590163512731 48453.9
-116.6129019988345 36.75901613485088 48454.6
-116.61287740415732 36.75901601215336 48455.5
-116.61285278320769 36.75901597115323 48456.1
-116.61282816800968 36.75901600199322 48456.8
-116.6128035664226 36.75901609803448 48457.6
-116.61277900375208 36.75901625242855 48458.3
-116.61275446806448 36.75901644300375 48458.4
-116.6127299821654 36.75901665264195 48458.9
-116.61270555021244 36.75901686709672 48459.8
-116.612681173947 36.759017070905045 48460.6
-116.61265684410456 36.75901725851381 48461.7
-116.61263253425103 36.75901743205769 48462.6
-116.61260821750884 36.75901759497044 48463.4
-116.6125838669262 36.7590177541422 48464.6
-116.61255947473084 36.759017915099534 48465.8
-116.61253504182147 36.75901807443452 48466.6
-116.61251057784652 36.75901822313297 48467.6
-116.61248608990635 36.759018344723344 48468.3
-116.61246160932431 36.75901843290973 48468.8
-116.61243713450553 36.75901848659808 48469.8
-116.61241266699916 36.7590185092755 48471.3
-116.6123881084092 36.75901850576192 48472.4
-116.61236366477574 36.75901848941713 48473.7
-116.61233923257156 36.75901847060409 48476.0
-116.6123148166215 36.759018454168206 48478.5
-116.61229042929509 36.759018441982086 48479.8
-116.61226606657992 36.75901843722016 48481.0
-116.61224172684057 36.75901844352332 48482.7
-116.6122174076998 36.75901846643425 48484.8
-116.61219311371066 36.75901851151572 48486.4
-116.61216882610708 36.7590185751222 48487.6
-116.61214454745296 36.75901865111284 48488.8
-116.61212027269212 36.75901873304068 48490.1
-116.61209599358456 36.75901881411812 48491.9
-116.61207170186928 36.75901888674024 48494.0
-116.61204739129909 36.759018942143314 48495.5
-116.61202305897196 36.75901897153492 48497.1
-116.61199869719375 36.75901896378668 48498.9
-116.61197433074724 36.75901892030389 48500.8
-116.61194995075596 36.75901884567588 48503.3
-116.61192555164077 36.75901874596742 48506.0
-116.61190112160384 36.759018627657504 48507.8
-116.61187666296452 36.75901850054769 48508.7
-116.61185217025604 36.75901836923439 48510.7
-116.6118276437098 36.75901823676288 48513.4
-116.61180308580457 36.75901810739224 48515.6
-116.61177851120196 36.759017986190045 48517.4
-116.61175393715617 36.75901788099928 48519.5
-116.61172937727332 36.75901779938543 48522.4
-116.6117048480734 36.75901774760397 48525.6
-116.61168033352152 36.75901771931524 48528.2
-116.61165583881508 36.75901770100796 48530.6
-116.61163136452971 36.75901767613381 48532.5
-116.61160690714584 36.75901762418522 48533.9
-116.61158248464405 36.75901753413065 48535.5
-116.61155809221036 36.75901740592582 48537.6
-116.6115337286774 36.759017247468975 48539.0
-116.611509391136 36.75901707701173 48540.5
-116.61148506542548 36.759016919001695 48542.2
-116.61146073790964 36.75901679876896 48544.1
-116.61143639495786 36.75901674041568 48546.0
-116.61141202912648 36.759016763676776 48548.6
-116.61138759007984 36.75901685218695 48551.0
-116.61136309366616 36.759016985860605 48553.3
-116.6113385455998 36.75901714462994 48555.5
-116.61131395849748 36.75901730755122 48557.7
-116.611289369389 36.75901745599622 48560.0
-116.61126480541628 36.75901758033925 48561.9
-116.61124028488248 36.75901767548434 48563.9
-116.61121582177704 36.75901773717099 48565.5
-116.6111914307102 36.759017778700965 48567.1
-116.61116710003068 36.75901781551009 48569.1
-116.61114282197664 36.759017855635264 48571.6
-116.6111185915302 36.7590179004079 48573.8
-116.61109438963229 36.75901794997117 48575.8
-116.6110702028626 36.75901800397909 48577.8
-116.61104601179056 36.759018059319374 48579.8
-116.61102178113872 36.75901810543964 48581.5
-116.61099749765944 36.75901813252511 48583.1
-116.61097314263012 36.7590181371343 48585.0
-116.6109487072939 36.75901811963036 48586.5
-116.61092418232164 36.75901808310481 48587.6
-116.61089960490467 36.75901803930191 48589.4
-116.6108749993088 36.759017996877006 48591.0
-116.61085039065492 36.759017961014656 48592.8
-116.61082579968964 36.75901793209864 48594.7
-116.610801230162 36.759017906378006 48596.4
-116.610776686571 36.75901788386624 48597.8
-116.61075216961444 36.759017863975984 48599.1
-116.61072767936936 36.759017846599136 48600.6
-116.61070320620044 36.75901783254852 48602.5
-116.61067874203894 36.75901782215066 48604.6
-116.61065428114809 36.7590178106808 48606.5
-116.6106298118898 36.759017785469325 48608.5
-116.610605333715 36.75901773089517 48610.2
-116.61058083566417 36.759017632356766 48611.3
-116.61055631011088 36.75901748218999 48612.5
-116.61053173691188 36.759017280655534 48614.1
-116.61050713623769 36.75901706037287 48615.8
-116.61048249490288 36.75901685791304 48617.2
-116.6104578148866 36.75901670497801 48618.4
-116.61043312610164 36.759016631756346 48620.2
-116.61040841278856 36.75901663552589 48621.9
-116.61038371111655 36.75901670441191 48622.9
-116.61035903272403 36.759016821118166 48624.2
-116.61033438775162 36.75901696778672 48625.3
-116.61030975832576 36.75901712299413 48626.6
-116.61028514551248 36.759017276001366 48628.7
-116.61026054587391 36.75901742138339 48630.4
-116.61023594192588 36.759017548450245 48631.5
-116.61021132594476 36.75901764739002 48632.2
-116.61018668202055 36.75901771127059 48633.3
-116.61016200426695 36.75901773592937 48634.4
-116.61013728576914 36.75901771857146 48635.3
-116.61011255979705 36.7590176745274 48636.1
-116.61008782946725 36.75901762152322 48636.8
-116.6100631072516 36.75901757456189 48638.3
-116.61003841582294 36.7590175491467 48640.4
-116.61001374717613 36.75901755558768 48641.3
-116.60998910623448 36.75901760118412 48641.9
-116.60996449429184 36.75901768613949 48643.2
-116.60993991414767 36.75901780268527 48644.9
-116.60991534008224 36.75901792760625 48645.7
-116.609890769017 36.7590180423986 48645.4
-116.60986619383584 36.75901813896585 48645.6
-116.60984160215692 36.75901821629176 48647.2
-116.60981699630806 36.759018282383074 48648.4
-116.60979236579448 36.759018343617065 48649.6
-116.60976770574888 36.75901840289273 48650.5
-116.6097430077138 36.75901845643465 48651.0
-116.6097182818855 36.75901850014328 48651.9
-116.60969353240148 36.75901853463115 48653.0
-116.60966876760864 36.75901856282627 48654.5
-116.60964400340691 36.75901858892806 48656.1
-116.6096192515234 36.75901861554764 48656.9
-116.60959451744594 36.75901863773668 48657.1
-116.6095698003638 36.75901864766113 48657.1
-116.60954508681236 36.75901862915793 48657.0
-116.60952038172016 36.759018573757125 48656.7
-116.6094956711606 36.75901848072289 48657.4
-116.60947095245244 36.75901835940077 48658.7
-116.60944622787808 36.75901822600999 48659.6
-116.60942150472616 36.759018102261535 48660.0
-116.60939678552585 36.759018001432864 48660.2
-116.609372071186 36.759017926685736 48660.6
-116.60934736092617 36.75901787194824 48661.2
-116.60932264400748 36.75901782206448 48661.5
-116.60929792237025 36.759017765812885 48661.6
-116.6092731964374 36.75901769932258 48661.8
-116.60924846726148 36.75901762750335 48662.2
-116.60922373545174 36.75901755844256 48662.6
-116.60919900254916 36.75901749586632 48663.1
-116.6091742759834 36.75901744325035 48663.6
-116.60914957490743 36.75901740324289 48664.7
-116.6091248992851 36.759017372567584 48665.7
-116.60910024388603 36.759017348153314 48665.2
-116.60907559068136 36.75901732806144 48664.1
-116.60905091374542 36.75901731916808 48663.9
-116.60902618200286 36.75901733206698 48664.7
-116.60900138244872 36.759017379933205 48664.8
-116.60897651856568 36.75901747884782 48664.3
-116.60895163949216 36.75901765003036 48664.2
-116.60892679942272 36.75901789267706 48664.9
-116.60890214512789 36.75901819749678 48664.6
-116.60887787101612 36.759018548895966 48663.8
-116.60885438572556 36.75901892030086 48664.0
-116.60870180809448 36.75891025014494 48670.1
-116.60870334725932 36.758892576236526 48682.7
-116.60870479206544 36.75887401672031 48685.7
-116.60870592674976 36.75885469392944 48688.9
-116.60870667779068 36.758834884283 48692.4
-116.60870702499103 36.75881498583815 48695.7
-116.60870699792066 36.758795364905424 48698.8
-116.60883099289012 36.7586772263024 48702.4
-116.60885149942328 36.75867860133168 48706.4
-116.60887317565926 36.75867979119037 48706.8
-116.60889585519236 36.75868073966515 48705.8
-116.60891936563527 36.75868140069207 48704.4
-116.60894357637278 36.75868182017761 48703.4
-116.60896823426782 36.75868204866558 48702.7
-116.60899322821705 36.75868212841026 48702.5
-116.60901848340636 36.758682088854094 48702.1
-116.60904395164432 36.75868197108746 48701.7
-116.60906954285312 36.7586817937939 48701.8
-116.60909519024402 36.758681562699245 48702.1
-116.60912078885724 36.75868127221952 48701.5
-116.60914627865245 36.75868092743232 48699.6
-116.60917158559973 36.75868053038155 48699.1
-116.60919667654557 36.75868007880951 48698.9
-116.6092215119537 36.75867957203752 48698.4
-116.60924616677713 36.75867902518612 48698.2
-116.609270666593 36.75867845756444 48698.1
-116.60929504885732 36.75867789180548 48698.0
-116.60931935022236 36.758677359114735 48697.0
-116.6093435790636 36.758676877313135 48696.2
-116.60936775574876 36.758676454327365 48695.7
-116.60939188494552 36.7586760970502 48695.1
-116.60941597839044 36.75867581802724 48694.6
-116.60943999790432 36.75867561000828 48694.3
-116.60946396110992 36.75867545582726 48694.1
-116.6094878679302 36.75867533159176 48694.0
-116.6095117174944 36.7586752068 48692.9
-116.60953554082262 36.758675050726346 48692.1
-116.6095593605942 36.75867484748158 48691.7
-116.60958320181936 36.75867459243396 48691.2
-116.60960709655076 36.75867429414535 48690.4
-116.60963107862548 36.75867398292191 48689.5
-116.60965513830298 36.75867368742846 48688.9
-116.609679268159 36.75867343010544 48688.1
-116.60970346945354 36.758673235390525 48687.2
-116.6097276714224 36.75867310111053 48686.1
-116.60975186111772 36.75867300352534 48685.4
-116.60977602089916 36.758672911244766 48685.4
-116.60980012601964 36.7586727904922 48684.6
-116.60982420373196 36.758672627984126 48683.1
-116.60984826250346 36.75867242357906 48682.1
-116.60987232237332 36.7586721876736 48681.1
-116.60989641375012 36.75867193839521 48680.1
-116.60992055716072 36.758671695098414 48679.1
-116.60994476268984 36.758671465545774 48678.4
-116.6099690394098 36.75867125049167 48677.6
-116.60999341060268 36.75867105153612 48676.4
-116.61001785434212 36.758670870825405 48675.4
-116.61004236013906 36.75867071255591 48674.0
-116.6100669135672 36.75867058235993 48672.4
-116.6100915014372 36.75867048170809 48671.2
-116.6101160906772 36.75867039152952 48670.3
-116.610140674007 36.758670285639695 48669.1
-116.61016523908752 36.758670138281815 48668.2
-116.61018975565646 36.758669929696254 48666.8
-116.61021424878344 36.758669668241176 48664.9
-116.61023869562833 36.758669370822254 48663.5
-116.61026308322543 36.758669058211446 48661.6
-116.61028739677155 36.758668756138725 48659.8
-116.61031163146306 36.758668485574525 48658.6
-116.61033579716108 36.758668253915445 48657.4
-116.61035990350572 36.75866806048775 48656.1
-116.61038396844248 36.75866790479855 48654.7
-116.61040799487536 36.7586677819296 48653.0
-116.6104319954283 36.75866768917072 48651.3
-116.61045596456528 36.75866762248023 48649.6
-116.61047989604664 36.75866757586638 48647.7
-116.6105037811108 36.75866753786711 48645.8
-116.61052762506792 36.758667493636224 48644.2
-116.61055143930622 36.75866742555287 48642.7
-116.610575232081 36.75866731277952 48641.2
-116.61059905110515 36.75866714550238 48639.9
-116.6106228934372 36.75866691795293 48637.9
-116.61064676546836 36.75866662166842 48635.5
-116.61067066574545 36.75866625030229 48634.2
-116.61069462539068 36.758665821836885 48633.0
-116.6107186208558 36.75866535971052 48630.7
-116.61074264388792 36.75866488785479 48628.2
-116.61076669611414 36.75866443142614 48626.2
-116.61079076000436 36.75866401494476 48624.3
-116.61081484049944 36.75866365025572 48622.3
-116.61083893435315 36.75866334080049 48620.2
-116.61086304845564 36.758663088510765 48618.3
-116.610887145706 36.758662881571496 48616.2
-116.61091122973004 36.75866270505509 48614.3
-116.61093528492424 36.75866254330764 48612.8
-116.61095928132328 36.75866237305516 48611.0
-116.61098321567452 36.758662168260486 48608.5
-116.61100707859283 36.75866191421692 48606.3
-116.61103086598908 36.75866161362728 48604.0
-116.61105457532624 36.75866129036439 48601.8
-116.6110782292279 36.758660986879406 48599.2
-116.61110184432609 36.75866073694512 48596.7
-116.61112544829976 36.758660561730565 48594.5
-116.6111490901746 36.75866047135822 48592.7
-116.61117275067164 36.75866044047702 48590.9
-116.6111964662602 36.758660445231214 48589.2
-116.61122024538288 36.75866047003269 48587.5
-116.61124408817916 36.75866050262631 48584.6
-116.61126796583343 36.75866052788618 48581.6
-116.61129185688446 36.75866053337194 48579.2
-116.61131575166571 36.75866051141392 48576.9
-116.61133963899611 36.75866044923313 48574.8
-116.6113635522598 36.75866034506971 48572.9
-116.61138749308122 36.75866020411787 48570.4
-116.61141146824698 36.75866003518545 48567.7
-116.61143547456868 36.75865984897616 48565.3
-116.61145950208116 36.7586596621645 48563.2
-116.61148353089166 36.75865948509868 48561.1
-116.6115075485294 36.75865932234292 48558.5
-116.61153154969536 36.75865917894729 48556.1
-116.6115555170622 36.75865905571017 48553.7
-116.6115794435282 36.7586589514715 48551.3
-116.61160332112166 36.75865886216376 48549.3
-116.61162715400634 36.75865878103504 48547.3
-116.61165096600364 36.758658703669575 48545.0
-116.6116747824196 36.75865862800753 48542.5
-116.6116986197148 36.75865855291022 48540.4
-116.6117224933774 36.75865847689953 48538.4
-116.61174640908848 36.75865840133543 48536.1
-116.61177036829169 36.75865832738876 48533.3
-116.61179436650134 36.758658255345 48531.0
-116.61181838302424 36.75865818358249 48529.3
-116.61184237918884 36.7586581125573 48527.6
-116.61186632726898 36.75865804849593 48525.2
-116.61189021326275 36.758658002438416 48522.5
-116.61191403958584 36.75865798846688 48520.2
-116.61193781093148 36.758658013051935 48518.4
-116.61196155863676 36.758658080211134 48516.3
-116.6119853022056 36.75865818921167 48513.9
-116.61200906067228 36.75865832638381 48511.5
-116.61203283377492 36.7586584573128 48509.7
-116.61205663163808 36.758658546665565 48508.1
-116.61208045506704 36.758658563764776 48506.6
-116.61210427951973 36.75865847448634 48504.7
-116.61212816107378 36.7586582832377 48502.7
-116.6121520706778 36.75865801410762 48500.6
-116.61217599811098 36.758657698992415 48498.8
-116.61220003300244 36.758657384001616 48497.1
-116.61222395513032 36.75865712290609 48495.3
-116.61224785070957 36.75865695462095 48493.3
-116.61227171794992 36.758656908664165 48491.2
-116.61229559466123 36.75865701969308 48489.4
-116.61231940798164 36.75865727673855 48487.7
-116.61234320794102 36.75865765715711 48486.6
-116.61236700651833 36.75865813665055 48484.7
-116.61239082931024 36.758658688966094 48482.7
-116.61241466067376 36.75865926915231 48481.5
-116.61243852779089 36.758659842891824 48480.2
-116.61246243829387 36.75866038182898 48478.7
-116.61248638309416 36.75866085415922 48478.0
-116.61251038827508 36.75866125117808 48476.9
-116.61253441958893 36.75866157253315 48475.2
-116.6125584575477 36.75866182053334 48473.9
-116.61258246770916 36.758661995860784 48472.2
-116.61260646587584 36.758662119393485 48470.8
-116.6126304249059 36.75866220532775 48469.9
-116.61265434336788 36.758662257572624 48468.6
-116.61267820437368 36.75866226195991 48468.0
-116.61270204755536 36.758662203957854 48467.1
-116.61272587560984 36.75866207114815 48465.9
-116.61274970699712 36.75866185696973 48465.7
-116.6127735458588 36.75866156109027 48465.4
-116.6127974325437 36.75866121332185 48464.5
-116.61282133989138 36.75866084745191 48463.5
-116.6128452532084 36.75866049843824 48462.5
-116.61286917539304 36.75866020828506 48461.9
-116.61289305278522 36.75866000137077 48461.0
-116.612916890794 36.75865988982765 48460.1
-116.61294069387608 36.75865987894721 48459.7
-116.61296449308188 36.758659974537565 48459.5
-116.61298826058332 36.75866014680885 48459.4
-116.613012046592 36.75866036148237 48459.1
-116.61303587421868 36.75866059447237 48458.5
-116.61305975645692 36.75866082534042 48458.2
-116.61308368958258 36.75866104367613 48458.1
-116.61310765111892 36.75866125477839 48457.5
-116.6131316129849 36.75866146728767 48457.0
-116.61315554239368 36.75866169120574 48456.8
-116.6131794161138 36.75866193196338 48456.8
-116.61320324342728 36.75866218716922 48457.0
-116.61322704737148 36.758662451707686 48457.1
-116.6132508730342 36.7586627189662 48457.2
-116.61327476166495 36.758662975047066 48457.3
-116.6132987388632 36.75866320652938 48457.5
-116.61332282186189 36.75866340625874 48458.0
-116.6133470334863 36.758663574175216 48458.7
-116.61337138360084 36.758663727303855 48459.2
-116.61339586013818 36.7586638822015 48459.0
-116.61342045312378 36.75866405289069 48458.7
-116.61344515396296 36.7586642476738 48459.0
-116.61346989104985 36.75866446019683 48459.4
-116.61349458249592 36.75866467270676 48460.0
-116.61351909316346 36.758664859839925 48460.8
-116.6135431114724 36.758664980469945 48461.3
-116.6135663973378 36.758664997905846 48460.9
-116.61358862213449 36.7586648723744 48459.4
-116.61360946121998 36.75866457066834 48459.6
-116.61362828690868 36.7586640767024 48461.1
