Long Lat Mag_nT
-116.59541588518084 36.76121614342514 48352.1
-116.59543427744592 36.76121443965575 48342.3
-116.5954535804974 36.76121267452694 48333.3
-116.59547388220656 36.76121093086476 48324.2
-116.59549498905204 36.761209273484646 48315.2
-116.59551689122937 36.76120773904312 48306.4
-116.59553957295176 36.76120634926201 48297.2
-116.59556301695856 36.76120513643964 48286.4
-116.5955869228614 36.76120406791532 48274.5
-116.5956111434972 36.76120311662817 48263.5
-116.59563552046257 36.761202256400125 48254.0
-116.59565987362912 36.76120147111927 48245.8
-116.59568406703424 36.76120072808971 48237.8
-116.59570803368068 36.761200008439545 48230.2
-116.59573173087794 36.7611993062062 48223.9
-116.59575511383976 36.761198631767535 48218.2
-116.59577825060704 36.76119800518148 48213.2
-116.59580119813688 36.7611974559402 48208.6
-116.59582402967824 36.76119701195462 48204.5
-116.5958467975231 36.76119671556224 48200.7
-116.59586953939544 36.76119655256664 48197.2
-116.59589233054736 36.76119650646152 48194.4
-116.5959152299841 36.76119655122137 48191.6
-116.59593830454908 36.76119666031899 48189.0
-116.59596157152755 36.76119678554376 48186.9
-116.59598506282973 36.76119689634508 48185.3
-116.59600877203216 36.761196982615566 48184.0
-116.59603270867808 36.761197052936254 48182.9
-116.59605691781408 36.76119713321295 48182.0
-116.5960811822965 36.76119725256447 48181.4
-116.59610558140707 36.76119743233377 48181.0
-116.59613008469636 36.761197688743046 48180.3
-116.59615464881568 36.7611980055456 48179.8
-116.5961792670186 36.76119836617481 48180.0
-116.59620392811937 36.761198748316936 48180.5
-116.59622863022544 36.761199126832366 48181.4
-116.59625336600284 36.76119948716154 48182.8
-116.5962781295506 36.761199828936725 48184.4
-116.5963029142542 36.7612001616283 48186.1
-116.59632771117016 36.76120050108951 48187.4
-116.5963525022312 36.761200852930514 48188.9
-116.59637728003632 36.7612012155616 48191.1
-116.59640204056193 36.76120158424137 48193.3
-116.59642678222416 36.76120195259215 48195.6
-116.59645151527876 36.76120231428111 48198.1
-116.5964762472748 36.76120266005295 48200.5
-116.59650097953704 36.76120297945175 48202.6
-116.59652572603812 36.76120325577185 48204.8
-116.5965504946477 36.76120348448065 48207.2
-116.5965752866588 36.76120366315941 48209.3
-116.596600097791 36.76120379565501 48211.3
-116.5966249382106 36.7612038836678 48213.6
-116.59664979110435 36.76120394319226 48215.7
-116.5966746330724 36.76120398675924 48217.8
-116.59669944735585 36.761204027044606 48219.8
-116.59672419848997 36.76120407845968 48221.9
-116.59674888499876 36.76120414841684 48224.2
-116.59677352355284 36.761204240846645 48226.7
-116.59679813755176 36.76120435850488 48229.1
-116.59682274542148 36.761204501587216 48231.4
-116.5968473724092 36.76120465258822 48233.8
-116.59687203523576 36.76120479777414 48236.3
-116.59689673671528 36.7612049226032 48239.1
-116.59692149929192 36.76120500786856 48241.9
-116.5969463182718 36.76120505712568 48244.8
-116.59697117066013 36.76120508366776 48247.7
-116.59699602135072 36.76120511101793 48250.5
-116.59702082479032 36.761205162766124 48253.7
-116.59704557392926 36.76120523862812 48256.9
-116.59707027982428 36.761205329153846 48260.0
-116.5970949554306 36.7612054197436 48263.5
-116.59711961295828 36.76120549661648 48267.0
-116.5971442656304 36.761205559862574 48270.3
-116.59716891266204 36.761205614973136 48273.7
-116.59719354976887 36.76120567023177 48276.9
-116.59721816657812 36.76120573082512 48280.1
-116.59724276062168 36.76120579571461 48283.3
-116.59726733056274 36.76120585895271 48286.5
-116.59729187805226 36.761205910684495 48289.9
-116.59731641507112 36.76120593272427 48293.0
-116.59734095164896 36.76120592368121 48295.7
-116.59736548330304 36.761205889580616 48298.4
-116.5973900041788 36.76120584169232 48301.2
-116.5974145112082 36.7612057965131 48303.3
-116.5974390006804 36.76120576744987 48304.9
-116.59746346881212 36.761205758115686 48306.5
-116.59748791520438 36.76120576912295 48307.9
-116.59751231967398 36.7612058072981 48308.7
-116.597536683857 36.761205874998616 48308.8
-116.5975610189381 36.76120598129733 48308.7
-116.59758534325545 36.76120613130515 48308.3
-116.59760965530045 36.76120633488032 48307.8
-116.5976339665532 36.761206584253394 48306.9
-116.59765830121628 36.761206872531325 48305.6
-116.59768268492124 36.761207194688986 48303.9
-116.5977071342819 36.761207552625 48301.8
-116.59773164218464 36.76120793541259 48299.2
-116.59775620392456 36.76120833615629 48296.0
-116.597780806654 36.7612087452495 48292.7
-116.5978054524035 36.76120914191984 48289.5
-116.59783015053314 36.76120950262772 48286.1
-116.59785491424078 36.76120980799105 48282.5
-116.59787973555343 36.761210040701 48278.3
-116.59790463781196 36.76121016799685 48274.1
-116.59792960501296 36.76121019296948 48269.7
-116.59795460661483 36.761210121509606 48265.4
-116.59797961319896 36.76120996393264 48261.1
-116.5980046338883 36.76120972511136 48256.6
-116.59802965792728 36.76120944337092 48252.3
-116.59805466430608 36.76120914879892 48248.1
-116.59807964893386 36.761208863727454 48244.0
-116.5981046085898 36.761208610029215 48240.4
-116.59812955063607 36.761208397083344 48236.7
-116.59815448158804 36.76120823488888 48233.5
-116.59817940125522 36.76120813243276 48230.6
-116.59820426416206 36.761208108317824 48227.8
-116.59822905290284 36.761208148817005 48225.2
-116.59825376708172 36.761208233916086 48222.9
-116.59827840462076 36.7612083354562 48220.7
-116.59830296647668 36.76120842618416 48218.6
-116.59832748219873 36.76120849054779 48216.7
-116.5983519629101 36.76120852371193 48214.8
-116.59837641661264 36.76120852710908 48213.0
-116.59840086671564 36.761208504241374 48211.1
-116.59842533612677 36.7612084703115 48209.2
-116.59844984189496 36.761208434280654 48207.7
-116.59847440097916 36.76120840052341 48206.3
-116.59849904533895 36.76120837379408 48204.6
-116.5985237649909 36.76120836656201 48202.8
-116.59854854569028 36.76120839556838 48202.0
-116.59857337977036 36.76120847400157 48201.3
-116.59859824920925 36.76120861054219 48200.5
-116.59862313928508 36.761208786131526 48200.2
-116.59864804932896 36.76120898680713 48200.2
-116.59867296262752 36.76120920303572 48200.6
-116.59869781408416 36.76120943116383 48201.2
-116.5987225056386 36.76120966729084 48202.1
-116.5987468868641 36.76120990185686 48203.8
-116.59877073010972 36.76121010494148 48205.8
-116.59892862825572 36.76112147180035 48211.7
-116.59892587712676 36.7611060527019 48220.9
-116.59892257971396 36.7610895947545 48213.1
-116.5989190445346 36.7610721935261 48209.8
-116.59891557047412 36.761053926482326 48206.1
-116.59891232913084 36.76103518631459 48200.8
-116.59890934459328 36.761016255888656 48195.7
-116.59890656284728 36.76099750385112 48192.2
-116.598766833605 36.76088898436189 48182.6
-116.59874794865432 36.76089096981278 48150.9
-116.59872796530672 36.76089305718572 48147.7
-116.59870683830684 36.7608950905272 48145.5
-116.59868451141264 36.760896897276325 48143.7
-116.598661276907 36.760898436519554 48142.9
-116.59863724523892 36.76089971918132 48142.7
-116.59861255829888 36.760900794999934 48144.5
-116.59858740989834 36.76090171363352 48147.4
-116.598562083932 36.760902567690174 48150.4
-116.59853676933665 36.760903401131934 48154.2
-116.59851166387492 36.76090423057958 48158.7
-116.5984870332076 36.760905055744594 48164.4
-116.59846297991146 36.76090586547256 48170.4
-116.5984395826992 36.76090663389294 48176.0
-116.59841685119764 36.760907320863375 48180.3
-116.59839485769052 36.760907864198366 48184.1
-116.5983733228954 36.76090826176657 48187.7
-116.59835226476692 36.76090850520531 48191.4
-116.59833140535952 36.760908596516174 48195.6
-116.5983106279918 36.760908514826426 48199.9
-116.59828971591256 36.76090829468643 48203.2
-116.59826850161294 36.76090795330126 48205.8
-116.59824684213008 36.76090751208392 48208.5
-116.59822460068052 36.76090698356727 48212.0
-116.5982018177636 36.76090640775229 48215.3
-116.59817850239943 36.76090580699301 48218.9
-116.59815470514084 36.760905202586464 48222.2
-116.59813043424272 36.76090462620597 48225.4
-116.59810586090624 36.76090410131886 48228.3
-116.59808108633264 36.76090364535928 48231.7
-116.59805621446525 36.760903273291504 48234.8
-116.59803127161662 36.760903013460606 48237.4
-116.598006326253 36.7609028500947 48240.5
-116.59798141717108 36.76090277656908 48243.6
-116.59795657880072 36.76090278412004 48246.7
-116.59793181461644 36.7609028663151 48248.8
-116.597907139008 36.76090298784578 48251.2
-116.59788256222208 36.76090312183575 48253.4
-116.59785807141932 36.76090323780096 48255.3
-116.59783368992028 36.76090329021744 48256.7
-116.59780938957728 36.76090326112728 48258.0
-116.59778515213917 36.76090314088698 48258.9
-116.59776094990536 36.76090293379141 48260.2
-116.59773679898048 36.760902648688685 48261.6
-116.59771266021454 36.760902326060645 48262.3
-116.59768851453218 36.76090199182096 48262.8
-116.59766435521136 36.76090166677329 48263.7
-116.5976401591469 36.7609013691446 48264.8
-116.59761592562204 36.760901100857645 48265.6
-116.5975916568144 36.760900857798646 48266.3
-116.59756735967848 36.76090063382591 48266.9
-116.59754301671144 36.76090042874012 48267.2
-116.59751863357772 36.76090023598944 48267.8
-116.59749420860672 36.760900053118334 48269.6
-116.59746973643364 36.76089987353316 48270.7
-116.59744522268224 36.760899682360126 48271.2
-116.59742068371472 36.76089947504012 48271.4
-116.59739612064983 36.76089925514656 48271.4
-116.59737153543009 36.76089903012675 48271.0
-116.59734693683843 36.76089880906451 48270.6
-116.59732234330812 36.76089859375429 48269.2
-116.59729777729817 36.76089838244314 48267.7
-116.59727326396091 36.76089817558008 48266.3
-116.59724883523992 36.76089797820887 48265.2
-116.5972244864358 36.7608977955873 48262.9
-116.59720021167314 36.76089763260273 48259.9
-116.5971760034532 36.76089749056481 48257.6
-116.59715182199965 36.76089737981163 48254.9
-116.59712761955682 36.76089729930161 48251.2
-116.59710336618168 36.76089725215842 48247.4
-116.59707904782324 36.76089724160076 48244.8
-116.5970546292762 36.76089727710726 48241.1
-116.5970301353595 36.76089735296654 48236.4
-116.59700557860256 36.76089746656847 48233.0
-116.59698097492218 36.760897609276064 48230.4
-116.59695633187503 36.76089776644718 48227.4
-116.5969316874513 36.76089791511272 48224.2
-116.59690707559808 36.76089803667988 48221.0
-116.59688251308408 36.76089811932616 48218.4
-116.59685802935792 36.760898153015056 48215.7
-116.59683359890424 36.760898153109 48213.3
-116.59680921292968 36.76089812651049 48211.2
-116.59678486378904 36.76089807946876 48208.1
-116.59676056288068 36.76089801057633 48204.9
-116.59673629807124 36.76089791750126 48202.7
-116.59671205657008 36.760897800073785 48200.3
-116.59668781894104 36.7608976647457 48198.2
-116.59666356683952 36.76089751537658 48195.9
-116.59663927293435 36.76089735994808 48194.5
-116.59661492455524 36.76089719869624 48193.0
-116.59659051898312 36.76089702956296 48191.7
-116.59656607075613 36.76089684314109 48190.3
-116.59654161015322 36.76089664464552 48188.9
-116.5965171483804 36.76089644811453 48188.7
-116.59649269813492 36.76089626701264 48187.4
-116.59646825286264 36.76089612741995 48185.5
-116.59644380833409 36.76089603483119 48184.6
-116.5964193548094 36.76089598700206 48184.0
-116.596394878843 36.76089597493202 48182.8
-116.596370352457 36.76089598740226 48180.2
-116.59634579054952 36.76089601000335 48177.3
-116.59632121420124 36.760896041791696 48175.9
-116.59629665314056 36.76089608386056 48175.1
-116.59627213704512 36.7608961415193 48174.0
-116.59624766339051 36.76089621976065 48173.7
-116.5962232136236 36.76089632091763 48174.5
-116.5961987635425 36.760896443300254 48174.0
-116.59617428042604 36.76089658276044 48173.5
-116.59614975693331 36.760896726190765 48174.0
-116.59612519262596 36.760896861929645 48175.1
-116.59610059317367 36.76089697461354 48176.2
-116.59607599544024 36.76089704489274 48177.5
-116.59605143113674 36.76089707896418 48179.9
-116.59602692194072 36.76089708382823 48182.9
-116.59600247387765 36.7608970652681 48186.0
-116.59597809936336 36.760897031240525 48189.7
-116.5959537622031 36.76089699604295 48193.1
-116.59592942365776 36.760896971512366 48196.7
-116.59590505452924 36.76089696805232 48201.5
-116.59588061255668 36.76089699814904 48207.1
-116.59585610368416 36.76089705940176 48212.0
-116.59583153381077 36.76089714778317 48217.8
-116.59580691144328 36.76089725150577 48224.2
-116.59578224133443 36.76089735543598 48230.6
-116.5957575435596 36.76089745022618 48238.1
-116.59573282935412 36.76089753232273 48246.4
-116.59570810782796 36.7608976030672 48254.4
-116.59568340900486 36.76089766360291 48262.7
-116.59565874961348 36.76089771533776 48271.7
-116.59563413505084 36.760897755386246 48281.3
-116.59560956086348 36.760897781296286 48291.4
-116.59558503109496 36.76089778455641 48301.3
-116.59556052808496 36.760897761697535 48310.8
-116.59553604095026 36.76089771458096 48321.5
-116.5955115471884 36.76089765110076 48332.1
-116.59548701560207 36.76089757840578 48342.6
-116.59546243315576 36.76089750287762 48352.8
-116.59543779545729 36.76089742775697 48362.6
-116.59541310350208 36.76089735496594 48372.8
-116.59538835403248 36.76089727807716 48382.8
-116.59536355907248 36.76089719174952 48392.2
-116.59533872380018 36.76089709390256 48401.0
-116.59531385756338 36.76089698392177 48410.0
-116.59528897213806 36.76089686670052 48418.1
-116.59526408015462 36.76089675392669 48425.5
-116.59523919377015 36.7608966568245 48433.4
-116.59521433721127 36.76089658861724 48440.8
-116.59518951178028 36.76089656896329 48447.3
-116.59516471918924 36.760896594874815 48452.8
-116.59513996241256 36.760896667765806 48457.5
-116.59511524608428 36.76089678692741 48461.5
-116.5950905423428 36.76089695365253 48464.9
-116.59506584480884 36.76089714853233 48468.1
-116.59504115626312 36.760897353550696 48471.0
-116.5950164797048 36.76089755057604 48472.7
-116.594991842524 36.760897720032894 48474.6
-116.5949672498355 36.760897860534016 48477.3
-116.59494269495228 36.76089797854226 48478.5
-116.59491815327895 36.760898085573245 48479.2
-116.59489359597724 36.76089818962263 48480.0
-116.59486900331711 36.76089829765025 48480.7
-116.59484436685158 36.76089841618857 48481.3
-116.59481969023273 36.76089854802759 48480.9
-116.59479498348816 36.76089869444054 48479.4
-116.5947702872178 36.76089885054694 48477.7
-116.59474562985264 36.760899009220736 48477.2
-116.59472102201698 36.76089916133599 48476.8
-116.59469648239627 36.76089929309756 48476.6
-116.59467199121448 36.7608994000879 48476.2
-116.59464752685342 36.76089948313694 48475.9
-116.594623063757 36.7608995464327 48475.7
-116.59459858370272 36.760899599425095 48475.2
-116.59457407009938 36.760899655677854 48475.0
-116.59454951944257 36.76089971820939 48474.9
-116.59452493844412 36.76089978890939 48474.2
-116.59450032927656 36.76089987221071 48473.5
-116.59447570558928 36.760899966504326 48472.8
-116.59445107128782 36.76090007186631 48471.6
-116.59442642178564 36.76090018478134 48470.5
-116.59440173554437 36.76090029754656 48469.9
-116.59437690391708 36.76090040471363 48469.3
-116.59435211925792 36.760900504304885 48468.6
-116.59432728420452 36.76090059859384 48467.6
-116.59430240679768 36.76090069257964 48466.9
-116.59427751030196 36.76090079064673 48466.7
-116.59425261314412 36.760900894472734 48466.3
-116.59422773412555 36.76090100229127 48465.1
-116.59420288214724 36.760901112097145 48464.2
-116.59417804859424 36.76090121615656 48463.2
-116.59415323051373 36.76090130985118 48462.6
-116.5941284241798 36.76090139646477 48462.2
-116.5941036160104 36.760901484600176 48461.1
-116.59407878851589 36.760901580144655 48459.3
-116.59405393292197 36.760901678176 48458.1
-116.59402905304552 36.76090176883029 48457.3
-116.5940041819942 36.76090184359772 48456.6
-116.59397933719347 36.76090190625883 48456.2
-116.593954532279 36.76090196033925 48455.7
-116.59392976822596 36.76090200860264 48455.4
-116.59390505955253 36.760902048482464 48455.1
-116.59388040831357 36.760902074720725 48454.8
-116.59385581981792 36.76090208403885 48455.0
-116.59383129134632 36.76090207636214 48455.4
-116.59380684068944 36.76090205275332 48456.0
-116.59378244217584 36.760902020258285 48455.1
-116.59375808239488 36.760901983026784 48453.4
-116.59373375608686 36.76090194674576 48452.9
-116.59370946722797 36.76090191682188 48453.6
-116.5936852062636 36.76090189314358 48455.6
-116.59366095547432 36.76090187494911 48455.3
-116.59363668735644 36.760901861282186 48453.1
-116.5936123578566 36.760901845860815 48451.1
-116.59358793940471 36.76090182246613 48450.4
-116.59356340733368 36.76090178489537 48450.3
-116.59353874997248 36.76090172275278 48450.2
-116.5935139913633 36.76090161979009 48450.4
-116.5934891571646 36.7609014827982 48450.3
-116.59346425068568 36.76090132364144 48449.9
-116.59343927095703 36.760901161255966 48449.3
-116.59341418216891 36.760901021924205 48449.2
-116.59338899735504 36.76090092656823 48449.2
-116.59336374217652 36.760900895998205 48448.8
-116.59333851066891 36.76090094775966 48447.6
-116.59331342964065 36.76090111561472 48447.8
-116.5932887347383 36.76090138208425 48447.7
-116.59326470130408 36.76090172651011 48448.5
-116.59324163519248 36.76090210224803 48450.2
-116.59311244876407 36.76079159172493 48450.6
-116.59311431465648 36.7607733170183 48445.3
-116.59311591930768 36.76075389022197 48445.9
-116.59311707805097 36.760733529589736 48446.5
-116.59311758634324 36.76071260774656 48446.9
-116.59311746819544 36.7606914626753 48447.0
-116.59311678804444 36.760670663222974 48446.9
-116.5932562791678 36.76055988348912 48442.2
-116.59327772498646 36.760561964425335 48439.6
-116.59330021730862 36.76056376579741 48437.6
-116.59332346044556 36.76056524073013 48436.7
-116.59334730146176 36.76056637680069 48436.4
-116.59337157699343 36.76056716141699 48436.0
-116.59339627892068 36.760567675368726 48436.1
-116.5934212256803 36.760567988824405 48436.3
-116.59344635159631 36.76056816514436 48436.3
-116.5934716119378 36.76056825522661 48436.3
-116.59349697475056 36.760568312489134 48436.0
-116.59352237131476 36.76056835975008 48435.4
-116.59354774483272 36.76056840004748 48434.9
-116.5935730142622 36.76056841822631 48434.9
-116.59359816216616 36.760568396713566 48435.1
-116.59362318096764 36.7605683295919 48435.6
-116.5936480846328 36.760568220606025 48435.9
-116.59367288099588 36.76056808101135 48435.7
-116.59369761289904 36.76056793164015 48435.9
-116.5937223009233 36.76056778273962 48436.1
-116.59374697769726 36.760567633411526 48436.3
-116.59377168399556 36.760567472650045 48436.5
-116.59379646253517 36.76056729033421 48437.3
-116.59382132064864 36.760567086113966 48437.6
-116.59384624383196 36.760566867708285 48437.6
-116.59387120840836 36.76056664369322 48438.1
-116.593896162723 36.76056643425464 48438.7
-116.59392104838822 36.76056626381282 48439.1
-116.5939458166312 36.76056615847653 48439.5
-116.59397044063796 36.76056614624137 48439.8
-116.59399488205896 36.76056622150934 48439.5
-116.594019178736 36.76056636900429 48439.4
-116.5940433540922 36.76056656881042 48440.0
-116.5940674390792 36.7605667947325 48441.1
-116.59409148453882 36.76056701625617 48441.6
-116.59411553750076 36.76056721739208 48441.7
-116.59413962957628 36.760567387876335 48442.4
-116.5941637789456 36.76056751863263 48443.3
-116.59418799985345 36.76056761331426 48443.7
-116.59421226154971 36.760567679314846 48444.2
-116.59423654294334 36.760567722812496 48444.7
-116.59426081836716 36.76056774540033 48444.8
-116.59428508795 36.760567746650885 48445.1
-116.59430935576088 36.760567722160005 48445.8
-116.59433363951236 36.76056766876967 48446.6
-116.59435795928484 36.760567588868014 48447.1
-116.59438232967014 36.76056749346164 48447.8
-116.59440674401206 36.7605673963723 48448.3
-116.5944312105256 36.760567305251016 48448.4
-116.59445574345904 36.76056722373652 48448.6
-116.59448032782213 36.76056715316472 48448.9
-116.59450494167312 36.76056709576028 48449.6
-116.59452955529363 36.76056705296241 48450.6
-116.59455412964164 36.76056702877494 48451.3
-116.59457863629224 36.76056701451274 48451.7
-116.59460308823 36.7605669981564 48452.6
-116.59462750809824 36.760566969545344 48453.8
-116.59465192287972 36.7605669285992 48454.3
-116.59467635244982 36.76056688762524 48454.2
-116.59470078976584 36.76056685694441 48454.6
-116.59472521528956 36.76056684195038 48454.8
-116.59474960653074 36.7605668522979 48455.1
-116.594773936207 36.760566885091485 48455.5
-116.5947982082686 36.76056692842455 48456.1
-116.5948224250292 36.76056697075183 48456.6
-116.59484658834327 36.76056700609914 48456.9
-116.59487072060443 36.76056703713298 48457.5
-116.59489484429608 36.76056706712234 48458.0
-116.59491897775509 36.760567103039016 48457.3
-116.5949431381034 36.76056715196772 48456.6
-116.59496732319936 36.760567216376536 48456.2
-116.5949915449558 36.76056729165718 48455.7
-116.5950158228586 36.7605673694448 48455.3
-116.59504018987236 36.76056743635199 48454.5
-116.5950646719202 36.76056748490702 48453.3
-116.595089272959 36.76056751789128 48451.5
-116.59511398805068 36.76056754401003 48449.7
-116.59513880164285 36.760567579369656 48446.8
-116.5951636400723 36.7605676381261 48443.9
-116.59518844685898 36.76056773112016 48441.6
-116.59521327802833 36.76056786178224 48439.5
-116.5952378946372 36.76056803310777 48436.8
-116.59526235855787 36.760568239132425 48433.3
-116.59528667124172 36.760568470242966 48428.8
-116.59531083939774 36.7605687159852 48424.5
-116.59533487276995 36.76056896483097 48420.4
-116.59535883225902 36.76056920465085 48416.0
-116.59538275325713 36.76056944678606 48410.9
-116.59540666169411 36.76056971053839 48405.3
-116.59543060052457 36.760570012661255 48399.3
-116.59545458388313 36.7605703410654 48393.1
-116.59547864929388 36.76057067154915 48386.9
-116.59550281985096 36.76057097464463 48380.3
-116.59552712252363 36.76057120271599 48373.1
-116.5955516117342 36.76057133985237 48364.9
-116.59557625779412 36.76057139527295 48356.6
-116.59560104034004 36.76057138880438 48348.5
-116.59562593817724 36.76057133514176 48339.7
-116.5956509234198 36.76057125123357 48329.8
-116.59567595094217 36.76057114037423 48320.0
-116.59570099293792 36.76057099834783 48310.7
-116.5957260137808 36.76057082129061 48301.4
-116.59575100573264 36.76057062333832 48292.5
-116.59577594728688 36.760570432452326 48283.9
-116.59580084032592 36.760570276023486 48275.6
-116.59582570925772 36.760570187448 48267.1
-116.595850529875 36.76057018853867 48257.9
-116.5958753191938 36.760570293634096 48249.3
-116.59590006392254 36.7605705055252 48241.0
-116.59592475306924 36.76057081667872 48233.0
-116.59594933877143 36.7605711852434 48225.8
-116.59597385920172 36.7605715764759 48219.1
-116.59599834083488 36.76057196736126 48212.9
-116.59602282193404 36.76057233610726 48207.3
-116.59604736989348 36.76057267253595 48202.4
-116.5960720094887 36.76057297470452 48197.5
-116.5960967505254 36.76057323723671 48192.8
-116.59612157424976 36.76057344094848 48188.7
-116.59614646356992 36.76057358091525 48185.4
-116.5961713521364 36.76057366757244 48182.4
-116.59619619938732 36.76057371513879 48179.4
-116.59622098062412 36.76057373465397 48177.0
-116.59624572228816 36.7605737438112 48175.4
-116.59627044744488 36.76057374957463 48174.1
-116.59629519187791 36.76057374822939 48172.9
-116.59631999430214 36.76057373234025 48171.8
-116.5963448821602 36.76057369167479 48171.2
-116.59636986541454 36.760573616845335 48171.4
-116.59639494588484 36.76057351030717 48171.4
-116.5964201141636 36.760573379089216 48171.2
-116.59644533710846 36.76057323446805 48171.6
-116.59647056589644 36.76057308724753 48172.1
-116.59649574745984 36.76057295011613 48173.1
-116.59652081011434 36.76057284513704 48174.7
-116.5965457115364 36.76057278123128 48176.2
-116.5965704787846 36.7605727501898 48178.1
-116.59659514736846 36.760572741601344 48180.1
-116.59661975949076 36.76057274782154 48181.9
-116.5966443581744 36.76057276100288 48183.8
-116.5966689693295 36.76057277712374 48185.4
-116.59669360072412 36.76057279772191 48187.1
-116.59671825172995 36.7605728301146 48189.0
-116.5967429027818 36.76057287939841 48191.1
-116.59676754785372 36.76057294801929 48193.3
-116.59679218598956 36.7605730383812 48195.0
-116.5968168199298 36.76057315745273 48197.0
-116.5968414328145 36.76057330996132 48198.7
-116.5968660341822 36.76057349606721 48200.4
-116.59689063755276 36.76057370415585 48202.2
-116.59691527257615 36.76057390738104 48203.7
-116.59693997440804 36.760574078532656 48204.5
-116.59696475032304 36.760574201538816 48205.2
-116.59698958855384 36.760574273341376 48206.0
-116.59701444371927 36.76057430027189 48206.9
-116.5970392684707 36.76057430715053 48207.4
-116.59706401155908 36.76057431211673 48207.5
-116.59708865649895 36.76057432315109 48207.9
-116.59711319374684 36.76057434572133 48207.9
-116.5971376533508 36.76057438149106 48207.7
-116.5971620782378 36.760574431788925 48207.7
-116.59718650840564 36.76057450192494 48207.4
-116.59721098761258 36.76057459660501 48207.1
-116.59723551780732 36.76057471108978 48206.6
-116.5972601022061 36.76057483703271 48205.6
-116.59728473082755 36.76057496652406 48204.2
-116.5973093902199 36.76057509384143 48203.4
-116.5973340685319 36.76057521453791 48202.8
-116.597358762078 36.760575325506736 48202.3
-116.59738347543043 36.76057541927182 48202.1
-116.59740821045044 36.76057547899424 48201.9
-116.597432981018 36.76057549353931 48201.9
-116.59745776840724 36.76057545442112 48202.6
-116.59748256119433 36.76057535789492 48203.2
-116.59750733307126 36.76057520338546 48204.4
-116.59753209979436 36.76057501568016 48206.0
-116.59755684452044 36.760574824489765 48207.1
-116.59758156778092 36.76057465528604 48208.8
-116.59760628483168 36.760574539084 48211.3
-116.59763096938649 36.76057448976392 48214.4
-116.59765563894048 36.76057450735664 48218.4
-116.59768030368453 36.76057458499879 48222.1
-116.59770498292072 36.76057471427308 48226.0
-116.59772966021546 36.76057487026701 48230.0
-116.59775435224388 36.76057502976214 48234.2
-116.59777906220717 36.76057517489946 48238.7
-116.59780379218152 36.76057529431006 48242.5
-116.59782856070784 36.76057538973215 48246.4
-116.5978533656372 36.76057547262313 48250.3
-116.59787820137817 36.760575560611215 48253.5
-116.5979030669292 36.760575675421805 48256.0
-116.5979279247644 36.76057582852872 48258.3
-116.5979527524807 36.76057602111776 48260.7
-116.59797752096668 36.76057624944861 48262.2
-116.5980022057522 36.760576505821454 48263.4
-116.59802681015132 36.760576770129326 48264.2
-116.59805136869812 36.76057702408679 48264.6
-116.5980759152718 36.7605772506509 48264.2
-116.59810047232304 36.76057742825479 48263.5
-116.59812509840334 36.760577547269776 48262.6
-116.59814979724048 36.76057760712251 48261.2
-116.5981745765154 36.76057761245259 48259.0
-116.5981994232302 36.76057757426773 48256.5
-116.59822430685944 36.76057752167815 48253.4
-116.59824917937088 36.760577479732575 48249.8
-116.5982740203046 36.76057746532472 48245.7
-116.59829883746367 36.76057749689964 48241.4
-116.59832361698489 36.760577576870254 48236.6
-116.59834837134116 36.7605776996289 48231.3
-116.59837309720864 36.760577855825375 48225.7
-116.5983977921056 36.76057802973651 48220.0
-116.59842246348704 36.760578196836114 48214.5
-116.59844712924944 36.76057833456003 48208.8
-116.59847181208916 36.76057842108958 48202.8
-116.59849653415608 36.760578427667845 48197.4
-116.59852135971693 36.760578350950205 48192.4
-116.59854627175544 36.760578205335925 48187.6
-116.59857125464444 36.760578015367294 48182.6
-116.59859628212304 36.76057781451159 48178.5
-116.59862129925628 36.76057763979068 48175.2
-116.59864625623096 36.760577519458494 48172.7
-116.59867110422384 36.76057747376086 48170.9
-116.59869576307608 36.7605775217796 48169.7
-116.59872007732292 36.76057764509538 48169.1
-116.59874389689884 36.76057780298975 48169.1
-116.59876696941213 36.76057793431796 48168.5
-116.59888738094736 36.76046856099 48190.9
-116.59888307590424 36.76045156232368 48192.3
-116.59887885623117 36.76043377724169 48193.8
-116.5988749141522 36.76041539566671 48194.9
-116.59887137538372 36.76039650596381 48196.2
-116.59886826459343 36.76037782042874 48197.1
-116.59886544473405 36.76035956765369 48197.4
-116.59870788321072 36.760260236185744 48205.3
-116.59868676146972 36.76026232009704 48206.9
-116.59866452784188 36.7602642696364 48206.4
-116.59864130562698 36.76026597933152 48206.4
-116.59861724071388 36.76026741300069 48207.5
-116.59859238863478 36.760268566978695 48209.7
-116.59856719137224 36.76026951791292 48212.9
-116.59854178783152 36.76027034088207 48216.2
-116.59851636033244 36.76027109225381 48219.1
-116.59849112625989 36.760271816432734 48222.2
-116.59846624722904 36.76027254907567 48226.1
-116.59844184881864 36.760273304120695 48230.8
-116.59841803730085 36.7602740781195 48235.1
-116.5983949667481 36.7602748460886 48238.8
-116.59837255342984 36.76027556972159 48242.1
-116.59835071652752 36.7602762085993 48245.3
-116.59832933367072 36.76027672391607 48249.4
-116.59830818673731 36.76027707196584 48253.2
-116.59828709292658 36.76027724995221 48256.1
-116.59826579652292 36.76027726339283 48258.8
-116.5982441301378 36.760277120452606 48262.0
-116.59822186754502 36.76027682995699 48265.0
-116.59819906392649 36.76027644503185 48267.3
-116.59817570860407 36.7602760069602 48270.2
-116.59815186486892 36.76027554655053 48273.3
-116.59812760798104 36.76027510174788 48276.0
-116.59810308343184 36.76027471731094 48277.6
-116.59807840178298 36.76027442500677 48277.8
-116.598053637471 36.76027423918939 48278.8
-116.59802886627304 36.76027415468327 48280.5
-116.59800409673684 36.760274123967946 48281.8
-116.5979793778092 36.76027410840441 48281.9
-116.5979547243798 36.76027408513161 48281.6
-116.5979301535505 36.7602740417289 48281.6
-116.59790567512724 36.7602739780132 48283.0
-116.5978812833404 36.76027389501861 48284.4
-116.59785696881428 36.76027379665899 48284.3
-116.5978327199708 36.76027368950313 48283.6
-116.59780850388375 36.760273586070575 48282.7
-116.59778430010344 36.76027349678988 48282.1
-116.59776009642512 36.76027343044339 48281.7
-116.59773588985104 36.76027340319095 48281.2
-116.59771164421346 36.760273416140656 48279.5
-116.59768736282814 36.76027346144176 48277.8
-116.59766304571708 36.760273523682656 48276.1
-116.5976386882296 36.760273577679136 48274.0
-116.59761431868051 36.760273599835664 48271.8
-116.59758994881862 36.76027357673814 48270.6
-116.5975655906853 36.760273500237446 48269.1
-116.59754124572348 36.76027336280686 48267.1
-116.59751694692 36.76027318058768 48265.9
-116.59749267805468 36.76027297158736 48264.8
-116.5974684354744 36.76027275011279 48263.7
-116.59744421007498 36.76027253057564 48262.5
-116.59741997128914 36.760272326552695 48260.5
-116.59739570857325 36.76027214923505 48259.7
-116.59737141522548 36.760272009349535 48260.4
-116.59734708269616 36.760271916183925 48260.7
-116.5973226829641 36.76027186112023 48260.5
-116.59729822491563 36.76027183126569 48259.9
-116.59727370958092 36.760271816698896 48259.9
-116.59724914211644 36.76027181051157 48262.0
-116.59722453911358 36.76027180641892 48264.2
-116.5971999181582 36.760271792846495 48266.3
-116.5971752919088 36.76027175047836 48267.8
-116.59715065662115 36.76027164760235 48269.4
-116.597126065884 36.7602714692009 48271.4
-116.59710152545053 36.7602712138876 48273.8
-116.59707705047394 36.760270890439216 48276.6
-116.59705266024108 36.76027051524459 48279.0
-116.5970283727256 36.76027012726853 48281.2
-116.59700416306228 36.76026976286087 48281.7
-116.59698000150918 36.760269450536725 48282.4
-116.59695587444264 36.76026921517664 48283.4
-116.5969317141857 36.76026904778644 48283.3
-116.5969075237664 36.76026893448319 48282.6
-116.59688329197492 36.76026886092999 48282.2
-116.59685901611786 36.760268817151456 48280.5
-116.59683469512528 36.76026878896885 48277.8
-116.59681034301704 36.760268763599456 48274.8
-116.596785958466 36.76026873392051 48271.8
-116.59676153624754 36.76026870451554 48267.4
-116.59673707567136 36.76026869007157 48264.5
-116.59671257216908 36.76026870228636 48261.0
-116.5966880245052 36.760268742996345 48255.8
-116.59666343935808 36.76026880606315 48250.7
-116.59663882546876 36.76026888485025 48245.7
-116.59661419869288 36.760268978667256 48241.5
-116.5965895681502 36.760269087655885 48236.4
-116.59656494610736 36.7602692147299 48231.2
-116.59654033357197 36.76026935910336 48225.5
-116.59651573599336 36.76026951988137 48220.2
-116.59649114759723 36.76026969393028 48214.9
-116.59646655263776 36.76026988315609 48209.3
-116.5964419303269 36.76027008213903 48204.9
-116.59641728101111 36.76027027956744 48201.0
-116.59639260410532 36.76027045553354 48196.7
-116.5963678864461 36.760270584970655 48191.9
-116.59634316018357 36.76027066609503 48187.9
-116.5963184252662 36.760270711805525 48185.2
-116.5962937019118 36.76027073975384 48183.8
-116.59626901476616 36.76027076374266 48182.0
-116.59624437049816 36.76027078954985 48179.1
-116.5962197616953 36.760270818722304 48177.6
-116.59619517516548 36.76027084954576 48176.4
-116.596170591638 36.7602708738242 48176.1
-116.59614600055544 36.76027087816646 48176.8
-116.59612138466171 36.76027085085576 48178.8
-116.59609673192423 36.76027078403593 48180.6
-116.59607201824387 36.76027067534989 48181.8
-116.5960472617407 36.7602705376752 48183.9
-116.59602245184304 36.76027038425957 48187.2
-116.59599758937172 36.76027023191239 48191.7
-116.59597267714166 36.76027009864568 48196.7
-116.59594772291229 36.760269987671165 48202.1
-116.5959227609998 36.760269889280494 48208.8
-116.59589781285976 36.760269801339696 48215.9
-116.5958729088146 36.760269742393255 48223.8
-116.59584804587897 36.760269732477504 48233.1
-116.5958232416472 36.76026977595002 48242.7
-116.59579850033168 36.76026985459536 48252.1
-116.59577382694587 36.76026993144907 48261.4
-116.59574921019846 36.76026998719568 48271.9
-116.59572461816144 36.76027002203296 48283.1
-116.59570001875528 36.76027004671024 48294.2
-116.59567538198544 36.76027007948137 48305.8
-116.59565069193364 36.76027013672376 48317.1
-116.59562596203708 36.76027022587319 48326.9
-116.59560121570648 36.760270350833736 48336.8
-116.59557649415795 36.76027051056872 48346.4
-116.59555180951456 36.76027069213418 48355.4
-116.59552717077102 36.76027089365225 48364.6
-116.5955025660059 36.76027111931066 48373.9
-116.59547798121976 36.76027137678198 48381.9
-116.5954533842973 36.76027165736927 48389.6
-116.5954287809716 36.7602719492328 48397.6
-116.59540417278478 36.760272240348414 48403.4
-116.59537954452163 36.760272509037215 48408.0
-116.59535490718322 36.76027273429333 48412.6
-116.5953302545716 36.760272903780006 48417.6
-116.59530558359104 36.760273014752165 48422.7
-116.59528088493585 36.76027307297236 48428.3
-116.59525618129288 36.760273104060325 48433.8
-116.59523146668472 36.760273120579136 48437.6
-116.59520675442276 36.76027312674247 48440.4
-116.59518196005052 36.76027312303992 48443.1
-116.59515729109953 36.76027311551064 48446.5
-116.59513264262938 36.76027311159215 48449.2
-116.5951080052786 36.76027311192889 48450.3
-116.59508336554256 36.76027311103663 48451.3
-116.59505870466243 36.76027310781529 48452.3
-116.59503400313564 36.760273107214246 48452.8
-116.59500924765976 36.760273115740446 48454.5
-116.594984433307 36.76027313937208 48456.3
-116.59495957033246 36.76027317927113 48457.2
-116.5949346798122 36.760273243022745 48458.1
-116.59490977919305 36.76027334470505 48458.8
-116.59488490777912 36.76027350458926 48459.1
-116.59486005693408 36.76027371683325 48459.4
-116.59483525997656 36.76027395674846 48459.9
-116.59481053800155 36.760274189437645 48459.8
-116.5947859159435 36.76027438273026 48459.3
-116.59476141684672 36.76027453070135 48459.6
-116.59473702669936 36.760274639176814 48460.9
-116.59471272483545 36.76027471757185 48461.0
-116.59468847489993 36.76027477530829 48460.0
-116.59466423682792 36.76027482671173 48459.0
-116.59463998565172 36.76027488311535 48458.3
-116.59461571413613 36.76027495433176 48457.7
-116.59459141872878 36.76027504486954 48457.0
-116.5945670859427 36.76027515095152 48456.6
-116.59454270610068 36.76027526952189 48456.0
-116.594518259843 36.76027539726397 48455.2
-116.5944937226305 36.76027553480505 48455.2
-116.59446910203695 36.76027568192875 48455.2
-116.5944444157089 36.76027584154022 48454.7
-116.59441968279576 36.76027601855451 48453.7
-116.59439493691248 36.76027622030352 48452.7
-116.5943701970754 36.76027644328301 48452.3
-116.59434548349036 36.76027667538414 48452.1
-116.59432079952458 36.76027689443231 48451.8
-116.59429612636669 36.76027706734568 48451.2
-116.59427147758036 36.76027717732815 48450.6
-116.59424682513588 36.760277224172654 48450.1
-116.594222148098 36.76027721566465 48449.0
-116.59419741851924 36.76027717133249 48448.4
-116.59417263478596 36.76027712828736 48449.2
-116.59414777890952 36.76027710987031 48448.9
-116.5941228527108 36.76027712356084 48448.2
-116.59409787677448 36.76027717220136 48448.1
-116.5940728698978 36.76027725523304 48448.2
-116.59404786781384 36.760277375944575 48448.4
-116.59402289056186 36.76027753711069 48447.5
-116.59399796580024 36.76027774477603 48446.1
-116.59397306675665 36.7602779947041 48445.0
-116.5939482003818 36.76027827974856 48444.7
-116.59392336276812 36.76027858556613 48445.6
-116.5938985556254 36.76027888249487 48446.6
-116.59387378811344 36.760279139819694 48446.5
-116.59384905189118 36.76027934027694 48446.1
-116.59382433710552 36.76027947340276 48446.3
-116.5937996066998 36.76027952127153 48446.7
-116.59377488496467 36.76027948702033 48446.9
-116.59375014213695 36.76027938050538 48446.6
-116.593725373464 36.76027921595208 48445.0
-116.5937005661274 36.76027900766467 48443.8
-116.59367574055024 36.76027877900195 48444.7
-116.59365090439502 36.76027854369157 48445.0
-116.5936260833497 36.76027831211497 48444.7
-116.59360132894372 36.76027809725517 48444.2
-116.59357665460902 36.76027790638022 48443.5
-116.59355207200664 36.76027773964745 48442.9
-116.593527572955 36.76027759304514 48441.8
-116.5935031416951 36.76027746615888 48441.6
-116.59347872039967 36.76027735265031 48441.4
-116.59345426797 36.76027724461307 48441.1
-116.59342974409664 36.760277132882095 48440.6
-116.59340509832556 36.76027701008505 48440.4
-116.59338032783552 36.760276878483744 48440.8
-116.59335543393615 36.76027674822807 48441.2
-116.59333044958876 36.76027663739539 48440.7
-116.5933054953466 36.76027658428615 48440.2
-116.59328072147431 36.760276628515776 48440.1
-116.59325637718632 36.7602768007454 48440.6
-116.59323275871564 36.76027711098068 48441.5
-116.59321040638264 36.76027752618264 48443.0
-116.59318950001816 36.76027790812413 48444.9
-116.593082934677 36.760183369331855 48435.9
-116.5930841781812 36.76016647128328 48432.4
-116.59308556497557 36.76014826689504 48435.1
-116.5930868533746 36.760129041781205 48435.5
-116.5930879067506 36.76010905092436 48435.1
-116.59308864499958 36.76008860670503 48434.4
-116.59308899325704 36.76006819337941 48433.8
-116.59308901322856 36.760048193251166 48432.3
-116.59308879773587 36.76002909256993 48428.3
-116.59308848420169 36.7600112661394 48425.2
-116.59320562760983 36.75993517711065 48426.6
-116.59322610165796 36.75993723620324 48428.4
-116.5932478588766 36.75993913417172 48429.3
-116.59327075243894 36.75994077589063 48429.3
-116.59329462070546 36.759942057440206 48427.5
-116.59331932317303 36.75994300035406 48425.5
-116.5933445260434 36.75994362521349 48424.1
-116.59337004212092 36.75994396192663 48423.9
-116.59339565952408 36.75994401983888 48424.5
-116.59342134549716 36.75994387251388 48424.5
-116.59344695664927 36.75994357543129 48424.4
-116.59347244227648 36.759943172409336 48424.5
-116.59349773202032 36.75994270070435 48423.6
-116.59352284474916 36.75994220947866 48422.5
-116.59354775761672 36.759941729928975 48422.3
-116.59357247384924 36.75994128015674 48422.6
-116.59359699623698 36.759940881819446 48423.5
-116.59362135036436 36.759940541557285 48424.3
-116.59364560028268 36.759940263302845 48424.8
-116.59366979745715 36.7599400539678 48424.8
-116.59369399932396 36.75993993061572 48424.0
-116.5937181726634 36.75993988633397 48423.7
-116.59374232342763 36.75993991813772 48424.2
-116.59376643031212 36.75994002582456 48424.6
-116.59379047731844 36.75994021059639 48424.4
-116.59381442813311 36.7599404484578 48424.5
-116.59383830838505 36.75994072593926 48425.0
-116.59386212656916 36.75994103590856 48425.0
-116.59388589482676 36.75994136829969 48424.7
-116.5939096353374 36.7599417003664 48425.1
-116.59393339048296 36.759942010443005 48425.6
-116.59395720356608 36.759942288738536 48426.5
-116.59398112522796 36.75994253368221 48427.2
-116.59400517408278 36.75994276034994 48426.8
-116.59402932030042 36.75994298429608 48426.4
-116.5940535318647 36.759943217179504 48426.7
-116.59407777850772 36.75994346993256 48427.0
-116.59410201154084 36.7599437436045 48427.3
-116.5941262183299 36.75994403206894 48427.7
-116.59415039185669 36.75994432731576 48428.2
-116.5941745209068 36.75994462200365 48428.2
-116.59419863188468 36.759944896345495 48428.0
-116.59422276575788 36.759945117658944 48428.3
-116.59424695746095 36.75994525548788 48429.0
-116.59427120977936 36.75994528106094 48429.5
-116.59429556281648 36.759945207075326 48429.8
-116.59431996233587 36.75994506595074 48429.6
-116.59434448268756 36.759944886518255 48429.5
-116.59436892875092 36.75994468300368 48429.6
-116.59439342778892 36.75994446364582 48430.4
-116.5944179982594 36.75994423295939 48430.6
-116.5944426452998 36.75994399874328 48430.6
-116.5944673764786 36.7599437706192 48430.8
-116.594492168407 36.7599435555004 48431.0
-116.5945170121041 36.759943356138976 48430.9
-116.59454190642728 36.75994316757529 48431.2
-116.59456685314784 36.759942986967005 48431.1
-116.59459181866742 36.75994281943949 48431.1
-116.59461676203948 36.75994268055713 48431.5
-116.59464164685332 36.75994258174869 48431.7
-116.59466647126342 36.75994252829654 48431.6
-116.59469124091132 36.75994250857903 48432.0
-116.594715982727 36.759942513427845 48432.0
-116.59474070257562 36.75994253682483 48431.8
-116.59476539057998 36.75994256995995 48431.8
-116.59479004060567 36.75994259856848 48431.8
-116.59481465804956 36.759942612903465 48432.2
-116.59483925502768 36.75994260471349 48432.6
-116.5948638502228 36.75994256067359 48432.5
-116.59488850439104 36.75994246968163 48432.1
-116.59491325399408 36.75994232603593 48432.0
-116.5949381295657 36.75994213430311 48432.0
-116.5949631466592 36.75994190592914 48431.4
-116.59498825788675 36.75994166892416 48430.6
-116.59501340002898 36.759941445112496 48430.6
-116.5950385315146 36.75994124971932 48430.2
-116.59506363231064 36.75994110512948 48429.2
-116.59508866351828 36.75994101915736 48428.3
-116.59511363048384 36.75994099073456 48427.4
-116.59513852878317 36.759941009957856 48426.2
-116.5951633644639 36.75994106443592 48424.9
-116.59518816176367 36.759941130548256 48423.4
-116.59521297071416 36.75994118667733 48422.0
-116.59523782858804 36.7599412119313 48420.3
-116.59526276364213 36.759941180275305 48418.1
-116.5952877980716 36.75994109555936 48416.0
-116.5953128988779 36.75994097186507 48413.9
-116.59533803922652 36.759940827001046 48411.4
-116.5953632005264 36.75994068315696 48408.7
-116.59538836114972 36.75994056338907 48405.9
-116.59541350710356 36.75994049048682 48402.1
-116.59543861449627 36.75994048296101 48398.5
-116.595463662917 36.75994055991709 48394.4
-116.59548858614504 36.759940711345685 48390.1
-116.59551337965148 36.759940920653925 48385.8
-116.5955380404414 36.75994116925567 48381.5
-116.59556259317402 36.759941438664825 48377.1
-116.59558710434618 36.7599417098138 48372.6
-116.59561162568797 36.75994197292539 48367.7
-116.59563618166229 36.75994222597796 48362.4
-116.59566077863045 36.75994246475576 48356.8
-116.59568541307388 36.759942681441935 48351.3
-116.59571006498192 36.75994286397556 48345.7
-116.59573471879014 36.759943004447926 48339.9
-116.5957593532419 36.759943094165216 48334.6
-116.595783993419 36.75994314014515 48329.3
-116.5958086338354 36.75994314784224 48323.7
-116.59583329024504 36.759943124153615 48318.6
-116.59585799145395 36.75994308235797 48313.8
-116.59588276217714 36.759943042448526 48308.5
-116.59590761159528 36.75994302303888 48303.4
-116.59593253315452 36.75994304608575 48298.7
-116.59595751639957 36.75994314399202 48294.0
-116.59598246791867 36.75994331927778 48289.7
-116.59600737948868 36.759943555896754 48285.6
-116.59603223908256 36.75994383051896 48281.9
-116.59605703154024 36.75994411037407 48279.1
-116.59608178365956 36.75994436666777 48277.1
-116.59610650008716 36.759944590820815 48275.5
-116.59613117167824 36.75994477836115 48274.1
-116.5961557861591 36.75994493015393 48273.4
-116.5961803733686 36.75994505961872 48273.3
-116.59620493569838 36.75994517449604 48273.7
-116.59622948702513 36.759945272684064 48274.5
-116.59625402530466 36.75994534370157 48275.6
-116.59627856541933 36.75994538929972 48277.3
-116.5963030972087 36.7599454159522 48279.7
-116.59632761384944 36.75994543246335 48282.3
-116.5963521178084 36.7599454445192 48284.7
-116.59637662940524 36.75994545223944 48287.3
-116.5964011635372 36.75994545535023 48290.7
-116.596425735022 36.75994545741277 48294.6
-116.59645036203456 36.75994547308856 48298.1
-116.59647502725416 36.75994551699903 48301.5
-116.5964997263316 36.759945598686336 48305.0
-116.5965244527964 36.75994572130461 48308.5
-116.59654920863964 36.75994588579684 48312.0
-116.59657395824988 36.759946077677455 48315.5
-116.59659868316004 36.75994628321902 48318.9
-116.5966233574519 36.759946491540894 48322.2
-116.59664795485584 36.75994669734965 48324.9
-116.59667247407364 36.759946901532814 48327.2
-116.59669691503304 36.759947103572 48329.5
-116.5967212871362 36.759947297595 48331.3
-116.59674560157868 36.75994746392788 48333.1
-116.59676991869216 36.759947591258495 48335.2
-116.5967942695978 36.7599476737938 48336.6
-116.59681868223592 36.75994771773413 48336.8
-116.5968431715538 36.75994773056918 48337.2
-116.59686773381644 36.759947721191566 48337.7
-116.59689234997036 36.759947692980376 48338.5
-116.59691701344188 36.759947651694205 48339.3
-116.5969417325514 36.759947608618944 48338.7
-116.596966500489 36.759947574794765 48337.2
-116.59699130901495 36.759947552467885 48336.6
-116.59701614618588 36.75994753849866 48336.0
-116.59704100978576 36.75994752388765 48335.1
-116.59706591137132 36.75994749630608 48334.0
-116.59709085941157 36.759947449687296 48332.7
-116.5971158562568 36.75994738759009 48330.8
-116.59714090516628 36.759947327107184 48329.1
-116.59716596735323 36.759947290491866 48327.0
-116.59719100152668 36.759947293127865 48324.5
-116.59721597324231 36.75994733917105 48322.5
-116.59724085388352 36.75994742621226 48320.3
-116.59726562504764 36.75994754563101 48318.0
-116.59729029749312 36.75994769625559 48315.4
-116.5973148850188 36.75994788164611 48312.9
-116.59733941626368 36.75994810074641 48310.5
-116.5973639180171 36.75994833693474 48308.3
-116.59738842093672 36.75994857445508 48306.1
-116.59741294430484 36.75994879619972 48304.0
-116.59743749931744 36.75994898144835 48302.6
-116.59746210513482 36.75994912594999 48301.2
-116.5974867456288 36.75994923116364 48299.3
-116.597511411709 36.75994930097925 48297.4
-116.59753609373284 36.75994933963173 48296.0
-116.59756080056488 36.75994935768608 48294.9
-116.59758552420064 36.75994936299914 48293.9
-116.59761025986596 36.75994936351392 48292.8
-116.5976350103164 36.75994936405323 48291.3
-116.59765977943684 36.759949365306944 48289.7
-116.5976845725616 36.759949364003326 48288.3
-116.5977093893175 36.75994935348801 48286.8
-116.59773422118928 36.7599493271299 48285.4
-116.59775904990552 36.75994929386615 48283.7
-116.5977838511438 36.7599492659494 48281.3
-116.59780861568112 36.759949251388846 48278.9
-116.59783333822554 36.75994925369272 48276.4
-116.59785800697205 36.759949273117925 48273.7
-116.59788260796796 36.75994931260677 48270.9
-116.59790712571731 36.7599493764431 48267.6
-116.59793155188856 36.75994946568382 48264.7
-116.5979559073758 36.75994957034134 48261.5
-116.5979802262202 36.75994968164738 48258.3
-116.59800453375946 36.75994978997724 48255.1
-116.5980288525206 36.75994988592532 48252.4
-116.59805320364804 36.759949964212886 48249.9
-116.59807758525228 36.75995002275574 48247.5
-116.59810199150068 36.75995006242472 48245.3
-116.59812640532664 36.7599500877422 48242.9
-116.598150819463 36.759950102437095 48240.4
-116.598175231009 36.75995010219836 48238.5
-116.59819965037848 36.759950079301845 48237.1
-116.59822409514386 36.75995002330559 48235.9
-116.59824860286076 36.75994994098472 48234.6
-116.59827317953312 36.75994985116997 48232.5
-116.5982978350699 36.75994978066004 48230.2
-116.59832260604348 36.75994977223346 48228.6
-116.59834743201232 36.75994985834526 48227.0
-116.59837231180649 36.7599500594806 48224.7
-116.5983973340699 36.75995038076449 48222.6
-116.59842231863864 36.759950809587984 48220.6
-116.59844732911672 36.75995128652045 48219.0
-116.59847241274088 36.75995175586909 48216.9
-116.59849759877184 36.75995217148832 48214.2
-116.5985228913542 36.75995249116069 48211.6
-116.59854830983323 36.75995270844654 48209.0
-116.59857380540844 36.75995281600155 48206.8
-116.5985993379564 36.75995281154465 48204.7
-116.598624808215 36.7599526936524 48202.4
-116.59865014157168 36.75995250126732 48200.2
-116.5986751445956 36.75995226125345 48198.1
-116.59869959739189 36.75995197689091 48195.9
-116.59885885728708 36.759862955808686 48191.7
-116.59885588122506 36.75984779747412 48180.9
-116.5988524402504 36.75983168872288 48178.4
-116.5988488494126 36.759814749254325 48177.8
-116.59884536837193 36.759796972720856 48179.4
-116.59884217386114 36.75977874020112 48180.9
-116.59883928940276 36.759760245360425 48180.9
-116.59883669066016 36.759741782137446 48179.8
-116.59870571321352 36.759624363684736 48182.3
-116.59868676334249 36.75962631777112 48204.5
-116.59866665779292 36.75962845081988 48206.2
-116.59864545080276 36.75963057570657 48209.9
-116.59862303363388 36.759632549638695 48213.6
-116.598599775288 36.75963429280835 48217.1
-116.59857580949704 36.759635833494286 48221.4
-116.59855132908056 36.75963720729494 48227.9
-116.59852649795948 36.75963844198381 48233.9
-116.5985016223764 36.75963957277411 48237.6
-116.59847684843392 36.75964062603166 48240.7
-116.59845232329342 36.7596416093411 48244.5
-116.59842820452444 36.75964251854692 48248.1
-116.59840458445905 36.75964335258413 48251.2
-116.59838146793588 36.75964411089192 48253.6
-116.59835885321156 36.75964478335679 48255.8
-116.59833671321292 36.75964534234721 48257.6
-116.59831497813094 36.759645770629504 48258.8
-116.59829348778425 36.759646058269006 48260.0
-116.59827212030824 36.759646188346885 48260.8
-116.59825067476508 36.75964612264416 48260.6
-116.59822910810168 36.759645867956415 48260.9
-116.59820723409838 36.759645454775615 48261.8
-116.59818494586152 36.759644903820046 48261.5
-116.59816209818727 36.75964422796 48260.9
-116.59813875989 36.75964346315931 48260.7
-116.5981149684984 36.759642642941216 48260.8
-116.59809080235112 36.75964179382743 48260.6
-116.59806635255136 36.75964095562726 48260.9
-116.5980417223942 36.759640181109646 48261.4
-116.59801699932602 36.75963951763306 48261.6
-116.59799222824034 36.75963899882175 48260.8
-116.59796748703576 36.75963865928591 48260.8
-116.5979427163322 36.75963849444685 48261.0
-116.59791797134584 36.75963847873388 48261.2
-116.59789325846008 36.75963857973306 48261.9
-116.5978685924403 36.75963876150573 48262.0
-116.59784393851412 36.7596389790633 48261.9
-116.59781930527772 36.75963920290461 48261.7
-116.59779467901971 36.759639422340754 48262.1
-116.59777004052556 36.759639634566966 48263.0
-116.59774539441533 36.75963982762308 48263.0
-116.59772075927764 36.75963997178345 48263.0
-116.59769616655312 36.75964003712598 48263.1
-116.5976716256914 36.75964001053256 48262.8
-116.59764717368432 36.759639913369256 48262.8
-116.59762276651314 36.75963977912317 48262.7
-116.59759837438692 36.759639639853965 48262.9
-116.59757397527376 36.75963952422641 48263.7
-116.59754952922836 36.75963945318165 48263.5
-116.5975250334862 36.75963943201504 48263.1
-116.59750049297816 36.75963944570992 48263.1
-116.59747592786768 36.75963946626776 48263.5
-116.59745136476288 36.75963947421277 48264.6
-116.59742681172168 36.759639464648025 48265.7
-116.59740227561268 36.75963943309512 48267.0
-116.59737776314796 36.759639373498686 48268.9
-116.59735329913084 36.75963928921933 48270.7
-116.59732887962112 36.75963918589688 48271.9
-116.5973044993194 36.75963906877264 48273.4
-116.59728014996892 36.759638938826406 48275.7
-116.59725583509945 36.75963879814744 48278.7
-116.5972315483291 36.75963865520151 48281.3
-116.59720728307832 36.75963852636893 48283.2
-116.59718303709914 36.759638434174406 48286.1
-116.59715876319656 36.75963839029443 48289.7
-116.59713445123404 36.759638395292384 48293.3
-116.59711008184226 36.75963844841993 48297.3
-116.59708563622168 36.75963854295596 48301.1
-116.59706110369306 36.7596386549786 48305.0
-116.59703651282372 36.759638761544565 48309.2
-116.59701189320384 36.75963883728993 48313.3
-116.59698726797464 36.75963886063175 48317.3
-116.59696268697404 36.75963883755603 48321.8
-116.59693813905108 36.75963878411493 48327.1
-116.59691361511727 36.75963871206681 48332.1
-116.59688910227352 36.75963863000139 48336.6
-116.59686458479904 36.759638547717564 48341.2
-116.59684004827858 36.75963847067944 48346.7
-116.59681548556664 36.7596384008093 48352.2
-116.59679089644312 36.75963834241748 48356.9
-116.59676627311244 36.759638306463046 48361.3
-116.59674162673709 36.759638302782925 48366.5
-116.59671697070752 36.75963833797577 48371.7
-116.59669232752114 36.75963841950052 48376.4
-116.59666768286849 36.75963855115356 48380.7
-116.59664304603808 36.75963873819819 48384.5
-116.59661841477195 36.75963898081313 48388.0
-116.59659380071132 36.75963926556394 48392.5
-116.59656919593976 36.75963956659849 48396.7
-116.59654462049475 36.75963984931474 48399.8
-116.5965200921218 36.75964007809643 48402.1
-116.59649559689448 36.75964022931634 48403.5
-116.5964711512402 36.75964030694763 48404.7
-116.59644671296176 36.759640328516014 48406.0
-116.5964222560209 36.759640314677775 48406.6
-116.59639774232907 36.75964029051434 48406.5
-116.5963731344818 36.75964028925103 48406.8
-116.59634840712508 36.7596403415651 48407.3
-116.59632355043355 36.75964047449117 48407.8
-116.59629858667527 36.759640714972086 48408.2
-116.59627351033129 36.75964105047097 48408.3
-116.59624841148012 36.75964142992508 48408.1
-116.5962233570252 36.759641798358 48407.8
-116.59619839513168 36.75964211082768 48407.0
-116.59617357189477 36.759642350842725 48406.3
-116.59614885684351 36.7596425186882 48406.1
-116.59612423576364 36.75964261154509 48405.2
-116.59609968541258 36.75964262683005 48404.5
-116.5960752133743 36.75964257942684 48404.8
-116.59605077548903 36.75964248699943 48404.6
-116.5960263536102 36.75964236167344 48404.1
-116.59600192714544 36.75964221785865 48404.2
-116.5959774809398 36.75964207026682 48405.0
-116.59595290386264 36.75964192876324 48407.0
-116.59592838330867 36.759641800029975 48408.8
-116.5959038083314 36.75964168849002 48408.6
-116.59587916263898 36.75964159460884 48407.9
-116.59585444731412 36.75964152017245 48408.6
-116.59582966100427 36.75964147043442 48409.8
-116.59580481291428 36.75964145022421 48411.1
-116.59577990941366 36.75964145529007 48412.1
-116.59575498184869 36.75964147798936 48412.9
-116.59573005699316 36.759641512685775 48414.4
-116.59570516453084 36.7596415578551 48416.3
-116.59568031583864 36.759641608267806 48417.8
-116.59565550822504 36.759641665994 48418.7
-116.5956307322175 36.759641735354094 48419.6
-116.59560598881788 36.7596418165314 48420.7
-116.59558127452036 36.75964190465174 48422.1
-116.5955566004427 36.75964199270012 48423.6
-116.59553197410484 36.7596420734001 48425.2
-116.59550739655614 36.759642137567965 48425.8
-116.59548285653844 36.75964218431295 48426.2
-116.5954583250686 36.75964221794241 48426.8
-116.59543377582384 36.75964223993127 48428.0
-116.59540917555404 36.75964224204161 48429.4
-116.59538452860647 36.7596422209169 48430.8
-116.59535983143913 36.759642174284615 48432.1
-116.59533508846036 36.75964209878582 48433.0
-116.59531029439717 36.75964198455319 48433.8
-116.5952854884924 36.759641831962725 48434.5
-116.59526068123527 36.759641650014686 48435.2
-116.59523588958224 36.75964144844604 48436.4
-116.59521112596732 36.75964124497568 48437.0
-116.59518637877856 36.759641064818695 48437.7
-116.59516163061797 36.75964092485323 48438.4
-116.59513685697311 36.759640834029554 48438.3
-116.59511204073875 36.75964079925859 48437.1
-116.5950871614374 36.75964080651508 48437.1
-116.59506226361252 36.75964083742105 48437.9
-116.59503738347696 36.75964087273231 48438.6
-116.5950125646168 36.759640888638415 48438.8
-116.59498785088476 36.7596408632236 48438.8
-116.59496323688631 36.75964078127896 48439.6
-116.59493869837706 36.75964063186502 48440.0
-116.59491418091972 36.75964040693115 48438.3
-116.5948896721462 36.759640126201695 48437.5
-116.59486512305548 36.75963982075745 48438.6
-116.5948405187746 36.75963951968097 48439.1
-116.59481585749728 36.75963924938962 48439.0
-116.59479113003913 36.759639018642815 48438.9
-116.59476637065588 36.759638824676735 48438.8
-116.5947416121522 36.759638665013874 48439.3
-116.59471690022752 36.75963854366784 48440.1
-116.59469222946154 36.75963846345688 48440.2
-116.5946676078498 36.75963842507666 48439.6
-116.59464303131529 36.75963842788962 48438.9
-116.59461850756172 36.75963846743057 48438.6
-116.5945940203252 36.759638528520014 48438.3
-116.59456957407954 36.75963859578316 48438.0
-116.59454516205264 36.75963866043483 48437.8
-116.59452077018994 36.75963872041804 48437.7
-116.59449636316884 36.75963879029021 48437.5
-116.5944718991643 36.75963888460721 48438.0
-116.59444733974296 36.75963901426168 48438.3
-116.5944226484458 36.75963917974693 48438.1
-116.59439783152672 36.759639355970094 48436.9
-116.59437293312814 36.75963953188099 48435.5
-116.5943479900052 36.759639711633206 48435.9
-116.59432304616116 36.75963989687426 48436.7
-116.59429813498238 36.75964008578641 48436.5
-116.5942732702092 36.759640277652 48436.6
-116.59424844871 36.759640473799976 48436.1
-116.5942236598248 36.75964067955584 48435.7
-116.59419887523636 36.75964090021609 48435.6
-116.5941740860044 36.759641127656 48434.7
-116.5941492916444 36.75964134493452 48433.7
-116.59412448216902 36.759641529352685 48433.7
-116.59409968244492 36.7596416689462 48433.3
-116.5940748925804 36.75964175875114 48433.0
-116.59405012557852 36.75964179753035 48434.4
-116.59402538595428 36.75964178579981 48435.5
-116.59400069692128 36.75964173108717 48434.5
-116.59397603969845 36.75964164538319 48434.2
-116.59395140759167 36.75964154184076 48434.3
-116.59392679558437 36.75964143815651 48434.3
-116.5939021852332 36.75964134897351 48434.2
-116.59387756817686 36.75964128120254 48433.4
-116.59385294804498 36.75964123611391 48432.0
-116.593828350651 36.759641208288144 48431.8
-116.59380378771228 36.759641184347686 48431.2
-116.5937792655788 36.7596411505671 48430.5
-116.59375477324596 36.75964109658419 48430.6
-116.59373029290828 36.75964100812576 48431.0
-116.593705840227 36.75964088269132 48431.2
-116.59368140470876 36.75964072555979 48431.6
-116.59365698034328 36.75964054407029 48431.9
-116.593632547416 36.75964035178024 48431.6
-116.59360808230512 36.75964016496736 48431.6
-116.59358356665588 36.75963999251391 48432.0
-116.593558986807 36.75963984220712 48432.2
-116.59353433842293 36.75963972287841 48431.7
-116.59350962001147 36.75963963443103 48430.5
-116.59348485322356 36.75963957346504 48430.0
-116.59346004814311 36.759639531236495 48430.8
-116.5934352089906 36.75963949461624 48431.6
-116.59341034632251 36.75963945778137 48431.2
-116.59338546857695 36.75963942559432 48430.6
-116.5933605801258 36.75963940766352 48431.3
-116.59333570530416 36.75963942449465 48432.1
-116.59331085176512 36.75963949431745 48431.7
-116.593286086006 36.7596396294348 48430.9
-116.59326151342762 36.75963984605382 48430.1
-116.59323740174251 36.759640170909 48429.3
-116.59321395767752 36.75964060041642 48429.0
-116.59319150361412 36.75964109415894 48431.0
-116.59317035506724 36.75964156933604 48432.5
-116.59306248201428 36.75955266285775 48418.1
-116.5930639464853 36.75953624822346 48420.9
-116.59306552723262 36.75951859680719 48423.5
-116.59306698612518 36.75949981247734 48424.0
-116.59306811356647 36.75948006819207 48423.9
-116.59306882121916 36.75945962892674 48422.7
-116.5930690910524 36.75943897389018 48421.8
-116.5930689374772 36.759418523060766 48421.0
-116.59306839709828 36.75939891009291 48418.7
-116.5931634971224 36.759295421320815 48412.5
-116.59318208928292 36.75929698944999 48413.0
-116.59320205349748 36.75929864473196 48417.7
-116.59322334414364 36.75930022814848 48419.0
-116.593245827988 36.75930163668028 48417.9
-116.59326923681398 36.75930280655929 48415.8
-116.59329342468304 36.75930369814177 48414.1
-116.59331824011076 36.759304270559205 48413.2
-116.59334362861463 36.75930455633005 48412.8
-116.59336935638208 36.759304598828 48412.8
-116.59339532193304 36.75930444002917 48412.0
-116.59342140073716 36.759304119379294 48411.1
-116.593447517601 36.75930370355128 48410.2
-116.59347353131568 36.75930325028521 48409.9
-116.59349934584948 36.75930280285555 48410.1
-116.59352484183604 36.759302403527904 48409.8
-116.59355000908036 36.759302079525845 48409.1
-116.59357461944523 36.75930183845793 48408.7
-116.59359875842593 36.75930167410437 48408.2
-116.59362241544822 36.759301578950456 48408.3
-116.5936456814198 36.759301523432285 48408.3
-116.593668705444 36.75930147750494 48408.4
-116.5936916225846 36.7593014195461 48409.5
-116.59371458693904 36.7593013374044 48410.5
-116.59373773118352 36.75930124132299 48411.0
-116.59376110715564 36.75930114153736 48411.8
-116.59378474529092 36.75930103746321 48412.9
-116.593808665223 36.75930092760813 48413.0
-116.59383279758735 36.75930082445336 48412.4
-116.5938570671911 36.7593007532266 48411.7
-116.59388141599776 36.75930073812787 48411.5
-116.59390582744224 36.75930080691472 48412.0
-116.59393022822108 36.75930096750959 48411.7
-116.59395462448758 36.75930120984605 48411.2
-116.59397900062542 36.75930151209276 48411.1
-116.59400332077136 36.7593018327725 48410.9
-116.59402758645716 36.75930212490395 48411.7
-116.594051816137 36.75930235883878 48412.9
-116.59407603146698 36.75930251997808 48413.1
-116.59410025326147 36.75930260536591 48413.1
-116.59412454129551 36.75930263887692 48413.1
-116.59414888498388 36.75930264377363 48412.7
-116.59417327735076 36.75930263527733 48412.4
-116.59419770455416 36.75930261336823 48412.7
-116.59422216394088 36.759302568483406 48412.6
-116.5942466547228 36.759302492417895 48412.9
-116.5942711875222 36.75930237900622 48414.0
-116.59429577613771 36.75930222505364 48415.0
-116.59432044540851 36.7593020452809 48414.9
-116.59434518551542 36.75930185607922 48414.2
-116.59436999147124 36.75930166861808 48414.3
-116.59439486225564 36.75930148652708 48414.3
-116.59441978395768 36.75930130869135 48415.0
-116.59444475124567 36.75930113359827 48416.0
-116.59446975496935 36.75930096725353 48416.0
-116.59449478591937 36.75930083052111 48415.6
-116.59451978129316 36.75930074250676 48415.2
-116.5945447108876 36.75930070952143 48415.2
-116.59456954711126 36.75930073068384 48415.8
-116.594594275126 36.759300796415246 48416.2
-116.5946188812268 36.75930088817435 48416.6
-116.5946433785253 36.75930098955984 48417.3
-116.5946677799174 36.75930108528292 48417.8
-116.59469208871776 36.75930116104824 48418.5
-116.59471633937768 36.75930121486273 48418.7
-116.59474054626676 36.75930125248082 48418.4
-116.59476472747907 36.75930127851584 48419.2
-116.59478891694609 36.75930129584612 48420.4
-116.59481315998238 36.759301309751024 48420.8
-116.59483748401466 36.75930132456838 48420.9
-116.5948619035008 36.759301343349726 48421.3
-116.59488642695706 36.75930136821103 48421.1
-116.59491102924468 36.75930139730241 48421.1
-116.59493568693271 36.75930142738625 48421.0
-116.5949603745396 36.7593014548133 48421.1
-116.59498506786042 36.75930147343167 48421.8
-116.59500975904136 36.7593014860036 48422.0
-116.59503443614692 36.75930150068363 48421.8
-116.59505909918852 36.75930152382144 48422.3
-116.59508376199318 36.759301561464326 48422.7
-116.59510843199229 36.75930161540198 48423.1
-116.59513312426289 36.75930168926882 48423.8
-116.5951578431352 36.759301784299936 48424.1
-116.59518258715376 36.75930189629463 48423.9
-116.59520733256848 36.75930200985201 48423.9
-116.59523207090407 36.75930210767826 48424.0
-116.59525679155227 36.75930217432768 48424.7
-116.59528146055942 36.759302194986 48425.4
-116.595306092304 36.75930216818573 48425.6
-116.59533067984898 36.75930209870625 48426.0
-116.59535522813844 36.75930199469656 48426.4
-116.59537973702112 36.759301873825535 48427.1
-116.59540420771246 36.75930176661287 48427.4
-116.59542862661182 36.75930169945761 48426.7
-116.59545298872412 36.75930168801886 48426.5
-116.59547730121224 36.759301736746266 48426.8
-116.59550156663803 36.75930182596174 48427.6
-116.59552583155832 36.759301936212616 48428.1
-116.59555012447044 36.75930206067993 48428.7
-116.59557448645243 36.75930220419814 48429.1
-116.59559892044967 36.75930237277316 48429.4
-116.5956234341334 36.75930256688318 48429.8
-116.59564802317789 36.75930277975559 48430.4
-116.59567268363384 36.75930300134252 48430.8
-116.59569738722924 36.75930321929908 48431.3
-116.59572210716082 36.75930342239812 48431.7
-116.59574682204337 36.759303602171535 48432.1
-116.59577150153017 36.75930374844243 48432.6
-116.59579615682355 36.75930385467222 48433.2
-116.5958207837744 36.75930391425867 48433.9
-116.59584537725452 36.75930392355416 48434.8
-116.595869911713 36.75930388121472 48435.5
-116.59589441249688 36.75930379844604 48436.4
-116.5959188722832 36.75930368717558 48437.2
-116.59594329615312 36.75930355651464 48437.8
-116.5959676821383 36.759303415747326 48438.4
-116.59599204461388 36.759303279073215 48439.2
-116.59601640496444 36.759303159415246 48440.1
-116.59604079569284 36.75930306647119 48441.0
-116.59606526290662 36.75930301225886 48442.0
-116.59608979147929 36.75930299951596 48442.3
-116.59611438417396 36.759303024277166 48442.5
-116.59613903135704 36.75930307857531 48443.3
-116.59616372006528 36.75930315235199 48444.2
-116.5961884151165 36.75930323368615 48445.1
-116.59621310387008 36.75930331884278 48445.5
-116.59623777208756 36.75930341109938 48445.6
-116.5962623964384 36.75930351743012 48445.4
-116.59628696067278 36.75930363735635 48445.1
-116.5963114773889 36.75930376854329 48445.0
-116.59633596285232 36.75930390865644 48444.8
-116.59636044659976 36.759304048061104 48444.1
-116.59638496801628 36.75930417789967 48443.6
-116.5964095423912 36.75930430187106 48443.0
-116.59643416736112 36.75930442864864 48441.4
-116.59645883811316 36.75930456844712 48439.3
-116.59648352897936 36.759304723325926 48437.2
-116.59650823682172 36.759304890342335 48434.8
-116.5965329607464 36.759305066006974 48431.9
-116.59655769485104 36.75930524713463 48428.7
-116.5965824258277 36.75930542440536 48425.3
-116.5966071401682 36.759305587397925 48421.3
-116.59663182768648 36.75930573081127 48416.7
-116.59665646851644 36.75930584312946 48411.6
-116.59668107997508 36.75930591746148 48406.1
-116.59670565198302 36.75930595622185 48400.5
-116.59673017819492 36.75930596618883 48394.5
-116.59675464584444 36.75930595270791 48388.5
-116.59677907373404 36.75930592475188 48382.6
-116.59680347209196 36.759305887974456 48375.9
-116.59682786664833 36.75930584427008 48368.8
-116.5968522996686 36.75930579898192 48361.6
-116.59687679370596 36.75930575735391 48353.8
-116.59690136895446 36.75930572338704 48345.4
-116.5969260425648 36.759305699177965 48337.7
-116.59695083859796 36.75930568226666 48330.2
-116.59697574460372 36.759305665925446 48322.0
-116.59700074792671 36.7593056492756 48313.8
-116.59702583714513 36.759305637667225 48305.5
-116.5970509968232 36.75930564064959 48297.1
-116.59707617047908 36.75930566381125 48289.0
-116.59710132584804 36.75930570275561 48281.5
-116.59712644252204 36.759305744324365 48273.7
-116.59715150414814 36.75930577094296 48265.7
-116.59717652837251 36.75930577516543 48258.0
-116.59720151414848 36.75930575324512 48250.5
-116.59722646042832 36.75930570486216 48243.8
-116.59725134519408 36.7593056331706 48237.3
-116.59727616567092 36.75930554894516 48230.6
-116.5973009095494 36.75930546226384 48224.3
-116.59732557539188 36.759305382140816 48218.3
-116.59735017241208 36.75930531948984 48212.8
-116.5973747185954 36.75930528025532 48208.1
-116.59739924451684 36.759305267552406 48203.7
-116.5974237773382 36.75930528605265 48199.3
-116.59744835007037 36.7593053456971 48195.3
-116.59747293858236 36.75930544477792 48191.5
-116.5974975501182 36.75930557976051 48188.1
-116.59752218138104 36.759305749735205 48185.2
-116.59754683197822 36.75930595100234 48182.8
-116.59757147769848 36.75930617377592 48180.9
-116.59759612624504 36.75930641141816 48178.8
-116.597620871545 36.759306657168594 48177.3
-116.59764549630232 36.75930689641056 48176.1
-116.59767009181655 36.75930712261893 48175.2
-116.5976946388698 36.75930733182612 48174.1
-116.59771911576176 36.759307511826286 48173.1
-116.59774348249924 36.759307635161065 48173.7
-116.59776778340796 36.75930768582752 48174.9
-116.59779203538017 36.759307660691874 48175.8
-116.59781628032752 36.759307566408566 48176.6
-116.59784055885208 36.75930741512016 48177.8
-116.59786492255196 36.75930723351417 48179.2
-116.59788936697088 36.759307045501664 48180.7
-116.59791388964804 36.75930686813374 48182.3
-116.5979385015613 36.75930671112526 48184.4
-116.597963189749 36.759306569210814 48186.7
-116.59798796854632 36.75930643042288 48189.2
-116.59801285295404 36.75930628251987 48191.6
-116.59803785253 36.75930612105904 48194.0
-116.59806293999505 36.759305955087214 48196.4
-116.598088071387 36.75930579751295 48198.8
-116.59811321201998 36.75930565740612 48201.0
-116.59813833636797 36.759305546920416 48203.1
-116.59816340215316 36.75930547306498 48204.9
-116.59818839781076 36.759305437638325 48206.6
-116.59821331738672 36.7593054433592 48208.1
-116.598238178098 36.75930549879148 48209.1
-116.59826297899872 36.75930559787785 48209.8
-116.59828774491204 36.75930572652676 48210.3
-116.59831248239932 36.75930587356775 48210.5
-116.59833720162251 36.759306037766336 48209.9
-116.59836190874032 36.75930622001688 48208.9
-116.5983866196987 36.75930641929121 48207.5
-116.59841133900072 36.75930663067492 48206.0
-116.598436060791 36.759306838033766 48203.5
-116.598460792464 36.75930701355204 48200.1
-116.59848553944497 36.75930712910135 48197.3
-116.5985103137252 36.75930716836739 48194.5
-116.59853512099012 36.7593071233918 48190.9
-116.59856000662184 36.75930701564621 48186.5
-116.59858492959204 36.759306874100346 48181.9
-116.5986098303082 36.75930672949159 48177.7
-116.59863457168872 36.75930661044914 48173.8
-116.59865893209113 36.75930651994777 48169.1
-116.59868266688171 36.759306429766895 48163.2
-116.59882297859 36.75920019089296 48134.9
-116.598819669479 36.75918377562997 48124.7
-116.59881632533263 36.75916642405468 48122.2
-116.5988131281192 36.75914834111215 48120.8
-116.59881016949944 36.75912972556513 48119.7
-116.59880749485993 36.75911082847011 48117.9
-116.59880504208292 36.759092192545886 48114.9
-116.5986710663604 36.7589800630278 48110.1
-116.59865242953796 36.75898194741199 48106.0
-116.59863241951342 36.75898400356169 48105.1
-116.59861122299615 36.75898600940789 48105.6
-116.59858896546316 36.758987838394575 48106.2
-116.59856576705992 36.75898941827828 48106.5
-116.59854164690135 36.75899070376722 48106.7
-116.59851706382472 36.75899172610755 48107.5
-116.59849215054946 36.758992552103 48108.5
-116.59846706920176 36.75899323333464 48109.4
-116.5984419447976 36.75899380702494 48110.6
-116.59841693531752 36.758994316120535 48111.8
-116.59839208380832 36.75899478944919 48113.6
-116.59836743479217 36.75899524094 48115.6
-116.59834304762092 36.75899567077103 48117.9
-116.59831892528388 36.75899607576506 48120.4
-116.59829505369169 36.75899644475168 48123.5
-116.59827140695047 36.758996763260726 48125.9
-116.5982479294212 36.7589970081316 48127.2
-116.59822457880038 36.75899717042 48128.3
-116.5982012701634 36.75899724798543 48130.3
-116.59817793678248 36.7589972405008 48132.9
-116.5981544709668 36.758997152078194 48134.2
-116.5981308473488 36.75899700273346 48135.5
-116.59810702724003 36.75899680566136 48137.0
-116.59808301947346 36.75899657287027 48137.3
-116.59805882701708 36.75899632312176 48136.9
-116.59803449753412 36.75899608150254 48136.0
-116.5980100675274 36.75899586843445 48136.2
-116.59798556998058 36.75899569566104 48136.3
-116.59796105474663 36.75899556727242 48135.7
-116.59793655529904 36.75899547772679 48135.0
-116.59791210906393 36.75899542253213 48134.5
-116.59788772424643 36.75899540294943 48133.5
-116.59786340276268 36.758995419805125 48131.9
-116.59783911084745 36.758995458507904 48130.6
-116.59781484267992 36.75899550627816 48129.4
-116.5977905792776 36.7589955529844 48128.4
-116.5977663088582 36.75899559091209 48127.3
-116.5977420316354 36.75899561575356 48126.9
-116.5977177471513 36.75899562204336 48126.9
-116.59769346172156 36.7589956045658 48126.8
-116.5976691775298 36.75899556697047 48126.5
-116.59764490132456 36.758995532225626 48127.1
-116.5976206291908 36.758995526605446 48129.0
-116.59759636180168 36.75899557292005 48131.0
-116.59757211067578 36.75899569550394 48133.0
-116.59754782881409 36.7589958906484 48135.3
-116.59752353812706 36.758996139148806 48138.9
-116.59749924304484 36.7589964169214 48141.7
-116.59747493723935 36.75899669017921 48144.9
-116.59745062556388 36.758996925977726 48148.9
-116.59742629370552 36.758997102687125 48152.8
-116.59740192834651 36.758997210978606 48157.1
-116.5973775037942 36.758997249624606 48162.4
-116.59735306065129 36.75899723963524 48168.3
-116.59732859882276 36.75899720427111 48174.5
-116.59730413078076 36.75899716254346 48180.8
-116.59727967410451 36.758997131117766 48187.2
-116.59725523206338 36.75899711015938 48193.8
-116.5972308271347 36.75899708629336 48200.3
-116.59720647278311 36.7589970519385 48206.9
-116.59718217643965 36.75899700442993 48214.8
-116.59715793027932 36.75899694569657 48222.4
-116.59713371380889 36.758996877616624 48229.7
-116.5971095073122 36.758996798867805 48237.3
-116.59708528715916 36.75899671318076 48244.5
-116.59706103394524 36.75899663196169 48251.9
-116.59703673383348 36.758996566329344 48259.7
-116.59701238359682 36.75899653133286 48267.7
-116.5969879900168 36.75899654562088 48275.7
-116.59696353368244 36.7589966122783 48283.0
-116.59693903521324 36.758996724902055 48289.9
-116.59691450846373 36.75899686907353 48297.4
-116.59688996733196 36.758997022994855 48304.7
-116.59686543074248 36.758997162012605 48312.3
-116.59684091924876 36.75899727120576 48319.6
-116.59681644484868 36.75899734632527 48327.1
-116.5967920170502 36.758997391451565 48334.9
-116.59676763925502 36.75899741925144 48342.4
-116.5967432879582 36.7589974350552 48349.2
-116.5967189426062 36.75899744128348 48356.2
-116.59669458058688 36.75899743758092 48363.1
-116.59667019547928 36.75899742813573 48369.7
-116.59664567778432 36.75899741748152 48375.8
-116.596621215734 36.758997415685066 48382.6
-116.59659670764864 36.75899743743168 48389.5
-116.59657214444717 36.758997484874754 48395.8
-116.59654754297166 36.758997548111566 48401.9
-116.5965229185698 36.758997616804 48408.0
-116.5964982801346 36.75899768311914 48413.1
-116.59647364179828 36.75899773695535 48418.0
-116.59644901308334 36.75899777346777 48422.9
-116.59642440569236 36.7589977946249 48427.2
-116.5963998355806 36.75899780764417 48431.1
-116.5963753159096 36.75899782118132 48434.6
-116.59635085478205 36.75899784841239 48437.5
-116.59632645348862 36.75899790585439 48441.1
-116.59630212444858 36.75899800927657 48445.0
-116.59627783172056 36.758998156412 48447.2
-116.59625358058916 36.75899833480059 48448.9
-116.59622935785204 36.758998532816655 48450.2
-116.59620513549356 36.75899873759944 48450.6
-116.5961808741704 36.758998925393456 48451.6
-116.59615654225064 36.75899906764352 48453.0
-116.59613211086204 36.75899914540065 48452.9
-116.59610752848889 36.75899913819968 48453.4
-116.59608285213582 36.75899905315942 48453.5
-116.59605808411168 36.75899891529235 48453.2
-116.59603325420125 36.7589987541562 48453.4
-116.5960084087425 36.758998605339656 48453.9
-116.59598357231047 36.7589985031964 48454.2
-116.59595877231342 36.758998469759 48453.7
-116.59593402468856 36.7589985148062 48452.9
-116.59590936583652 36.75899864430006 48452.3
-116.59588475193948 36.75899884009457 48450.8
-116.5958601946802 36.75899907798878 48449.5
-116.59583568551696 36.75899933900636 48448.9
-116.59581121520308 36.75899960850915 48447.4
-116.59578676956392 36.758999877777335 48445.9
-116.59576235155392 36.759000136574784 48446.3
-116.59573796979008 36.75900037029788 48447.0
-116.59571361798756 36.75900055485526 48447.2
-116.59568931539134 36.75900067850217 48446.4
-116.5956650287616 36.75900074230432 48445.3
-116.5956407317044 36.759000754453 48444.0
-116.59561638911956 36.75900072250424 48443.2
-116.59559201270012 36.75900066637489 48443.0
-116.59556759511295 36.75900060119452 48442.6
-116.59554314485943 36.759000535026125 48442.3
-116.59551867164464 36.75900046831852 48442.1
-116.59549420461651 36.75900039435805 48441.5
-116.59546977526291 36.75900030852776 48441.5
-116.5954454122204 36.75900020603599 48441.5
-116.59542114361572 36.759000084143615 48441.0
-116.59539696867952 36.758999952837314 48438.4
-116.59537285791852 36.75899982375261 48436.9
-116.59534878947603 36.75899970481776 48436.5
-116.59532474731436 36.75899959871935 48436.7
-116.59530070414736 36.75899950309797 48436.3
-116.595276647419 36.75899941466314 48435.1
-116.59525255971856 36.7589993260831 48434.0
-116.59522841324292 36.758999223400885 48433.0
-116.5952042062022 36.75899910421651 48432.3
-116.59517992036506 36.75899897645565 48431.5
-116.59515554095472 36.75899885350884 48430.7
-116.59513105480912 36.758998750291056 48429.2
-116.59510646623424 36.75899867354277 48427.1
-116.5950818021657 36.758998624793406 48426.8
-116.5950570923078 36.75899859756103 48426.9
-116.59503238096757 36.7589985786452 48427.7
-116.59500771953716 36.75899855771607 48427.7
-116.59498314323952 36.75899853383586 48425.5
-116.5949586666584 36.758998510417136 48424.1
-116.59493429294352 36.75899848653608 48425.4
-116.5949099871268 36.7589984538476 48426.1
-116.59488571623392 36.758998402613166 48425.4
-116.59486145428735 36.7589983278206 48425.5
-116.59483717603656 36.75899822365957 48426.6
-116.5948128855824 36.75899809284394 48427.2
-116.59478856881596 36.75899794390372 48426.7
-116.59476422073452 36.758997786619126 48425.2
-116.59473984007435 36.758997632688896 48424.0
-116.59471542799092 36.75899749689276 48423.9
-116.59469099170148 36.75899738693127 48424.5
-116.59466653724697 36.75899730225503 48425.8
-116.59464206643705 36.7589972347367 48426.4
-116.59461757652934 36.75899716944448 48424.6
-116.5945930716868 36.75899709849649 48423.6
-116.59456854782309 36.75899701726238 48424.4
-116.59454398068053 36.75899691940696 48424.5
-116.59451937013964 36.758996797299055 48424.2
-116.594494711188 36.75899665076755 48424.1
-116.5944700041848 36.75899648388064 48424.3
-116.59444523326668 36.758996297340495 48424.1
-116.59442040930668 36.75899609815904 48422.3
-116.5943955272675 36.75899589547132 48420.9
-116.59437059414071 36.75899569996946 48421.1
-116.59434563748864 36.75899552867568 48422.4
-116.59432067154032 36.758995397388325 48423.4
-116.59429571509511 36.75899531934516 48423.9
-116.59427076158782 36.75899530148308 48424.1
-116.59424581001292 36.75899534914127 48423.4
-116.5942208200918 36.75899545176284 48423.1
-116.5941958029358 36.75899559611694 48423.1
-116.59417076176994 36.75899577240222 48422.6
-116.59414571496256 36.75899597006811 48422.3
-116.59412068576069 36.7589961719472 48422.1
-116.59409570073852 36.75899636604344 48422.2
-116.5940707693576 36.75899653918048 48422.1
-116.5940458853459 36.758996676577446 48421.0
-116.59402105577249 36.75899677277798 48420.4
-116.59399626585147 36.758996832712576 48420.2
-116.5939715116006 36.758996868402846 48420.1
-116.59394678524971 36.75899689868491 48420.9
-116.59392206765013 36.758996937988975 48421.2
-116.5938973507441 36.75899698624783 48421.1
-116.5938726388333 36.758997029019326 48420.0
-116.59384793950748 36.75899705076316 48419.4
-116.59382326666028 36.75899704866824 48419.3
-116.59379860769184 36.75899702168261 48418.9
-116.593773951679 36.7589969680252 48418.8
-116.59374927281856 36.7589968786838 48418.5
-116.59372457838184 36.75899675168749 48418.6
-116.59369985381484 36.75899658687822 48418.9
-116.59367509617448 36.758996388990056 48419.8
-116.5936503023496 36.75899617198137 48421.2
-116.5936254873958 36.75899596332741 48422.1
-116.59360065490144 36.7589957855563 48422.5
-116.59357581364368 36.75899565362226 48421.9
-116.59355098646364 36.758995580786895 48420.4
-116.59352614408792 36.75899556147317 48419.4
-116.5935012916786 36.758995573782265 48418.9
-116.59347642249944 36.75899559342955 48418.6
-116.59345152039111 36.75899559461926 48418.2
-116.5934265973888 36.758995560157416 48418.2
-116.59340164623266 36.75899548786937 48418.0
-116.59337666780152 36.75899538218092 48418.0
-116.59335165282472 36.758995252979055 48418.2
-116.5933266154654 36.75899512551285 48418.1
-116.59330157231012 36.75899503723336 48418.1
-116.5932765783584 36.75899503740133 48418.8
-116.5932518182042 36.75899519364379 48419.5
-116.59322738917342 36.75899552526931 48420.0
-116.59320357907016 36.75899600558334 48419.1
-116.59318070941735 36.75899658004303 48419.6
-116.59315930400572 36.7589971504177 48421.4
-116.59313957544144 36.758997561450734 48421.1
-116.59305149262536 36.75889517445779 48415.1
-116.5930530294556 36.758877514911845 48412.3
-116.59305439690748 36.75885878915627 48413.5
-116.59305543088284 36.75883920741426 48414.1
-116.593056054816 36.758819121042464 48413.5
-116.59305623277238 36.758798853052014 48412.9
-116.5930559233258 36.758778911612 48412.0
-116.59305521856272 36.75875951003344 48410.0
-116.59305427496145 36.75874125555672 48405.2
-116.59305328914884 36.7587244082086 48397.1
-116.59318427671572 36.758659237846125 48403.2
-116.5932061295334 36.75866128157289 48404.7
-116.59322930605296 36.758663084807054 48405.1
-116.59325365341329 36.75866455984063 48404.6
-116.59327898031272 36.75866562919608 48403.7
-116.59330517873246 36.758666334109726 48402.6
-116.5933318535544 36.75866674496166 48401.4
-116.59335875826685 36.75866692154504 48400.2
-116.5933855772238 36.75866690586293 48398.3
-116.59341210698152 36.758666759197936 48397.1
-116.59343811934016 36.75866652410142 48396.8
-116.5934634725804 36.75866622326618 48396.6
-116.59348798903112 36.75866587904864 48396.4
-116.59351172237464 36.75866552873383 48396.4
-116.5935347486066 36.7586652125989 48395.9
-116.59355716805364 36.75866496642722 48394.5
-116.59357913852716 36.758664831754494 48394.4
-116.5936008574191 36.75866482325051 48395.7
-116.59362258809068 36.75866493438257 48397.4
-116.59364452243338 36.75866515914721 48398.3
-116.593666887994 36.75866550399832 48399.0
-116.59368969791456 36.75866595465166 48399.7
-116.59371297272088 36.75866648855753 48400.3
-116.59373666280108 36.75866708066663 48400.2
-116.59376070063128 36.75866769358892 48399.5
-116.59378495391088 36.75866826727576 48398.7
-116.59380933045476 36.75866874701968 48398.7
-116.59383377343195 36.758669093263606 48398.7
-116.59385821542942 36.75866927642464 48399.1
-116.59388272196342 36.758669316615645 48399.2
-116.59390725355836 36.75866924619359 48398.9
-116.593931812975 36.75866909139581 48399.0
-116.5939563933594 36.758668872288965 48399.3
-116.59398100391016 36.75866861849999 48399.0
-116.59400560459552 36.75866835241405 48399.0
-116.59403016506177 36.758668090000135 48399.0
-116.59405465058528 36.7586678445943 48398.8
-116.5940790397817 36.75866762134327 48398.9
-116.59410333858672 36.75866742206062 48399.0
-116.59412755563731 36.758667250994975 48398.7
-116.59415171886351 36.75866711164336 48399.3
-116.59417585465476 36.758666998269774 48399.9
-116.5942000119145 36.75866690564192 48399.9
-116.59422422088612 36.75866683302922 48400.0
-116.594248517566 36.758666784828335 48400.8
-116.59427288032896 36.75866676860447 48401.3
-116.59429728537016 36.75866679127721 48401.3
-116.59432169858329 36.75866686226955 48401.4
-116.59434609568828 36.75866699731191 48401.6
-116.59437041589852 36.75866719209024 48401.9
-116.59439466177136 36.75866742575241 48402.0
-116.59441882518188 36.758667677015445 48402.6
-116.59444289722178 36.758667927784494 48403.0
-116.59446689292862 36.75866817699062 48402.9
-116.59449082240717 36.758668429096346 48402.9
-116.59451470231636 36.75866868551881 48403.4
-116.5945385541948 36.75866894331634 48403.8
-116.59456240701256 36.75866920216666 48404.3
-116.59458627984247 36.75866946146948 48404.6
-116.5946101839003 36.75866971592186 48404.9
-116.59463412381496 36.75866996051492 48405.1
-116.59465810694796 36.75867018719023 48405.3
-116.59468214628204 36.758670386800524 48406.4
-116.59470626077044 36.75867055760072 48407.8
-116.5947304655763 36.75867069878748 48407.2
-116.59475477487806 36.75867080762915 48406.4
-116.59477917805084 36.758670872178 48406.7
-116.5948036730418 36.75867087721523 48406.9
-116.59482823122671 36.758670809879305 48407.1
-116.59485284050972 36.758670679933566 48407.5
-116.59487744952052 36.75867050476112 48407.7
-116.59490204759696 36.758670295936575 48408.1
-116.5949266373972 36.758670061458325 48408.2
-116.5949512318314 36.75866982046179 48408.2
-116.59497582265372 36.758669593060304 48408.3
-116.59500039694032 36.758669397713 48408.9
-116.59502494217668 36.75866924960612 48410.0
-116.59504942450864 36.7586691507497 48410.2
-116.59507386011224 36.7586690953267 48409.8
-116.59509825055532 36.7586690758808 48409.3
-116.59512259304118 36.75866907985115 48409.7
-116.5951468780296 36.75866909700023 48410.5
-116.59517110943052 36.75866911917117 48411.1
-116.59519529327576 36.758669136466985 48411.6
-116.59521943175844 36.75866913737551 48412.1
-116.5952435449138 36.75866911717269 48412.8
-116.59526763924188 36.758669072987 48413.4
-116.5952917281053 36.75866900827948 48413.4
-116.59531581079194 36.75866894074856 48413.4
-116.5953398792468 36.75866888583688 48413.8
-116.59536394127636 36.758668856234806 48414.5
-116.59538800637344 36.758668864604495 48415.4
-116.5954120924756 36.758668919933086 48415.2
-116.5954361659848 36.75866900900823 48414.8
-116.5954602371777 36.758669105308925 48415.7
-116.59548431025372 36.758669193804266 48416.8
-116.59550840152816 36.75866927247294 48417.5
-116.595532533096 36.75866935056856 48417.1
-116.59555670749565 36.75866944260781 48416.7
-116.5955809178903 36.75866956316428 48417.3
-116.5956051558346 36.758669727445216 48418.2
-116.59562937946195 36.75866993200625 48418.9
-116.59565360317968 36.75867016734907 48419.2
-116.59567784584132 36.75867042318347 48419.2
-116.59570213814952 36.75867068864724 48419.4
-116.59572650073476 36.758670943970536 48419.8
-116.59575094989324 36.758671166410224 48420.2
-116.59577548773736 36.75867133747256 48420.3
-116.59580009461176 36.75867143373662 48420.4
-116.59582478806315 36.75867144855615 48420.1
-116.59584952254892 36.75867139348897 48419.7
-116.59587427626332 36.7586712804432 48419.5
-116.59589902376044 36.75867112769553 48419.3
-116.59592375517784 36.75867097254367 48419.2
-116.59594843377916 36.75867084994681 48418.0
-116.59597303673368 36.758670781028606 48416.6
-116.59599757181904 36.75867078307973 48416.1
-116.5960220227026 36.75867085528402 48416.9
-116.59604642502867 36.758670988412405 48416.6
-116.59607079109664 36.75867117433658 48414.0
-116.59609513311952 36.75867139191823 48412.2
-116.59611945446504 36.75867160624061 48411.0
-116.59614376222116 36.7586717964174 48409.2
-116.59616804933108 36.75867195912394 48407.2
-116.59619230260544 36.75867209790408 48404.8
-116.59621653205772 36.75867222616933 48401.3
-116.59624074090364 36.75867234929633 48397.8
-116.59626494374204 36.75867246219259 48394.3
-116.5962891602624 36.758672556347136 48390.6
-116.5963134238376 36.75867262650816 48386.8
-116.59633775533268 36.758672671545376 48382.5
-116.59636217804052 36.75867269254247 48377.5
-116.59638670831552 36.75867269571557 48371.9
-116.59641133050192 36.758672696436975 48366.0
-116.59643600439108 36.75867271079089 48359.2
-116.59646069211595 36.75867275054901 48352.3
-116.59648536198311 36.75867282727944 48345.9
-116.59650996390742 36.75867294051881 48338.8
-116.59653450215276 36.75867308017501 48331.3
-116.59655899152536 36.7586732347337 48323.4
-116.59658344893548 36.7586733847713 48315.6
-116.59660791555704 36.75867350377487 48307.6
-116.59663242038476 36.758673574173166 48299.5
-116.59665698382996 36.75867358349328 48291.3
-116.59668160437585 36.75867352046092 48283.1
-116.59670629681604 36.75867340033173 48273.6
-116.59673101577152 36.758673246288325 48263.3
-116.59675573880637 36.758673080887 48253.7
-116.59678045268826 36.75867292636256 48245.0
-116.59680523602164 36.75867279847273 48236.1
-116.59682989695716 36.75867270495917 48227.1
-116.5968545396082 36.75867264919153 48218.6
-116.59687917515862 36.75867263497912 48210.5
-116.59690378775043 36.75867265876565 48202.4
-116.5969283930621 36.758672715982186 48194.3
-116.59695299636633 36.758672802730246 48186.7
-116.59697760489416 36.758672918017545 48179.8
-116.59700220687068 36.75867305730261 48172.9
-116.59702681355824 36.75867321472061 48165.6
-116.59705143622796 36.75867337690801 48159.0
-116.59707608938676 36.75867351972121 48153.4
-116.59710080049966 36.75867362172978 48147.7
-116.59712555347842 36.75867367270121 48142.4
-116.597150321046 36.75867367246856 48137.3
-116.59717505276214 36.75867363185502 48131.3
-116.59719972876564 36.75867357060389 48125.0
-116.59722433098824 36.75867350327837 48119.7
-116.59724887256834 36.758673433745976 48116.4
-116.59727338301374 36.75867335355808 48113.3
-116.5972979282137 36.7586732480168 48109.9
-116.5973225455944 36.75867311232296 48106.5
-116.59734724832568 36.758672951716974 48103.3
-116.59737203817248 36.75867277425285 48100.5
-116.5973968922968 36.75867259249273 48098.2
-116.59742177728894 36.75867241687384 48096.1
-116.5974466624512 36.758672255261104 48094.2
-116.59747151091123 36.758672108770085 48093.1
-116.59749629314626 36.75867196842138 48092.5
-116.59752100717436 36.7586718272028 48092.3
-116.59754565809178 36.75867168295073 48092.6
-116.59757026505008 36.75867153461512 48093.3
-116.59759486907508 36.7586713867847 48094.2
-116.59761949526718 36.758671246925495 48095.7
-116.59764416215428 36.75867112230924 48097.2
-116.59766888221398 36.758671019906096 48098.6
-116.59769362945508 36.75867094262591 48100.2
-116.59771839446744 36.75867088747463 48101.6
-116.59774316523794 36.75867084935509 48103.0
-116.59776792976224 36.75867082254326 48104.5
-116.5977926739438 36.758670801816 48105.5
-116.59781738988536 36.75867078452576 48106.9
-116.59784206823755 36.75867077586556 48107.8
-116.59786669802696 36.75867078684357 48108.2
-116.59789127215345 36.758670819640734 48108.6
-116.59791581074316 36.758670866743024 48108.6
-116.59794033308074 36.75867091623331 48108.6
-116.59796486288668 36.75867095613468 48108.5
-116.59798943032348 36.75867098527793 48107.6
-116.59801404842536 36.75867101215821 48105.3
-116.59803872756753 36.75867105108152 48102.7
-116.5980634870544 36.75867112135744 48100.0
-116.59808830180658 36.75867123339002 48097.0
-116.59811316948068 36.75867138876124 48093.9
-116.59813807845669 36.75867158561432 48090.6
-116.5981630278757 36.75867182296981 48087.3
-116.598187983943 36.75867209493796 48083.9
-116.59821294367008 36.75867239561872 48080.8
-116.59823789355372 36.75867271793536 48077.9
-116.59826281814344 36.758673052535286 48074.4
-116.59828770468484 36.758673388569925 48070.7
-116.59831255553432 36.7586737156898 48067.6
-116.59833737303047 36.75867402261076 48065.6
-116.59836214912148 36.758674291218206 48064.0
-116.59838691827242 36.75867451094454 48062.4
-116.59841167919508 36.758674677692206 48061.0
-116.59843643536692 36.75867479375186 48059.4
-116.59846117024256 36.75867486354041 48058.5
-116.59848589169384 36.758674898708286 48058.5
-116.5985105811628 36.75867490611783 48058.7
-116.59853524067768 36.75867488520564 48059.3
-116.59855987021056 36.75867483104961 48060.7
-116.59858451085832 36.758674741568434 48061.9
-116.59860917981558 36.75867462426493 48063.5
-116.59863389043149 36.758674502736966 48065.0
-116.59865866238177 36.75867442984518 48066.6
-116.5986834268504 36.75867448536896 48068.4
-116.59870814844018 36.75867477141443 48069.5
-116.59873275990616 36.75867542280957 48069.7
-116.59875732605865 36.75867666849894 48069.8
-116.59878144439188 36.75867863546641 48070.1
-116.59880521845956 36.75868139978152 48071.7
-116.598828623809 36.75868502250572 48074.1
-116.59885185355516 36.75868964667912 48075.8
-116.59887449220705 36.75869507657099 48076.5
-116.59889688353016 36.75870120464108 48077.5
-116.5989191286872 36.7587079069981 48078.8
-116.59894141899048 36.758715108803415 48079.8
-116.59896370834107 36.758722590304366 48081.2
-116.59898618779934 36.75873025101578 48082.5
-116.599008919575 36.75873800188123 48082.5
-116.59903194385788 36.75874575441439 48082.7
-116.59905530317732 36.758753447911694 48083.6
-116.5990789197616 36.75876101234947 48084.7
-116.5991026902774 36.758768375907394 48085.9
-116.5991263251792 36.75877539263976 48087.4
-116.59914960512428 36.7587819886112 48089.0
-116.59917206587718 36.75878802324126 48090.5
-116.59919324572203 36.758793343031314 48091.7
-116.59921221731156 36.75879764643172 48094.1
-116.59922883551722 36.75880089136205 48097.1
