Long Lat Mag_nT
-116.60372681622437 36.758604202156285 48199.0
-116.6037456009136 36.75860446823658 48202.8
-116.60376550427388 36.758604720197546 48205.4
-116.60378672009428 36.7586049109898 48208.1
-116.60380901876418 36.75860503033786 48210.9
-116.60383227343334 36.75860507191974 48213.8
-116.60385632088122 36.75860502627825 48215.6
-116.60388109632756 36.75860485711234 48216.7
-116.6039063316678 36.75860456040416 48218.6
-116.60393187231064 36.7586041339596 48221.2
-116.6039575956208 36.75860359741323 48223.2
-116.60398343438578 36.75860299346567 48225.2
-116.60400928795433 36.75860238928209 48227.0
-116.604035097063 36.758601813634 48228.1
-116.60406082174292 36.758601278379565 48228.9
-116.60408638155634 36.758600801370754 48230.0
-116.60411175982676 36.7586003917132 48230.9
-116.60413696093752 36.7586000654562 48232.1
-116.60416202235336 36.7585998342388 48233.7
-116.60418694076236 36.75859971964381 48235.5
-116.60421177274095 36.75859969956807 48237.5
-116.60423656376808 36.75859976139147 48239.1
-116.60426134958588 36.7585998899648 48240.6
-116.6042861322726 36.75860007585565 48242.7
-116.6043109110539 36.75860029503808 48245.6
-116.60433568350363 36.7586005290648 48249.3
-116.60436043360654 36.75860075975772 48253.3
-116.60438515087505 36.75860095994109 48258.0
-116.6044098514578 36.758601119886194 48263.1
-116.60443454744087 36.75860124396248 48269.0
-116.6044592547519 36.758601347796265 48274.7
-116.60448397885855 36.758601455086605 48279.7
-116.60450869611851 36.75860157955498 48285.4
-116.60453337858031 36.75860172671665 48292.7
-116.60455800302276 36.758601896310445 48300.2
-116.60458255013044 36.75860208925797 48307.0
-116.60460703449236 36.7586023014452 48313.6
-116.60463146847113 36.75860252750199 48320.8
-116.60465586004496 36.75860275784502 48327.7
-116.60468021463052 36.75860297334901 48334.7
-116.60470456430292 36.758603160215536 48342.3
-116.60472893411628 36.7586033169397 48349.9
-116.60475333700904 36.75860345187044 48357.2
-116.60477778456617 36.758603577961615 48364.5
-116.60480226210036 36.75860371135114 48371.2
-116.60482675666384 36.75860385877895 48377.8
-116.6048512610928 36.75860402248325 48385.0
-116.60487576222462 36.758604203696734 48392.4
-116.6049002520988 36.758604386591365 48400.0
-116.60492472479012 36.758604551052095 48407.4
-116.60494916136624 36.758604676858766 48415.0
-116.60497355602904 36.75860473946024 48422.9
-116.60499791564013 36.75860474840806 48430.5
-116.60502224001527 36.758604722443074 48437.5
-116.60504653764995 36.758604681919216 48445.5
-116.60507082200708 36.758604638144334 48453.5
-116.6050951102936 36.75860459811647 48461.1
-116.60511941139424 36.75860456686871 48468.6
-116.60514373470248 36.75860455050692 48476.0
-116.60516809083568 36.75860455648175 48483.6
-116.60519248677193 36.75860458226387 48490.7
-116.6052169348106 36.75860462788392 48497.8
-116.60524144522589 36.758604691474446 48505.1
-116.60526601738502 36.75860477356652 48512.6
-116.60529062542656 36.7586048672116 48519.4
-116.6053152483218 36.75860496837237 48526.0
-116.6053398697806 36.75860507705572 48532.6
-116.60536448223084 36.75860519878312 48539.0
-116.60538910021188 36.75860533624734 48545.2
-116.60541373830092 36.75860549194312 48551.1
-116.6054384067005 36.75860566991156 48556.6
-116.60546310336711 36.75860587800836 48562.4
-116.6054878198172 36.75860611447355 48567.7
-116.60551255715257 36.758606380570846 48572.1
-116.60553731519003 36.758606666587845 48575.8
-116.60556209426456 36.75860694313074 48580.1
-116.60558690264872 36.75860717355955 48584.2
-116.60561174152448 36.75860733435825 48587.5
-116.60563659469086 36.75860741168896 48590.7
-116.60566147949828 36.758607395470285 48594.1
-116.60568638554344 36.75860732488382 48596.6
-116.60571129281033 36.75860723995119 48598.9
-116.60573619065758 36.75860717442541 48601.2
-116.60576104870307 36.75860715020268 48603.4
-116.6057858548598 36.75860715657339 48605.9
-116.60581060146116 36.7586071801884 48608.4
-116.60583527651488 36.75860720679508 48610.0
-116.605859868721 36.75860722153715 48611.3
-116.6058843993742 36.758607219538526 48612.8
-116.6059088817712 36.75860720432125 48614.6
-116.6059333490802 36.7586071862021 48616.4
-116.6059578389095 36.75860718769818 48618.1
-116.60598235849038 36.75860722464065 48619.7
-116.60600691384828 36.758607309299485 48621.0
-116.60603151253072 36.7586074454544 48622.3
-116.60605613319508 36.75860763229287 48623.4
-116.60608075001517 36.75860785105865 48624.8
-116.60610535025192 36.75860808699745 48626.1
-116.60612992448056 36.75860832681798 48627.4
-116.60615446409416 36.758608552893385 48629.0
-116.60617897993296 36.75860875240001 48630.4
-116.606203484456 36.75860892298866 48631.7
-116.60622799490608 36.758609064133616 48633.3
-116.60625254780416 36.75860916911941 48634.6
-116.60627715126964 36.75860924297156 48635.8
-116.60630180114164 36.75860928691088 48636.5
-116.60632648191852 36.758609300567045 48637.1
-116.60635117860168 36.75860927512852 48638.2
-116.60637585247572 36.758609220173575 48639.9
-116.60640045789836 36.75860914703687 48641.3
-116.60642496106644 36.75860906260242 48642.4
-116.60644934840212 36.75860896848233 48643.7
-116.606473657667 36.75860887108615 48645.3
-116.606497910269 36.75860877531263 48646.6
-116.60652213032056 36.75860868982286 48647.7
-116.60654633912992 36.75860863247215 48648.3
-116.60657057089428 36.75860861166517 48648.9
-116.60659485885245 36.75860863423673 48650.4
-116.60661922672992 36.75860869997049 48651.4
-116.60664367466173 36.758608803351855 48651.6
-116.60666817550523 36.7586089090952 48652.2
-116.60669271156809 36.758608985015215 48653.4
-116.6067172473326 36.75860900593128 48654.4
-116.60674177471653 36.75860894615642 48655.5
-116.60676629033362 36.75860882395343 48657.1
-116.60679080487328 36.75860866382149 48658.5
-116.60681535135936 36.75860850354913 48659.6
-116.60684006405629 36.75860838015837 48660.7
-116.60686474492418 36.75860830735338 48661.2
-116.60688948023028 36.75860828671501 48661.0
-116.6069142659914 36.75860831556447 48661.7
-116.60693908607143 36.758608399454765 48663.1
-116.60696395451612 36.75860851956734 48664.2
-116.60698889308298 36.75860866506792 48665.2
-116.60701392312332 36.75860883007153 48666.3
-116.60703906817152 36.758609016001294 48667.5
-116.60706431178144 36.75860922358252 48668.5
-116.60708963501408 36.75860945277798 48669.5
-116.60711500837655 36.75860969511976 48669.9
-116.60714040272788 36.75860992897251 48670.9
-116.6071657810077 36.75861013458476 48671.9
-116.60719111078248 36.75861029506935 48672.6
-116.60721635846348 36.75861040493899 48673.7
-116.6072415139422 36.75861045920932 48675.0
-116.60726657971485 36.758610480905205 48676.1
-116.60729155403835 36.75861048952903 48677.4
-116.60731644707792 36.75861050292328 48678.1
-116.60734125043076 36.758610550858414 48678.9
-116.60736598835308 36.758610650599934 48680.2
-116.60739068136871 36.7586108081823 48681.4
-116.60741536210196 36.75861102022679 48682.7
-116.60744003287456 36.75861128820959 48683.9
-116.60746470790112 36.758611592659136 48685.5
-116.6074893916216 36.75861191934692 48686.1
-116.60751409002526 36.758612251927374 48686.2
-116.60753884210764 36.75861255908875 48687.5
-116.60756367525327 36.75861281480223 48689.3
-116.6075886153008 36.7586129931308 48690.6
-116.60761365177342 36.75861307553564 48690.9
-116.60763881333044 36.758613034929866 48691.4
-116.6076640255514 36.758612894264125 48692.5
-116.60768923729567 36.75861267288878 48693.4
-116.60771440442171 36.75861240075147 48694.0
-116.60773949123758 36.758612103897256 48694.3
-116.60776449297587 36.758611802423374 48694.8
-116.60778941388854 36.75861150128348 48695.9
-116.6078142667087 36.75861120120366 48696.5
-116.60783906044966 36.75861090446272 48696.9
-116.6078638137143 36.75861062607814 48698.3
-116.60788852798154 36.7586103923032 48699.7
-116.60791321531867 36.7586102213676 48699.8
-116.6079378516016 36.758610132045085 48699.7
-116.60796246080363 36.75861011234706 48700.8
-116.60798704989988 36.75861015812109 48702.0
-116.6080116223012 36.75861025819852 48702.3
-116.60803614474275 36.75861039486204 48702.1
-116.6080606233984 36.75861053067132 48702.8
-116.6080850616794 36.7586106340264 48703.9
-116.6081094489858 36.75861067497068 48704.8
-116.60813383450036 36.758610609206926 48705.6
-116.60815824371709 36.758610445381386 48706.3
-116.60818270731284 36.758610200739554 48707.0
-116.60820725664048 36.758609908515965 48707.1
-116.6082319484312 36.758609612419775 48707.2
-116.60825676693774 36.75860935396504 48707.3
-116.60828170334156 36.758609156524734 48707.6
-116.60830675517634 36.75860903563668 48708.7
-116.6083318674042 36.75860902031957 48710.2
-116.6083569989982 36.758609086849965 48710.7
-116.60838211409552 36.758609208845535 48710.8
-116.6084071766871 36.75860935444288 48710.9
-116.60843216021291 36.75860948854036 48710.7
-116.60845708392404 36.75860958926527 48710.4
-116.60848196363104 36.758609641173095 48711.1
-116.60850679893008 36.758609642180105 48711.9
-116.60853158203275 36.75860960746665 48711.9
-116.6085562858008 36.75860957112871 48711.4
-116.60858090973848 36.758609547182566 48711.6
-116.60860548759076 36.758609551283314 48712.4
-116.60863004274412 36.75860960544399 48712.7
-116.60865462494732 36.75860970901765 48712.4
-116.60867926838183 36.75860986222742 48712.4
-116.6087039964276 36.758610061227046 48712.2
-116.6087288021818 36.75861030815631 48711.9
-116.6087536595844 36.75861058809348 48711.9
-116.60877854168112 36.75861089393622 48711.8
-116.60880342006692 36.7586112200868 48711.4
-116.60882825051476 36.75861156410669 48711.2
-116.60885300316792 36.75861191400882 48711.4
-116.6088776178546 36.7586122570797 48712.0
-116.60890196427717 36.75861257155872 48712.8
-116.60892573901442 36.75861279802138 48712.6
-116.6089487048963 36.75861286974016 48711.3
-116.60908797712057 36.75851778120048 48728.3
-116.60908556442712 36.75850207094928 48740.4
-116.60908272043292 36.75848514802794 48741.2
-116.60907972082649 36.75846737941652 48742.8
-116.60907670185932 36.75844897055775 48745.3
-116.6090737376834 36.75843016144282 48748.1
-116.60907087694108 36.75841136992691 48750.1
-116.60906805873024 36.75839304593254 48750.8
-116.60892154634888 36.75829472333999 48768.9
-116.60890128407408 36.75829683876098 48778.1
-116.60887966721292 36.758298955999166 48776.4
-116.60885698356088 36.758300951969325 48776.4
-116.60883335105258 36.75830277657557 48777.9
-116.6088089036616 36.75830442738403 48779.3
-116.60878388474832 36.75830591031374 48780.2
-116.60875862472504 36.758307314462094 48781.2
-116.60873335266211 36.758308690059565 48782.9
-116.60870828650806 36.75831005676969 48784.3
-116.60868371908887 36.75831138269863 48784.1
-116.60865976265409 36.75831261364418 48783.5
-116.60863650669634 36.75831369781744 48783.3
-116.60861393166468 36.758314602183056 48783.2
-116.6085921614764 36.75831525944093 48783.0
-116.6085709457016 36.758315687796205 48782.9
-116.60855011442877 36.758315880848016 48782.6
-116.60852943221252 36.758315834426206 48781.9
-116.60850879952308 36.758315503872645 48781.3
-116.60848797611824 36.75831495404102 48780.6
-116.60846677539396 36.758314231771216 48780.0
-116.60844504540208 36.75831338405963 48779.4
-116.60842262624574 36.758312442052414 48779.1
-116.60839957681 36.75831146347742 48779.1
-116.60837592445372 36.75831049138319 48779.1
-116.6083517613796 36.758309569111184 48778.9
-116.60832710003876 36.758308760004496 48779.2
-116.60830215466676 36.758308084976974 48779.8
-116.60827705747006 36.758307559944654 48779.2
-116.60825195330608 36.75830718752627 48778.4
-116.6082269159165 36.75830699196823 48777.7
-116.608202044644 36.7583069513408 48776.6
-116.60817741548944 36.758307060855216 48776.5
-116.60815310713367 36.75830730446788 48776.8
-116.60812906523007 36.75830766770728 48776.3
-116.60810544272768 36.75830808032457 48775.4
-116.60808211014034 36.75830849633556 48775.3
-116.60805897361966 36.758308869255934 48775.2
-116.60803598984651 36.75830912930853 48773.7
-116.6080130010704 36.75830925618741 48771.8
-116.60798991051946 36.75830924020899 48769.7
-116.60796661507337 36.7583090944818 48769.4
-116.6079430793732 36.75830883487275 48769.2
-116.60791928431784 36.75830852237241 48768.6
-116.60789523669438 36.7583081966087 48767.6
-116.60787096510744 36.75830789083056 48766.9
-116.60784644653752 36.75830763609186 48766.9
-116.6078217651251 36.7583074374383 48766.7
-116.60779695905724 36.75830729394161 48766.7
-116.60777206845226 36.75830718688924 48766.6
-116.60774711372176 36.75830709581804 48765.8
-116.60772213922614 36.75830699705406 48765.0
-116.60769716479632 36.75830687078447 48764.1
-116.6076721845271 36.75830669691318 48763.7
-116.60764725207548 36.75830644613367 48763.2
-116.6076223612419 36.75830612529448 48761.6
-116.60759750877163 36.75830573718133 48759.9
-116.60757265814088 36.75830528221934 48758.5
-116.60754781715002 36.75830474138103 48757.1
-116.60752294978776 36.75830412114137 48756.5
-116.60749805842087 36.758303427823165 48756.8
-116.60747315643265 36.75830268440711 48758.0
-116.60744827246442 36.75830193309358 48757.8
-116.6074234193657 36.75830122350816 48756.5
-116.60739862218648 36.75830059310091 48754.4
-116.60737392261676 36.75830006329205 48752.8
-116.60734927557392 36.758299655272815 48752.5
-116.60732468175098 36.75829933216832 48751.2
-116.6073001191122 36.75829906505462 48749.9
-116.60727556063962 36.75829882763938 48749.2
-116.60725095928191 36.75829859734057 48747.5
-116.60722630465338 36.75829836082349 48745.4
-116.6072015931816 36.7582981178304 48744.2
-116.60717683694216 36.75829787330999 48742.9
-116.6071520452302 36.75829763653334 48741.0
-116.60712724160224 36.758297415474 48739.9
-116.60710244000444 36.75829722048759 48738.9
-116.60707765708368 36.75829706038766 48737.9
-116.60705287945464 36.75829694600394 48737.3
-116.6070281168262 36.75829686522936 48736.5
-116.60700336887597 36.758296810468224 48735.1
-116.60697864170032 36.75829677499006 48733.7
-116.60695393393344 36.75829675914248 48732.5
-116.60692925337835 36.75829676182697 48731.5
-116.60690460434928 36.75829678344403 48730.3
-116.60687998094475 36.75829681882792 48728.8
-116.6068553735318 36.758296848405 48727.5
-116.606830770736 36.758296848149925 48726.2
-116.60680616304546 36.75829680061664 48724.8
-116.60678152692677 36.75829669858457 48723.9
-116.6067568806712 36.758296537026766 48723.2
-116.60673220891636 36.75829633564521 48722.3
-116.60670750705488 36.75829610786781 48720.9
-116.60668276952217 36.758295865855246 48719.2
-116.60665799164607 36.75829562282266 48717.7
-116.6066331800545 36.7582953921326 48716.6
-116.606608342384 36.7582951832746 48715.5
-116.60658349898024 36.758295005308575 48714.2
-116.60655864518034 36.75829487206738 48712.8
-116.60653380605302 36.75829478425858 48711.5
-116.60650899011128 36.758294747085245 48710.4
-116.6064842074717 36.75829475857138 48709.1
-116.60645943162092 36.75829481278812 48707.5
-116.60643466210792 36.75829488112948 48705.5
-116.60640988730252 36.75829494676179 48703.8
-116.6063850919018 36.75829499726605 48702.4
-116.6063602747392 36.75829501991928 48701.0
-116.606335435063 36.75829501627978 48699.4
-116.60631057914853 36.758294991052175 48697.9
-116.60628570855854 36.75829495094818 48696.7
-116.6062608301255 36.75829489198093 48694.8
-116.6062359474048 36.758294810457045 48693.1
-116.60621106874544 36.75829470054829 48692.0
-116.60618620301696 36.75829456399615 48690.4
-116.60616137707376 36.758294414169264 48688.8
-116.60613658193598 36.758294276704966 48687.6
-116.60611181198227 36.75829416949385 48685.9
-116.6060870662442 36.75829409994293 48684.2
-116.60606232035757 36.75829406626514 48682.6
-116.60603758539132 36.75829404408616 48681.0
-116.60601286327528 36.75829401556919 48679.3
-116.60598814123142 36.75829396393814 48678.3
-116.60596343713404 36.75829386485475 48677.2
-116.60593873346866 36.758293720744526 48675.3
-116.6059140190371 36.75829353549004 48672.8
-116.60588928337016 36.75829331724744 48670.3
-116.60586454652872 36.75829307501725 48668.7
-116.6058398148891 36.758292828213214 48667.4
-116.605815100115 36.75829258828807 48665.2
-116.60579041812473 36.75829236548935 48662.4
-116.60576576421072 36.75829217135764 48659.5
-116.60574113310926 36.7582920078976 48656.3
-116.60571651679868 36.7582918811488 48653.1
-116.60569190884044 36.75829179143406 48650.9
-116.6056672712046 36.75829173569526 48648.6
-116.60564260130228 36.75829169557792 48645.1
-116.60561789312392 36.758291656031126 48641.0
-116.60559314018502 36.75829159973708 48636.6
-116.6055683672162 36.75829150483283 48632.4
-116.6055435814966 36.758291375217965 48628.1
-116.60551878835663 36.758291218595446 48624.0
-116.60549399090054 36.75829104358628 48619.4
-116.60546920634457 36.75829085755713 48614.8
-116.60544443482743 36.75829067239472 48610.0
-116.60541968194929 36.75829049657516 48605.5
-116.60539495480838 36.75829033323443 48599.8
-116.60537025622018 36.758290180701024 48593.6
-116.6053455791615 36.75829002913196 48587.7
-116.60532091011837 36.758289867921775 48581.9
-116.6052962290368 36.75828968412973 48575.1
-116.605271531621 36.758289467708494 48567.7
-116.60524679354404 36.758289229615 48559.7
-116.60522200045584 36.75828897846432 48552.4
-116.60519714770967 36.758288722694815 48544.5
-116.6051722407129 36.75828847064588 48535.8
-116.60514731853034 36.75828823579346 48527.1
-116.60512241092025 36.758288030647485 48518.2
-116.6050975465758 36.75828785927305 48509.4
-116.6050727316712 36.7582877164212 48499.7
-116.60504797172445 36.75828757932309 48489.8
-116.60502326503212 36.75828743220863 48480.3
-116.60499859138004 36.75828726261658 48470.8
-116.60497395360278 36.75828704971968 48461.2
-116.60494932531095 36.758286794009855 48451.4
-116.60492469351888 36.75828650528594 48441.4
-116.60490004934124 36.75828620546908 48431.6
-116.60487536560328 36.75828592443711 48422.1
-116.60485063125304 36.75828567956035 48412.4
-116.60482583394774 36.758285487251406 48402.5
-116.60480098299 36.758285365042 48392.8
-116.6047760149903 36.758285332496776 48383.6
-116.60475097963464 36.75828535560345 48374.3
-116.60472590463968 36.75828540679375 48365.5
-116.60470081395796 36.758285463918384 48357.9
-116.60467572824348 36.75828550818368 48349.7
-116.60465064916292 36.75828553020788 48341.7
-116.60462557223936 36.758285522631816 48334.3
-116.60460048119008 36.758285479706885 48327.5
-116.60457538711248 36.75828539522208 48320.9
-116.60455027087131 36.75828528113447 48314.5
-116.60452512490328 36.75828514001999 48308.3
-116.60449994565364 36.7582849720278 48302.2
-116.60447476006397 36.75828477583019 48297.1
-116.60444957845591 36.75828455821395 48292.6
-116.60442440721044 36.758284321710505 48288.0
-116.60439924366725 36.75828406527601 48283.3
-116.6043741066226 36.75828377951036 48279.3
-116.6043489894984 36.75828346388189 48276.0
-116.60432389634242 36.75828312068835 48273.2
-116.60429883867836 36.758282767935256 48270.9
-116.60427381394696 36.758282443972206 48269.0
-116.60424881244532 36.75828216812832 48267.1
-116.60422373216372 36.75828194205384 48265.1
-116.6041987859978 36.75828176451611 48263.3
-116.60417385560996 36.758281638032045 48262.0
-116.6041489508166 36.758281541550765 48260.1
-116.6041240705348 36.75828145894727 48258.4
-116.60409920735236 36.75828137487847 48257.2
-116.60407436760816 36.75828127396351 48256.0
-116.60404954833956 36.7582811506922 48254.8
-116.60402474672784 36.758281009249465 48253.9
-116.60399995401264 36.75828086094204 48252.8
-116.60397513937758 36.758280725265095 48251.8
-116.60395027744812 36.758280611702006 48250.9
-116.60392534549028 36.75828052197304 48249.5
-116.60390033190694 36.7582804549638 48247.1
-116.6038752055406 36.75828041600603 48245.7
-116.60385000238884 36.75828040756937 48244.4
-116.60382475924833 36.758280442640434 48243.1
-116.60379956643146 36.75828053994129 48241.0
-116.60377452841314 36.75828073816015 48239.1
-116.6037498192352 36.758281034890885 48237.1
-116.60372566193512 36.75828142832125 48234.4
-116.60370236175388 36.758281904454805 48232.3
-116.60368042405948 36.758282426338816 48231.9
-116.60355902920368 36.75820647395346 48219.1
-116.60356026741891 36.75819092580686 48203.5
-116.6035619001821 36.75817404962487 48209.2
-116.6035636442654 36.75815575743752 48213.9
-116.60356524144112 36.75813640422592 48215.9
-116.60356654018348 36.7581162441368 48216.7
-116.60356745165728 36.75809568220345 48217.2
-116.60356785780132 36.75807503497979 48217.7
-116.6035678518976 36.75805488978639 48217.3
-116.60356753357624 36.75803570534936 48214.7
-116.60367510073355 36.757944272702034 48205.2
-116.60369454319807 36.75794605812696 48211.6
-116.6037153382742 36.75794785327492 48217.4
-116.60373738124306 36.75794952122508 48220.2
-116.60376043189044 36.757950959437366 48218.6
-116.60378462301946 36.7579520576608 48216.3
-116.6038095013282 36.757952851695386 48215.8
-116.60383488583224 36.757953359502096 48216.2
-116.60386056315124 36.75795361336587 48216.4
-116.60388651821567 36.757953618669085 48216.5
-116.6039125197454 36.75795345940524 48215.9
-116.60393847524035 36.75795317753609 48214.8
-116.60396430645132 36.75795281587778 48214.6
-116.60398996540803 36.757952400288346 48214.9
-116.60401544244702 36.75795196163324 48215.6
-116.60404072772684 36.75795150994 48217.0
-116.6040658031525 36.75795104799823 48218.6
-116.6040906382642 36.75795057060468 48220.7
-116.60411527536743 36.75795009122798 48223.2
-116.60413973509186 36.75794962623458 48226.6
-116.60416404404918 36.757949200854185 48230.6
-116.60418815876416 36.75794885027592 48234.6
-116.60421212868415 36.75794857755111 48239.3
-116.6042359656884 36.75794838561188 48243.9
-116.60425970474708 36.75794826760672 48248.4
-116.60428333733148 36.75794821779617 48252.9
-116.60430694448648 36.757948203629965 48258.4
-116.60433058075932 36.75794820882891 48263.9
-116.60435429975036 36.75794822122565 48268.7
-116.60437816553242 36.75794823058534 48273.7
-116.60440217704635 36.757948223780566 48278.6
-116.60442633615052 36.75794818634808 48282.9
-116.60445061590109 36.75794810393585 48287.0
-116.60447504972004 36.757947950973744 48291.3
-116.60449958548514 36.75794773371632 48295.9
-116.60452420005588 36.75794745839291 48300.8
-116.60454885250049 36.75794714217123 48306.4
-116.6045735188724 36.75794679863413 48311.6
-116.6045981674282 36.75794644169636 48316.1
-116.60462279186586 36.75794607750979 48321.1
-116.60464739634888 36.757945716704974 48327.2
-116.60467197468874 36.757945384502285 48333.3
-116.60469654656606 36.75794510018401 48339.4
-116.60472113460152 36.7579448788536 48346.5
-116.60474578304294 36.75794472837176 48354.8
-116.6047704834756 36.7579446670954 48363.5
-116.60479524865998 36.757944676852894 48372.2
-116.60482006828654 36.75794473811053 48381.0
-116.60484491752364 36.75794482137427 48390.4
-116.60486976882396 36.75794488830165 48400.2
-116.60489459053385 36.75794491955247 48410.0
-116.60491935394964 36.75794490579029 48420.6
-116.60494401646883 36.75794484011311 48431.6
-116.6049685615788 36.75794471294187 48442.6
-116.60499298250951 36.757944543467225 48453.1
-116.6050172915466 36.7579443504679 48463.6
-116.60504151426468 36.75794415647429 48474.3
-116.60506565451035 36.75794398444351 48485.2
-116.60508974586288 36.75794384680103 48495.4
-116.60511380172068 36.75794375376376 48505.0
-116.60513784624672 36.7579437087303 48514.8
-116.60516187977808 36.75794371794356 48524.7
-116.60518594810488 36.757943771394096 48534.4
-116.60521007870302 36.75794386611427 48543.7
-116.6052343047966 36.75794400345013 48551.9
-116.60525862096736 36.757944193267576 48560.0
-116.60528302158664 36.75794442611104 48568.0
-116.60530749444582 36.75794469610089 48575.9
-116.60533202711257 36.7579449908925 48583.3
-116.60535660350494 36.757945298058345 48590.1
-116.60538121021868 36.75794559914577 48597.0
-116.60540584262417 36.75794587553588 48604.1
-116.605430484212 36.75794611016622 48610.8
-116.60545515917772 36.75794627447255 48617.0
-116.60547983087908 36.757946364306605 48622.2
-116.60550447216302 36.757946378046384 48627.1
-116.60552904333808 36.75794631935455 48632.3
-116.6055535768608 36.75794617999534 48637.4
-116.60557808709191 36.75794598590793 48642.3
-116.6056025972945 36.75794575818056 48646.7
-116.60562713020836 36.75794552034283 48650.7
-116.60565168877112 36.7579453065256 48654.7
-116.60567626054625 36.75794513585971 48658.2
-116.6057008340464 36.757945024478005 48662.1
-116.60572541679238 36.757944983396 48666.3
-116.60574994369676 36.75794503635572 48669.5
-116.60577441749736 36.75794516773847 48671.8
-116.6057988236549 36.757945366095136 48674.6
-116.60582316493 36.75794561384436 48677.6
-116.60584741494684 36.75794588917199 48680.6
-116.60587159742596 36.757946159976 48683.6
-116.60589571523944 36.7579464016795 48686.1
-116.60591976027408 36.75794659618996 48688.3
-116.60594377919772 36.7579467222316 48691.1
-116.60596779117296 36.75794678957229 48693.8
-116.605991821295 36.75794680443118 48696.2
-116.60601588077952 36.75794678104917 48698.0
-116.6060399894612 36.7579467334119 48699.6
-116.606064120767 36.75794667612808 48701.6
-116.60608825725816 36.75794661027848 48704.0
-116.60611237701433 36.757946527204616 48706.2
-116.60613657915064 36.75794641568218 48708.3
-116.60616066494993 36.75794628886951 48710.1
-116.6061847330834 36.7579461622131 48712.2
-116.60620879390504 36.757946051632565 48714.3
-116.6062328306394 36.757945971602055 48715.8
-116.60625684017948 36.7579459196449 48717.3
-116.6062808106978 36.75794589169941 48719.4
-116.60630473677467 36.75794588533078 48721.5
-116.60632859057203 36.75794590606097 48723.3
-116.60635237810574 36.7579459572627 48724.7
-116.60637608650572 36.75794605315349 48726.5
-116.60639972555936 36.75794620757102 48728.4
-116.6064232568011 36.75794644340464 48730.0
-116.60644674519249 36.757946745542846 48731.9
-116.6064702229149 36.75794709939387 48735.3
-116.60649371467905 36.75794749222072 48737.2
-116.60651719180952 36.75794792413097 48737.5
-116.6065406451456 36.7579483832363 48738.1
-116.60656405679372 36.75794886133136 48739.5
-116.60658741249276 36.75794934584292 48741.2
-116.60661070224724 36.75794982564099 48743.1
-116.60663394179944 36.757950297482864 48744.6
-116.60665713874351 36.75795076326627 48746.3
-116.60668030029322 36.75795122832812 48748.0
-116.60670342420462 36.757951702472354 48749.7
-116.6067265203799 36.757952188410506 48751.3
-116.60674959393316 36.75795268397434 48752.1
-116.6067726483636 36.75795318393443 48753.1
-116.6067957030514 36.75795367964352 48754.7
-116.60681879307 36.75795416192232 48756.0
-116.60684195602632 36.7579546228592 48757.7
-116.60686522524404 36.75795505666302 48759.7
-116.60688867515638 36.75795545648887 48761.5
-116.60691228058911 36.757955829652495 48762.0
-116.60693602686932 36.75795618259801 48761.8
-116.60695987769483 36.75795652003063 48762.4
-116.60698381915005 36.757956835453776 48764.2
-116.60700780784616 36.75795712140086 48765.7
-116.60703183150456 36.75795735751263 48767.0
-116.60705586589614 36.75795752782762 48768.4
-116.60707996558624 36.75795760838161 48769.5
-116.6071041186302 36.75795762243567 48770.8
-116.60712833673688 36.7579575972108 48772.2
-116.60715263547064 36.75795756766424 48773.2
-116.60717700960284 36.7579575670148 48773.7
-116.6072014372403 36.757957603202506 48774.8
-116.60722590462022 36.75795767239597 48776.1
-116.60725040262678 36.75795776395716 48776.6
-116.6072749193188 36.757957858446176 48777.1
-116.60729945923526 36.757957934986166 48778.5
-116.60732402970103 36.757957980260485 48780.1
-116.60734862641804 36.75795798611396 48781.0
-116.60737326516384 36.757957950969846 48781.7
-116.60739789962764 36.75795789441863 48782.7
-116.60742249763356 36.75795782945864 48784.4
-116.6074470415406 36.75795777189814 48786.2
-116.6074714912675 36.75795773825976 48787.4
-116.6074958579295 36.757957728939736 48788.4
-116.6075201456498 36.757957741403885 48790.1
-116.6075443621354 36.757957768315045 48791.5
-116.60756850319628 36.75795779520456 48792.0
-116.6075925864868 36.75795780691756 48792.3
-116.60761661517436 36.7579577929484 48793.4
-116.60764059068477 36.75795775000853 48794.9
-116.60766454412745 36.75795767875093 48796.3
-116.6076884952691 36.757957593210485 48797.1
-116.60771246727852 36.75795750790831 48797.6
-116.60773648610696 36.75795743869976 48797.9
-116.60776056447487 36.75795740681509 48799.1
-116.60778470820917 36.75795741748989 48800.2
-116.60780893416312 36.757957464519336 48801.0
-116.6078332641597 36.75795754327045 48801.3
-116.60785768525676 36.757957663735816 48801.4
-116.6078821760482 36.757957821877646 48801.5
-116.60790672120234 36.757958016659735 48801.8
-116.60793131249748 36.75795824167131 48802.3
-116.60795594233548 36.757958479813375 48803.3
-116.60798061476336 36.7579587027827 48804.4
-116.60800533416196 36.75795889069093 48805.6
-116.6080300871882 36.75795903186732 48806.4
-116.60805488999507 36.75795911342345 48806.9
-116.60807969708148 36.75795914207684 48807.1
-116.60810448465672 36.75795912399544 48807.8
-116.60812922453664 36.75795907239522 48808.7
-116.60815389853228 36.75795900287503 48809.4
-116.6081785136723 36.75795893805991 48810.0
-116.6082030846934 36.757958890941765 48810.4
-116.60822763946452 36.75795887124528 48811.4
-116.60825217748828 36.75795890123494 48811.8
-116.6082767233362 36.75795898320627 48811.9
-116.60830127704637 36.757959114600496 48812.2
-116.60832583237668 36.75795928761767 48812.6
-116.60835032950078 36.757959497037966 48813.0
-116.60837475580688 36.75795972660848 48813.3
-116.60839910129404 36.7579599696981 48814.1
-116.60842338105364 36.75796022636872 48814.7
-116.60844760410116 36.757960505146 48815.1
-116.608471802266 36.757960797567385 48815.2
-116.6084959888438 36.757961089244525 48815.3
-116.60852016116029 36.757961357941966 48815.7
-116.6085443584174 36.75796157373572 48815.9
-116.60856858705364 36.7579617384299 48816.5
-116.60859286003384 36.7579618655326 48816.9
-116.60861718609137 36.7579619785807 48816.6
-116.60864155234104 36.75796211243627 48816.3
-116.60866592692892 36.75796228658695 48815.9
-116.6086902889562 36.75796250668552 48815.8
-116.6087146358902 36.75796276685507 48815.4
-116.6087389683798 36.75796305696046 48815.1
-116.60876333181344 36.75796335903028 48815.1
-116.60878775581536 36.75796366319885 48815.3
-116.60881225133336 36.75796395649574 48815.6
-116.60883681830984 36.75796422150499 48815.7
-116.60886135132004 36.75796444746928 48815.4
-116.60888569707257 36.75796461347545 48815.1
-116.60890958318237 36.75796468883016 48814.5
-116.60893262362303 36.75796458753236 48812.2
-116.60895454060424 36.75796424298111 48808.5
-116.60897503914212 36.75796353640848 48806.8
-116.60892317296874 36.757646528452085 48869.4
-116.60890366933164 36.7576483269963 48877.7
-116.60888298556462 36.75765019288967 48875.5
-116.60886120196488 36.75765198476552 48875.5
-116.60883833254748 36.75765362572797 48875.8
-116.60881452283417 36.75765503148038 48875.7
-116.60878992393668 36.757656264339 48875.6
-116.60876492529265 36.757657366681286 48876.5
-116.6087396108684 36.757658393810765 48877.3
-116.60871419138512 36.757659364564205 48878.4
-116.60868883186475 36.75766028575608 48879.0
-116.60866365102284 36.7576611352298 48879.0
-116.60863872525442 36.75766188475144 48878.9
-116.6086142733687 36.75766248429823 48879.2
-116.60859027526976 36.75766294074946 48879.9
-116.60856674385 36.75766325370611 48880.7
-116.60854362483695 36.75766344394181 48881.3
-116.60852091732724 36.75766352832047 48881.5
-116.60849839774151 36.75766353720213 48881.7
-116.60847593406731 36.75766346171779 48880.8
-116.6084533795444 36.757663286288526 48880.1
-116.6084306766907 36.75766297840944 48879.3
-116.6084077472144 36.757662553303085 48878.6
-116.60838454872795 36.7576620234908 48878.7
-116.60836103088036 36.75766140913026 48879.0
-116.608337155175 36.75766072924988 48878.5
-116.60831295767888 36.75766001797746 48878.2
-116.6082884665858 36.75765930629351 48878.7
-116.60826375086305 36.75765863086774 48878.7
-116.60823883085637 36.757658039990105 48878.4
-116.60821383928165 36.75765754321489 48878.7
-116.60818884663296 36.7576571397398 48878.1
-116.60816391626814 36.75765681392059 48877.3
-116.60813905663449 36.75765654609639 48875.9
-116.60811427527292 36.75765631421064 48875.0
-116.60808956120007 36.75765611456722 48874.4
-116.60806491276531 36.75765595066702 48873.8
-116.60804029249682 36.757655835088414 48873.1
-116.60801567929414 36.75765575627797 48872.3
-116.60799105632896 36.757655704227375 48872.1
-116.60796642164722 36.75765566729599 48871.4
-116.60794178400972 36.75765563954376 48870.9
-116.60791716598028 36.75765560943832 48870.6
-116.60789257425968 36.75765556366114 48870.0
-116.60786800285416 36.75765549031527 48868.8
-116.60784347438972 36.757655379629526 48868.5
-116.60781896493032 36.75765524494044 48867.9
-116.60779445772756 36.757655097364506 48866.4
-116.6077699363547 36.75765494311644 48865.2
-116.60774538579513 36.75765478644013 48864.4
-116.6077207982269 36.757654638987525 48863.5
-116.607696169112 36.75765451599069 48862.1
-116.60767151131016 36.757654424855744 48860.8
-116.6076468197426 36.757654372197294 48860.0
-116.60762212918956 36.757654350906336 48860.5
-116.60759746015924 36.75765436039946 48860.7
-116.60757282873342 36.75765439790739 48859.6
-116.60754822458736 36.757654455029936 48858.5
-116.60752363954056 36.75765450872283 48857.8
-116.60749906540644 36.757654540000175 48857.2
-116.60747448165247 36.75765453218074 48855.2
-116.60744990682848 36.757654471454906 48853.8
-116.60742532476146 36.75765437133902 48852.5
-116.60740073250372 36.7576542421132 48851.4
-116.60737613065947 36.75765409872909 48849.8
-116.60735151835758 36.75765395355551 48848.4
-116.60732689157582 36.757653815007885 48848.0
-116.60730224730692 36.75765368753854 48847.1
-116.60727758716088 36.75765357511624 48845.5
-116.6072529002127 36.7576534794012 48844.2
-116.60722819583692 36.757653387854894 48843.2
-116.6072034718396 36.75765328687307 48842.4
-116.607178714167 36.75765315913679 48841.0
-116.60715394603316 36.75765298676078 48839.7
-116.60712917062604 36.75765278080409 48838.5
-116.60710440393068 36.75765256345544 48837.6
-116.6070796751428 36.757652365656966 48836.8
-116.60705497145204 36.75765222584406 48835.3
-116.60703029522308 36.75765215067958 48833.5
-116.6070056386543 36.75765214137133 48831.8
-116.60698099723544 36.75765218687059 48830.6
-116.6069563291712 36.75765226539375 48829.5
-116.60693163348236 36.75765233702728 48828.4
-116.6069069096514 36.757652370954936 48826.9
-116.60688215941076 36.75765234659924 48825.7
-116.60685744788402 36.75765224963063 48824.7
-116.6068327773623 36.757652100086695 48823.5
-116.60680815676216 36.7576519086044 48821.9
-116.60678357666993 36.75765167995903 48820.5
-116.606759053733 36.75765141286185 48819.1
-116.60673455146954 36.75765112412455 48817.3
-116.60671004931136 36.75765082170911 48816.0
-116.60668553301372 36.75765051425673 48814.6
-116.60666098201148 36.757650219102494 48813.0
-116.60663639225176 36.75764995244116 48811.2
-116.60661175739968 36.7576497257577 48809.6
-116.6065870928266 36.75764954746822 48807.8
-116.60656237144316 36.75764942535353 48805.9
-116.6065376208848 36.75764933907226 48804.6
-116.60651285521304 36.75764927082155 48803.9
-116.6064880797998 36.75764920132694 48802.3
-116.60646331230696 36.757649101026495 48799.5
-116.60643855229496 36.75764895263588 48797.1
-116.60641380045293 36.75764874866034 48795.5
-116.6063890429687 36.75764849028669 48794.1
-116.6063643091406 36.757648181732 48792.9
-116.60633958734304 36.75764784789117 48790.9
-116.606314874405 36.75764750715298 48789.1
-116.6062901736058 36.75764717592735 48787.3
-116.60626547136496 36.75764688298577 48785.0
-116.60624077863513 36.757646648628366 48783.1
-116.60621610774396 36.75764649412224 48781.5
-116.60619149495147 36.75764643600499 48778.9
-116.60616688295822 36.757646497573184 48775.9
-116.60614227803173 36.75764664538766 48773.6
-116.60611766523436 36.75764685067732 48771.7
-116.60609303623788 36.75764708804388 48769.9
-116.60606837548552 36.757647333549286 48768.0
-116.60604369602652 36.75764756648872 48766.1
-116.60601900566664 36.75764777483669 48763.9
-116.6059943032574 36.757647950022005 48761.6
-116.6059696139522 36.7576480861058 48759.0
-116.60594492565258 36.757648195405565 48756.6
-116.60592023375403 36.75764828209226 48754.1
-116.60589552758096 36.75764834775536 48751.9
-116.6058708020748 36.75764838652016 48749.8
-116.6058460406118 36.757648395028326 48747.2
-116.6058212348768 36.757648366343936 48744.1
-116.60579637197564 36.757648293354166 48740.7
-116.60577147737511 36.75764816807336 48737.3
-116.60574655175472 36.75764800999487 48734.6
-116.60572160510505 36.757647831002 48731.5
-116.60569664734597 36.757647641234456 48728.8
-116.60567169161877 36.7576474487204 48726.0
-116.60564673879054 36.75764726328958 48721.9
-116.60562178084952 36.7576470857411 48718.0
-116.60559681124512 36.75764690728268 48714.6
-116.60557183204376 36.75764671289749 48711.8
-116.60554684044472 36.75764649309649 48709.1
-116.60552184102632 36.757646246805535 48705.6
-116.60549685250923 36.75764598740215 48701.4
-116.60547190257331 36.757645745300806 48697.2
-116.60544700867966 36.75764554192877 48693.3
-116.605422182778 36.75764538678384 48689.5
-116.6053974337104 36.757645278331935 48685.0
-116.60537272316108 36.75764521113104 48680.5
-116.6053480255281 36.75764516587715 48676.5
-116.60532331689184 36.757645136482914 48671.6
-116.60529858485144 36.75764511938798 48665.9
-116.60527381624289 36.75764511698359 48660.4
-116.60524902588644 36.75764512533761 48655.2
-116.6052242218882 36.75764513961649 48650.1
-116.60519941069607 36.7576451517692 48644.8
-116.60517461143492 36.7576451523811 48639.5
-116.60514982904948 36.75764513965848 48633.9
-116.6051250646696 36.75764511421308 48627.8
-116.60510031693728 36.75764508046228 48620.3
-116.60507558224928 36.75764504265987 48613.0
-116.60505084320464 36.75764500286712 48606.4
-116.60502607904728 36.757644952188485 48598.8
-116.6050012690009 36.75764487647582 48591.4
-116.60497642786048 36.75764476632848 48583.9
-116.60495156556168 36.75764463527214 48575.3
-116.60492669050744 36.75764450012496 48566.5
-116.60490171542548 36.75764437740144 48557.5
-116.60487682374092 36.757644288017055 48549.4
-116.60485191541856 36.75764423246554 48542.0
-116.60482697971108 36.7576442042412 48534.0
-116.60480200062165 36.75764418863013 48525.4
-116.60477696411397 36.75764416541909 48516.4
-116.60475188436972 36.75764412049537 48507.3
-116.60472678076124 36.757644051501565 48498.2
-116.60470168324856 36.75764396461777 48489.2
-116.6046766375672 36.7576438682956 48479.9
-116.6046516604694 36.757643769187794 48470.5
-116.60462676137016 36.75764366503334 48461.8
-116.6046019325062 36.75764355136752 48452.6
-116.6045771719895 36.75764342463087 48443.2
-116.60455244657808 36.757643293284936 48434.1
-116.6045277354976 36.75764316483815 48425.4
-116.60450302287045 36.75764304348636 48416.2
-116.60447828385053 36.75764293219435 48405.8
-116.60445351310985 36.757642829746885 48395.5
-116.60442870641252 36.75764273474704 48384.6
-116.60440387023264 36.75764264850596 48373.7
-116.6043790053634 36.75764257617188 48363.0
-116.6043541264767 36.75764251325908 48352.5
-116.60432924231311 36.75764245138138 48342.0
-116.60430435707455 36.75764238407952 48332.3
-116.60427948291812 36.75764230230286 48322.5
-116.6042546222003 36.75764220947709 48312.5
-116.60422977614392 36.75764211708736 48302.1
-116.6042049497724 36.75764204102418 48291.5
-116.60418011437235 36.75764201043511 48282.3
-116.60415526238091 36.7576420340177 48274.2
-116.60413038405083 36.757642113501575 48266.8
-116.60410548990804 36.75764224377496 48259.3
-116.6040805627495 36.7576424254756 48253.3
-116.60405562704725 36.75764263845218 48248.3
-116.6040306903606 36.75764286807985 48243.4
-116.604005753686 36.75764309208683 48238.8
-116.60398084226676 36.75764327416135 48234.2
-116.60395594386353 36.757643390090735 48230.2
-116.60393104424011 36.757643423837294 48227.4
-116.60390610388924 36.757643374709126 48225.0
-116.60388113496424 36.75764324807356 48222.1
-116.60385611191104 36.757643082701314 48219.1
-116.60383103927266 36.75764290805931 48218.6
-116.60380596439914 36.75764275620189 48219.4
-116.60378095375869 36.75764266810828 48219.9
-116.60375612951572 36.757642662223326 48218.4
-116.6037316463258 36.75764275722822 48215.5
-116.60370775578632 36.75764296235948 48212.8
-116.60368482144852 36.757643276800685 48210.2
-116.60354377632284 36.75753402844583 48204.0
-116.60354529605128 36.75751612638574 48200.4
-116.60354667218552 36.75749724467156 48203.4
-116.60354770358248 36.75747744799172 48207.6
-116.60354836123096 36.7574572699033 48212.5
-116.60354865430192 36.7574371018704 48217.5
-116.60354865543988 36.75741741164115 48222.5
-116.60369349562002 36.75731155156544 48237.3
-116.60371512901877 36.7573128968528 48281.0
-116.60373804818164 36.75731406464311 48284.8
-116.60376205114063 36.75731502231661 48289.1
-116.60378715985144 36.75731574735283 48293.5
-116.60381290616426 36.757316300523534 48297.9
-116.6038390700295 36.757316704634114 48303.1
-116.60386542114443 36.7573169780708 48309.1
-116.60389182510296 36.75731712049635 48315.0
-116.60391810652229 36.75731716987722 48320.7
-116.60394419231524 36.75731714816093 48327.3
-116.60397002192536 36.75731707146152 48334.0
-116.6039955506284 36.75731693986343 48340.4
-116.60402079439947 36.7573167709349 48346.5
-116.60404576079785 36.75731658002309 48352.5
-116.6040704724402 36.75731638347783 48359.1
-116.60409494304956 36.75731619663714 48366.1
-116.60411925627008 36.75731602662995 48372.9
-116.60414345894638 36.757315874975525 48379.7
-116.60416760221769 36.75731574001254 48386.6
-116.60419172249205 36.75731562047401 48393.5
-116.60421586216296 36.75731551165601 48400.5
-116.60424004265894 36.75731540946106 48407.7
-116.60426427365398 36.75731530734262 48415.4
-116.6042885694326 36.75731519901734 48423.3
-116.60431292905864 36.757315081042336 48431.0
-116.6043373556532 36.75731495161065 48439.0
-116.60436184991276 36.75731481095959 48447.0
-116.60438640938315 36.75731466768815 48454.8
-116.60441099457466 36.757314533932 48463.2
-116.60443557097813 36.75731442354331 48471.8
-116.60446011082225 36.757314346863694 48480.1
-116.60448455880956 36.75731430650609 48488.8
-116.60450893915832 36.7573142830204 48497.5
-116.6045332762246 36.75731426243 48505.7
-116.60455759735936 36.757314231205775 48513.7
-116.60458195713746 36.75731417152339 48522.1
-116.60460637280664 36.75731407947477 48530.7
-116.6046308554543 36.75731396236621 48538.1
-116.6046554129482 36.757313841150975 48544.9
-116.60468002327843 36.75731374205985 48551.9
-116.60470464100446 36.75731367384136 48559.0
-116.6047292287562 36.75731363787352 48566.0
-116.604753748712 36.757313625561295 48573.1
-116.604778153028 36.75731361785293 48579.7
-116.60480246442904 36.75731359236799 48586.2
-116.604826711949 36.757313533417104 48592.7
-116.604850927483 36.75731343461228 48599.4
-116.60487517979612 36.757313297600895 48605.6
-116.60489948751427 36.757313146805295 48611.3
-116.6049238640177 36.75731300217426 48616.7
-116.60494831642032 36.75731287875768 48621.4
-116.60497281416932 36.7573127886276 48626.3
-116.60499732703168 36.75731272075903 48631.9
-116.60502182974432 36.757312664016126 48637.3
-116.60504629784737 36.7573126105645 48642.2
-116.60507071497324 36.757312553561455 48647.0
-116.60509509295316 36.75731250022342 48651.3
-116.60511944651292 36.75731245871357 48655.8
-116.60514380301802 36.75731243523751 48660.9
-116.60516817801444 36.757312441089965 48665.8
-116.60519258835562 36.75731248029874 48669.8
-116.60521703367328 36.75731256089152 48673.3
-116.60524152270015 36.757312689924994 48677.6
-116.60526601817897 36.75731287744032 48682.1
-116.6052905131373 36.757313106529054 48686.4
-116.60531499078682 36.75731336945898 48690.2
-116.60533944365882 36.75731366329036 48693.8
-116.605363839306 36.757313991225054 48696.7
-116.60538819901612 36.7573143363992 48700.4
-116.6054125460059 36.75731467423856 48704.9
-116.60543689666208 36.75731497419784 48709.0
-116.6054614252467 36.75731520847347 48711.9
-116.60548593155994 36.75731539080618 48714.9
-116.60551051326082 36.75731554067216 48718.5
-116.60553515806816 36.757315679766606 48721.9
-116.60555983780228 36.75731583042765 48724.6
-116.60558451579531 36.7573160045475 48727.7
-116.60560917363794 36.75731619819773 48731.0
-116.60563379347438 36.75731639364003 48734.5
-116.6056583858618 36.75731655046702 48737.8
-116.605682960519 36.75731663944562 48741.0
-116.60570752570808 36.757316639371744 48744.1
-116.60573206539836 36.75731654756871 48747.0
-116.60575662077494 36.757316369802446 48749.6
-116.60578117525536 36.75731614318925 48752.1
-116.60580573365172 36.757315892164605 48755.0
-116.605830309644 36.75731564417866 48757.9
-116.60585488987526 36.75731543610912 48760.8
-116.60587947320094 36.75731528814352 48763.2
-116.60590405798234 36.75731520582731 48765.6
-116.60592865234663 36.757315179509085 48768.7
-116.60595323534756 36.757315195657775 48771.5
-116.60597782744703 36.75731522537557 48773.9
-116.60600244028063 36.7573152448948 48776.8
-116.606027073624 36.75731522958467 48779.6
-116.60605177190024 36.75731515235256 48782.1
-116.6060765249252 36.75731501749831 48784.5
-116.60610132997734 36.75731483140766 48787.0
-116.60612617971384 36.75731460542263 48789.9
-116.60615109134037 36.75731436661601 48792.6
-116.60617603710014 36.757314154943714 48794.8
-116.60620100320676 36.757313996202285 48796.8
-116.60622600505592 36.757313903358245 48798.7
-116.60625101610712 36.75731388972899 48801.0
-116.60627605782778 36.757313939150045 48803.4
-116.60630112448492 36.757314042009206 48805.8
-116.60632621250048 36.75731418978966 48807.9
-116.60635128277832 36.7573143778941 48809.5
-116.60637633402509 36.757314594611564 48811.5
-116.60640135950445 36.7573148409406 48813.4
-116.60642636552288 36.75731511948074 48815.4
-116.60645133215044 36.75731543308228 48817.4
-116.60647627317366 36.75731577331733 48819.5
-116.60650119498 36.7573161318636 48821.6
-116.60652609950836 36.75731649352103 48823.9
-116.60655099186356 36.757316832788 48825.9
-116.60657586072108 36.75731712663909 48827.7
-116.60660069474218 36.757317352469855 48829.9
-116.60662547784668 36.757317506771045 48832.0
-116.6066502422604 36.757317603467634 48833.4
-116.60667498309 36.757317681585015 48834.9
-116.6066997096499 36.75731776951687 48836.8
-116.60672444129864 36.7573178893491 48838.7
-116.60674915904912 36.75731805352575 48840.5
-116.606773872204 36.757318240207695 48842.3
-116.60679858148248 36.75731842643379 48844.0
-116.60682328415704 36.75731858763945 48845.7
-116.6068480210688 36.75731869481452 48847.5
-116.60687279201667 36.75731874451459 48849.3
-116.606897605572 36.75731873519528 48850.8
-116.6069224615085 36.757318675144965 48852.3
-116.6069473906725 36.757318581880455 48854.2
-116.60697236231935 36.75731848934908 48855.7
-116.606997351911 36.75731842327 48856.6
-116.60702233710956 36.757318400318105 48858.0
-116.60704724945516 36.75731842956895 48859.7
-116.60707208548637 36.75731849677043 48861.6
-116.60709683307752 36.75731859152256 48863.4
-116.60712148301477 36.7573187016582 48864.7
-116.60714602182632 36.75731881295175 48866.4
-116.60717048353546 36.75731891628941 48868.3
-116.6071948893468 36.75731901070113 48870.0
-116.60721925042688 36.75731909714301 48870.8
-116.6072435608756 36.75731917207208 48871.6
-116.60726781764951 36.75731923088296 48873.1
-116.60729202793028 36.75731927878041 48874.9
-116.60731622544029 36.75731933542956 48876.5
-116.6073404414341 36.75731942519104 48878.1
-116.60736470602458 36.75731955040649 48880.2
-116.6073890335511 36.75731971024439 48882.2
-116.60741342715284 36.757319903580125 48883.3
-116.60743786163356 36.75732012714654 48883.7
-116.60746231770936 36.75732037666696 48884.8
-116.60748677987444 36.75732065776066 48886.4
-116.60751125146444 36.7573209801496 48887.6
-116.60753570598554 36.75732135740542 48888.6
-116.60756016955813 36.75732177862328 48890.4
-116.6075846634844 36.75732223608794 48892.7
-116.60760921768474 36.75732272696951 48893.9
-116.60763382761937 36.75732325304064 48894.3
-116.60765847856146 36.75732379062281 48894.5
-116.60768315598948 36.75732430155758 48895.1
-116.60770782830927 36.75732474749516 48896.2
-116.60773253179036 36.75732509350088 48897.3
-116.60775724452124 36.75732535476544 48898.6
-116.60778197473446 36.757325550309766 48899.7
-116.60780672787882 36.75732570389574 48899.6
-116.60783153432416 36.757325835285855 48899.5
-116.60785639422276 36.75732596386536 48900.0
-116.60788132014036 36.75732609592839 48900.8
-116.6079063336555 36.75732623768936 48902.1
-116.607931454015 36.757326408465126 48902.9
-116.60795666706444 36.75732662253512 48904.0
-116.6079819531137 36.757326886875525 48904.5
-116.60800728045666 36.75732718932758 48904.0
-116.60803260035946 36.75732749010153 48904.0
-116.60805788939123 36.757327744709166 48904.6
-116.6080831302 36.75732792475345 48905.2
-116.60810829014297 36.757328019236766 48905.6
-116.60813337080202 36.75732802597249 48905.9
-116.60815831724776 36.757327981840206 48906.2
-116.60818309835992 36.7573279115377 48906.9
-116.60820769643212 36.75732783484575 48907.4
-116.6082320932678 36.75732776773416 48907.7
-116.60825636253423 36.75732771479511 48907.7
-116.60828056825936 36.75732767882956 48908.1
-116.60830477593076 36.757327658509446 48909.4
-116.60832904569386 36.75732765079882 48910.4
-116.60835341066068 36.75732764705894 48910.5
-116.60837788087892 36.75732764283998 48910.4
-116.60840243708824 36.75732763650953 48910.3
-116.60842704900335 36.75732762533588 48910.3
-116.60845167933968 36.757327615297775 48910.6
-116.6084763191303 36.75732761679355 48911.0
-116.60850097506903 36.75732763687541 48911.0
-116.60852564979602 36.75732768449164 48911.2
-116.60855035492835 36.75732776000408 48911.1
-116.60857509414669 36.75732786396641 48910.7
-116.60859987395924 36.75732799073709 48910.8
-116.60862470779622 36.75732812847525 48911.0
-116.60864961211009 36.75732826043799 48911.2
-116.60867459548724 36.75732837533258 48911.0
-116.60869963987764 36.757328467139466 48910.2
-116.60872472757583 36.75732853687446 48909.8
-116.60874980868142 36.7573285931904 48909.5
-116.60877484485404 36.75732863692989 48909.3
-116.60879979279568 36.75732866261911 48909.3
-116.60882461325228 36.75732864893276 48909.3
-116.60884925952656 36.75732858365418 48909.4
-116.6088736326874 36.75732845517838 48909.3
-116.60889753473108 36.75732825023277 48909.2
-116.60892066773192 36.75732792301528 48907.9
-116.6089427951886 36.75732744706752 48905.0
-116.60905687795804 36.75722028413246 48921.1
-116.60905340415448 36.757203747833294 48932.8
-116.60904999102272 36.757186155429046 48933.4
-116.60904681997064 36.7571679670528 48936.3
-116.60904393495927 36.75714935879867 48940.4
-116.60904131866748 36.757130629138665 48942.4
-116.6090389306242 36.757112353127305 48943.5
-116.60903657746584 36.75709489190937 48945.7
-116.60887581257924 36.7570256584488 48960.1
-116.60885385325396 36.75702819802946 48965.7
-116.60883073944228 36.75703043635892 48965.5
-116.60880668238332 36.75703237964873 48966.7
-116.60878184843013 36.75703401091809 48967.6
-116.60875637755704 36.75703534125491 48969.1
-116.60873066401636 36.75703634569124 48971.0
-116.60870494539152 36.75703713201686 48972.4
-116.60867944403368 36.757037753434446 48973.2
-116.60865434169864 36.75703826761557 48973.3
-116.60862993375343 36.75703870133111 48973.9
-116.60860621694285 36.75703908233897 48974.6
-116.60858322404889 36.75703941108452 48974.8
-116.60856091723404 36.75703968332923 48974.7
-116.60853933384097 36.757039885015246 48974.5
-116.60851821503628 36.7570400331032 48974.5
-116.60849739412843 36.757040133288015 48974.8
-116.60847667195938 36.757040185383296 48975.8
-116.60845588015304 36.75704016224616 48976.3
-116.60843485671924 36.75704005294023 48976.4
-116.60841349742071 36.75703984056379 48976.5
-116.60839169420748 36.757039513086376 48977.0
-116.60836941506844 36.75703904600408 48976.9
-116.6083467148338 36.7570384708196 48976.7
-116.60832364214149 36.75703781105716 48976.7
-116.60830025760052 36.75703710212794 48977.5
-116.60827659923552 36.75703638225277 48977.9
-116.60825276386812 36.75703568659121 48977.0
-116.60822879356932 36.75703503134144 48975.4
-116.60820473441268 36.757034426551904 48973.1
-116.6081805530576 36.7570338940135 48971.3
-116.6081562793725 36.75703343169764 48970.8
-116.60813191314988 36.757033043195726 48971.1
-116.60810747527655 36.75703272602476 48971.3
-116.60808292211884 36.75703247495351 48971.3
-116.60805829908315 36.75703225775976 48970.5
-116.60803362649308 36.75703206127748 48969.4
-116.6080089250659 36.757031874684486 48968.4
-116.60798420720772 36.75703168099376 48967.5
-116.6079594836562 36.7570314661234 48967.4
-116.60793476098068 36.757031227815375 48967.1
-116.60791004686062 36.757030972021546 48966.8
-116.60788536755332 36.75703071204052 48966.1
-116.6078607307842 36.7570304598248 48965.4
-116.60783614468788 36.75703021288421 48964.8
-116.60781161045828 36.75702996169873 48963.7
-116.60778713528636 36.75702969711877 48962.3
-116.60776269727512 36.757029425968526 48961.2
-116.60773828817908 36.75702915832597 48960.6
-116.607713906322 36.757028902645565 48960.2
-116.60768954393996 36.757028653987646 48960.2
-116.60766519104412 36.75702839248987 48959.8
-116.60764083008864 36.75702809455003 48957.6
-116.60761641620736 36.757027740693 48955.7
-116.6075919317964 36.75702730919326 48954.1
-116.60756734671848 36.75702681321414 48951.9
-116.60754265810486 36.757026271101694 48950.2
-116.60751788747176 36.757025716273006 48949.4
-116.607493028422 36.75702520698346 48949.5
-116.60746811996668 36.757024780567214 48949.7
-116.60744318417728 36.75702445597962 48949.1
-116.60741826261498 36.757024233454445 48947.8
-116.60739332872458 36.757024115782734 48946.1
-116.6073684278149 36.75702406608959 48944.5
-116.607343580793 36.75702406757604 48943.3
-116.6073188113754 36.757024102774736 48942.3
-116.60729414145686 36.75702415370984 48941.5
-116.60726957299856 36.75702419612404 48940.9
-116.60724510525372 36.75702421659583 48939.8
-116.6072207159678 36.75702420715411 48938.0
-116.60719640447464 36.75702415805001 48936.1
-116.60717211269768 36.757024074980016 48934.0
-116.60714780914618 36.75702396113694 48932.6
-116.60712346410536 36.75702382664769 48932.5
-116.60709904127134 36.75702367644763 48931.8
-116.60707452767218 36.75702351418744 48930.1
-116.60704992068224 36.75702334058544 48929.2
-116.60702521942164 36.757023150934415 48928.5
-116.60700044985954 36.757022926437344 48927.4
-116.60697564494444 36.757022655320114 48925.7
-116.60695082353456 36.75702232969969 48923.3
-116.60692598573344 36.75702195291833 48921.2
-116.60690115810624 36.757021530254 48919.4
-116.60687633216018 36.757021087555685 48917.8
-116.60685151347916 36.757020644521965 48916.8
-116.60682671673516 36.75702021558629 48915.8
-116.60680195254632 36.75701981104619 48913.9
-116.6067772329736 36.75701942630457 48912.1
-116.60675256315668 36.75701905958402 48910.6
-116.60672794837714 36.7570187111417 48908.4
-116.60670337382864 36.757018397392976 48906.6
-116.60667882242016 36.75701812510929 48904.6
-116.6066542774268 36.7570178948382 48902.1
-116.6066297390452 36.75701770730112 48899.6
-116.60660516621364 36.75701757848128 48897.4
-116.60658056343736 36.75701750702426 48895.3
-116.60655592007689 36.75701749593095 48893.3
-116.60653123847536 36.75701754215799 48891.1
-116.60650647305656 36.75701764652041 48888.7
-116.60648164580824 36.75701778808181 48886.6
-116.60645676695412 36.75701794338048 48885.0
-116.6064318479395 36.75701808233209 48883.1
-116.60640693661152 36.75701816407047 48880.9
-116.606382046042 36.75701816960363 48879.1
-116.60635718514166 36.75701809610857 48877.5
-116.60633234213635 36.75701795913659 48875.6
-116.60630753680412 36.75701777170953 48873.4
-116.60628274550028 36.75701755876174 48871.4
-116.6062579652733 36.75701733083629 48869.3
-116.60623318871563 36.75701709459132 48866.5
-116.6062084127582 36.757016852893855 48864.2
-116.60618363443076 36.757016608110014 48861.9
-116.60615885507312 36.7570163614055 48859.1
-116.60613406974896 36.757016111729925 48856.7
-116.6061092683137 36.75701585034849 48854.3
-116.606084434018 36.75701556885184 48851.3
-116.60605955322367 36.75701526123464 48848.8
-116.60603461674076 36.75701493260835 48846.5
-116.60600962278156 36.75701459333503 48843.7
-116.60598458795684 36.757014254728965 48841.1
-116.60595952959164 36.75701392199464 48838.6
-116.60593447334536 36.75701360265022 48835.9
-116.60590942748362 36.75701330640074 48833.0
-116.6058844051978 36.75701303314647 48830.1
-116.60585940876835 36.757012785105694 48827.4
-116.6058344470813 36.75701256158121 48824.4
-116.60580951811772 36.75701236497744 48821.1
-116.60578463210092 36.757012189036764 48818.3
-116.60575979779922 36.75701203373532 48815.0
-116.60573503211668 36.75701190416122 48812.1
-116.60571032412456 36.757011816919096 48809.0
-116.60568565561628 36.75701177460056 48806.0
-116.60566100544536 36.75701177780792 48803.2
-116.60563626260218 36.75701181702577 48800.2
-116.6056116992879 36.75701187831205 48797.2
-116.60558702461232 36.75701194404912 48794.8
-116.60556232763057 36.757011998659245 48792.3
-116.60553759387288 36.75701202450895 48789.3
-116.60551285121008 36.75701200246104 48786.1
-116.60548800208782 36.75701193193997 48783.0
-116.60546325119223 36.75701180998024 48779.8
-116.6054384930746 36.75701163868668 48776.5
-116.60541374141418 36.757011434325086 48773.8
-116.60538897526908 36.75701123046896 48771.1
-116.6053641873004 36.75701104555797 48767.3
-116.60533937927664 36.75701088970098 48763.6
-116.6053145209199 36.75701078165165 48759.6
-116.6052896277384 36.757010723714814 48756.0
-116.60526470675414 36.75701071356753 48752.2
-116.60523976593484 36.75701074095738 48748.2
-116.60521479380284 36.75701078979212 48744.4
-116.60518981196108 36.7570108419996 48740.9
-116.60516482699146 36.7570108897174 48738.3
-116.60513983592108 36.757010927382645 48735.7
-116.6051148365446 36.75701093860437 48732.2
-116.60508981579848 36.75701091264612 48727.8
-116.60506477404904 36.757010842162536 48723.4
-116.60503970352995 36.75701072288624 48719.9
-116.60501463606762 36.7570105433301 48716.4
-116.60498955804702 36.75701031847148 48711.9
-116.60496446682065 36.757010058119945 48707.1
-116.60493935910112 36.757009771614285 48702.4
-116.60491425482668 36.75700946195274 48697.7
-116.60488915933054 36.75700913626552 48693.4
-116.60486408344714 36.757008797773366 48689.2
-116.6048390404885 36.75700845368878 48685.0
-116.6048140379666 36.75700811824725 48680.7
-116.60478906586596 36.75700780737564 48675.7
-116.60476411047892 36.75700753718959 48670.2
-116.60473917081198 36.757007319645126 48665.1
-116.60471420598697 36.75700716626922 48660.1
-116.60468923694356 36.7570070632285 48655.2
-116.60466428027536 36.75700700655072 48650.1
-116.60463935590155 36.75700698791808 48645.2
-116.60461446279392 36.75700699492549 48640.9
-116.60458960679316 36.75700700114263 48636.3
-116.60456478738811 36.75700698409075 48631.6
-116.60453998781996 36.757006927885485 48626.4
-116.6045152237528 36.757006819459065 48621.3
-116.60449047094107 36.757006671405726 48616.0
-116.604465727035 36.757006494695226 48611.1
-116.60444099192928 36.757006298890175 48606.3
-116.60441627551172 36.75700608899543 48601.8
-116.60439157086272 36.75700586982517 48597.2
-116.60436687496389 36.75700564279531 48592.0
-116.60434218278644 36.75700541407367 48585.9
-116.60431748443436 36.75700519342888 48579.9
-116.60429277233708 36.75700499096124 48573.4
-116.6042680433335 36.757004808637845 48567.0
-116.6042433008874 36.75700463988984 48561.5
-116.60421854662576 36.75700447223968 48556.7
-116.60419379048794 36.75700429579768 48551.4
-116.60416903920638 36.75700410717764 48546.3
-116.60414429940428 36.75700391116107 48540.5
-116.60411957267992 36.75700372296539 48533.8
-116.60409485584924 36.75700355619363 48527.8
-116.60407014668552 36.75700342149561 48522.1
-116.60404544978807 36.75700332537436 48516.3
-116.60402073101538 36.757003280583504 48510.0
-116.603995996433 36.757003279898285 48504.0
-116.6039712409226 36.757003317572 48498.1
-116.60394645713734 36.757003377491294 48491.3
-116.60392163164371 36.757003433090574 48484.1
-116.60389676539286 36.75700346556162 48476.3
-116.60387185197362 36.75700346722172 48469.0
-116.60384687922144 36.757003442332746 48461.9
-116.60382183617251 36.757003401839 48454.6
-116.6037967309372 36.75700337021693 48446.9
-116.6037715954528 36.75700337986319 48439.3
-116.60374653534988 36.757003466771366 48431.3
-116.60372168342464 36.75700369450389 48422.9
-116.60369728422933 36.75700407035278 48414.1
-116.60367363483488 36.75700459662864 48405.7
-116.6036511036928 36.75700524240074 48398.7
-116.60352267479738 36.7569229266381 48386.3
-116.60352438354604 36.756907085484045 48363.2
-116.60352632917056 36.75689014821022 48370.8
-116.60352825528072 36.75687227583512 48378.0
-116.60352991736056 36.75685344150971 48385.1
-116.603531217364 36.75683407724692 48392.8
-116.60353210361517 36.75681446470228 48400.6
-116.6035325840464 36.75679498729709 48409.0
-116.60353268327196 36.75677601251295 48417.0
-116.6035326090908 36.756757958081366 48422.7
-116.60364990412828 36.75666924812487 48455.2
-116.60366941258268 36.756671046883504 48481.8
-116.60369045740096 36.7566727744926 48489.1
-116.60371274487224 36.75667429569806 48494.4
-116.6037361662142 36.75667555005483 48498.7
-116.60376050116795 36.75667652630519 48501.7
-116.60378582046036 36.756677207504886 48504.6
-116.6038117016404 36.75667767529677 48508.9
-116.60383796109592 36.75667796549921 48514.2
-116.6038644013626 36.756678112224655 48519.3
-116.60389091001504 36.75667812412566 48524.4
-116.60391729280292 36.75667804003784 48529.3
-116.60394343112272 36.7566778682854 48534.1
-116.60396918925797 36.75667761078903 48539.2
-116.60399446393949 36.75667723382043 48544.6
-116.6040192672591 36.756676749934414 48549.3
-116.60404361374228 36.75667618895657 48553.4
-116.60406755102522 36.756675606080016 48557.8
-116.6040911241714 36.756675052973165 48562.6
-116.60411452687936 36.75667455844408 48567.3
-116.60413789146664 36.7566741429593 48572.1
-116.60416135662604 36.75667381777332 48576.7
-116.60418497851026 36.75667359916904 48580.4
-116.60420879181405 36.756673457728645 48584.2
-116.60423279122632 36.75667337510837 48589.2
-116.60425695549635 36.75667333278962 48593.7
-116.60428123107172 36.75667332604075 48597.3
-116.60430555528112 36.756673348493095 48601.3
-116.60432989049484 36.756673403204445 48605.0
-116.60435422075912 36.7566734904191 48608.7
-116.60437851323108 36.756673608704176 48613.0
-116.60440278088346 36.75667373511661 48617.7
-116.60442703345493 36.75667384277768 48622.1
-116.6044512690523 36.75667390777587 48625.9
-116.6044755412155 36.75667390547834 48629.4
-116.6044998512862 36.756673843042 48633.4
-116.60452421085884 36.756673718879526 48638.0
-116.60454861023231 36.75667352972676 48642.1
-116.60457309185466 36.75667326156359 48645.5
-116.60459762201972 36.75667292310677 48649.6
-116.60462219545056 36.756672511382725 48653.3
-116.60464679538664 36.75667202977339 48657.5
-116.60467144546855 36.756671481766574 48661.9
-116.6046960978017 36.75667089859248 48664.8
-116.60472072795022 36.75667030294951 48668.5
-116.6047453275808 36.75666972022063 48672.9
-116.60476986864076 36.75666918581123 48676.4
-116.60479436692088 36.756668722690776 48680.0
-116.60481892082892 36.756668352274616 48683.6
-116.60484336897947 36.75666808763287 48687.5
-116.60486776440088 36.756667947142965 48691.8
-116.6048921530802 36.75666790676478 48696.1
-116.60491653710932 36.75666795899812 48700.0
-116.604940926165 36.75666809085399 48703.8
-116.604965269156 36.7566682946625 48707.4
-116.60498958068426 36.7566685352047 48710.9
-116.60501386848604 36.756668786892526 48715.1
-116.60503814875914 36.756669024486825 48719.7
-116.60506248406574 36.75666922462951 48723.9
-116.60508688786308 36.75666938900265 48726.9
-116.60511136753723 36.75666951794015 48729.8
-116.60513590674636 36.75666960744865 48733.3
-116.60516052570648 36.75666963908488 48737.2
-116.60518518836776 36.75666961883084 48741.1
-116.60520987919315 36.756669549810326 48744.5
-116.60523457757571 36.75666943565568 48748.3
-116.60525929886592 36.75666927737203 48751.9
-116.60528402643696 36.75666909279862 48755.0
-116.60530875090905 36.75666889854068 48758.3
-116.60533345563736 36.75666871646944 48761.8
-116.60535809658776 36.75666856428332 48766.0
-116.6053826842036 36.75666844127832 48769.4
-116.60540722302288 36.75666834581493 48772.1
-116.60543171993488 36.75666827316736 48775.6
-116.6054561672792 36.75666821729261 48779.0
-116.60548058461733 36.75666816812121 48782.0
-116.60550498405186 36.75666812001424 48785.6
-116.60552938491456 36.756668065396894 48789.1
-116.6055538342012 36.75666800003117 48792.7
-116.60557835648368 36.75666792656604 48795.9
-116.60560297279903 36.75666784454114 48799.2
-116.6056276860678 36.756667754980604 48802.4
-116.60565249485542 36.756667664959615 48805.5
-116.60567735987595 36.75666758398776 48808.3
-116.60570226092824 36.756667518955176 48811.0
-116.60572719068352 36.756667474736496 48814.3
-116.60575212661423 36.756667457383365 48817.5
-116.6057770623868 36.75666746384852 48820.7
-116.60580199054526 36.756667494889015 48823.3
-116.6058269092058 36.75666755093114 48826.2
-116.60585178913848 36.75666763437612 48829.6
-116.60587663028846 36.7566677357728 48832.7
-116.6059014305286 36.75666785194514 48835.6
-116.60592619445188 36.756667978460335 48838.4
-116.60595093512948 36.75666810401106 48842.0
-116.60597568100924 36.75666821821384 48845.0
-116.60600044557364 36.75666831734376 48847.1
-116.60602522372103 36.756668393490095 48849.7
-116.60605003300162 36.75666842725905 48852.9
-116.60607485905987 36.75666841385458 48856.1
-116.60609969711707 36.75666834546842 48858.8
-116.60612452762828 36.756668220470765 48861.4
-116.60614936209416 36.75666803814388 48863.9
-116.60617415978464 36.756667821958175 48866.3
-116.60619890453728 36.75666757243792 48868.7
-116.60622357821693 36.75666727770808 48871.3
-116.60624822701187 36.75666691363883 48874.3
-116.60627286670405 36.75666650056658 48877.2
-116.6062975204137 36.756666058032586 48879.7
-116.60632221062988 36.75666560376106 48882.1
-116.60634695534304 36.7566651510254 48884.5
-116.60637174829796 36.7566647023076 48887.2
-116.60639658823108 36.75666424931257 48889.7
-116.60642147459414 36.756663791609824 48891.9
-116.60644639027356 36.75666335166795 48894.1
-116.6064713049842 36.756662951222566 48896.5
-116.6064962027706 36.75666259252053 48899.0
-116.60652107660772 36.75666227023434 48901.5
-116.60654587279544 36.756661989289206 48903.4
-116.6065705769558 36.75666175129193 48905.2
-116.60659516934544 36.75666156574975 48907.5
-116.6066196510636 36.756661436175314 48909.7
-116.60664397804725 36.75666136222552 48912.0
-116.60666819916948 36.75666131980166 48914.2
-116.60669233280449 36.75666129633154 48916.5
-116.60671640821836 36.75666128175368 48918.9
-116.60674045884775 36.75666127544984 48920.7
-116.60676453826906 36.756661282941366 48922.5
-116.60678868880652 36.756661311663606 48924.7
-116.60681295235564 36.756661369335546 48926.5
-116.60683733613132 36.756661470017626 48928.0
-116.60686181066936 36.7566616102197 48930.0
-116.60688634083584 36.75666178581374 48932.3
-116.6069108903232 36.756661989435166 48933.9
-116.60693540500682 36.756662213453794 48935.3
-116.6069598714555 36.7566624441832 48937.1
-116.60698428137732 36.756662677694734 48939.2
-116.60700863557712 36.75666291451791 48941.1
-116.60703292221253 36.75666316093168 48942.7
-116.6070571506704 36.75666342293396 48943.8
-116.60708132100385 36.75666370720548 48945.3
-116.60710543827544 36.75666401814266 48947.1
-116.60712948171532 36.756664358368894 48948.8
-116.60715347284824 36.756664718223945 48950.5
-116.60717740985886 36.75666509370093 48951.9
-116.60720129114743 36.75666548028489 48953.2
-116.60722511132228 36.75666587012672 48954.7
-116.60724889925164 36.75666625495632 48956.2
-116.60727267868025 36.75666663611812 48957.6
-116.6072964791448 36.756667020470495 48958.7
-116.60732032950372 36.75666741488649 48959.9
-116.6073442418892 36.756667819546095 48961.4
-116.607368221977 36.75666823370544 48962.8
-116.60739226970756 36.75666865529681 48964.2
-116.6074163872556 36.75666908090884 48965.3
-116.6074405621914 36.75666950219818 48966.2
-116.60746478893893 36.75666990232241 48967.4
-116.607489042131 36.75667025859419 48968.9
-116.60751335500444 36.75667053248446 48970.3
-116.60753769739829 36.75667071953976 48971.7
-116.60756205263944 36.75667081778674 48972.8
-116.60758639730427 36.75667083649727 48974.3
-116.6076107748016 36.756670787675205 48975.1
-116.607635178166 36.75667070924043 48975.4
-116.60765962497808 36.756670623923306 48976.3
-116.6076841385186 36.756670546647975 48977.4
-116.60770872618085 36.75667049422631 48978.3
-116.60773337890464 36.75667047266703 48979.2
-116.60775808944776 36.75667048844705 48980.1
-116.6077828597748 36.75667054723332 48980.9
-116.60780765719367 36.75667066204789 48981.6
-116.60783247967352 36.756670823791154 48982.4
-116.60785732814956 36.75667102373853 48983.5
-116.6078822126222 36.756671251614414 48984.3
-116.60790713065344 36.756671501518085 48984.8
-116.60793208193589 36.7566717572992 48985.5
-116.60795705716414 36.75667200674927 48986.2
-116.60798203623976 36.75667223925787 48986.7
-116.60800701556484 36.756672443064126 48987.5
-116.60803197824671 36.756672617978126 48988.4
-116.6080569135146 36.75667276323688 48988.6
-116.6080818150418 36.75667288228836 48988.6
-116.6081066944398 36.756672977212176 48989.0
-116.60813154967428 36.756673053823135 48989.7
-116.60815637224177 36.7566731124907 48990.3
-116.60818114280949 36.75667315306804 48990.7
-116.60820585216533 36.75667317305791 48990.9
-116.608230501295 36.75667317449218 48991.2
-116.60825509412192 36.75667315695186 48991.8
-116.60827963428304 36.75667312547684 48992.3
-116.60830412063513 36.75667308606393 48993.0
-116.60832856014088 36.756673047135735 48993.5
-116.60835295568272 36.7566730170776 48993.4
-116.60837732189133 36.75667300774302 48993.6
-116.60840164403288 36.75667303863352 48994.4
-116.60842593643684 36.75667311419126 48995.2
-116.60845019865953 36.7566732391124 48995.7
-116.60847444751695 36.75667341459323 48995.3
-116.60849865829384 36.75667365064445 48995.5
-116.60852285372329 36.75667393378882 48996.2
-116.60854704127568 36.75667425476092 48996.5
-116.60857124205404 36.75667460538494 48996.8
-116.60859547565144 36.75667498694735 48997.2
-116.60861977870589 36.75667539277681 48997.1
-116.60864428585552 36.756675817393386 48997.5
-116.60866873454437 36.756676243785705 48998.1
-116.6086934713645 36.756676662212286 48998.4
-116.60871847634816 36.756677063348135 48998.4
-116.60874353300052 36.756677437152895 48998.4
-116.60876869036376 36.75667778121785 48998.6
-116.60879388403832 36.75667808520714 48998.2
-116.60881897837764 36.75667834705888 48997.4
-116.6088438216062 36.75667854778516 48997.0
-116.6088681590784 36.75667865065141 48997.3
