Long Lat Mag_nT
-116.60881942692151 36.758388284343 48747.1
-116.60884142022014 36.75838985258648 48750.1
-116.60886430347124 36.758391317479294 48749.4
-116.60888807473988 36.758392518645664 48747.7
-116.60891248548047 36.75839342236619 48747.0
-116.60893738037556 36.75839402319125 48747.0
-116.60896262007176 36.75839435106779 48746.5
-116.6089881947958 36.75839443432655 48745.3
-116.60901395896758 36.758394377707965 48743.8
-116.6090399199566 36.75839423774973 48743.0
-116.60906580832632 36.75839405525307 48742.8
-116.60909165813923 36.75839385382472 48742.5
-116.60911738948958 36.75839364211973 48742.3
-116.60914293159364 36.75839341346633 48742.2
-116.60916821821672 36.758393160839645 48741.3
-116.60919317350096 36.75839287603363 48740.2
-116.6092178422744 36.7583925688934 48739.9
-116.609242261652 36.75839224711391 48739.6
-116.60926649557015 36.75839191333013 48739.3
-116.60929061773648 36.758391574144405 48739.1
-116.60931471801852 36.75839124139002 48738.7
-116.60933884295387 36.75839092345886 48738.1
-116.60936302545304 36.75839062356592 48737.9
-116.6093872868364 36.758390337139765 48737.9
-116.60941161654227 36.75839005536397 48737.2
-116.60943600189816 36.75838978181908 48736.6
-116.60946042702042 36.758389523486045 48736.1
-116.60948485264232 36.75838928940136 48735.0
-116.60950924715108 36.75838907758271 48734.0
-116.60953358799864 36.75838888727797 48733.1
-116.60955786661005 36.758388719845854 48733.1
-116.60958206247132 36.75838858327005 48732.7
-116.60960620399425 36.75838847683592 48731.4
-116.60963032187796 36.758388395730975 48730.6
-116.60965444784333 36.758388323298206 48730.4
-116.60967863237376 36.75838822809315 48730.4
-116.6097028901696 36.7583880893523 48729.7
-116.60972721473784 36.758387890718 48728.6
-116.6097515747996 36.75838762605616 48727.3
-116.60977597590346 36.75838728548563 48726.0
-116.60980038658732 36.75838688924201 48725.1
-116.60982479203112 36.75838644619464 48724.3
-116.6098491747457 36.75838596522386 48723.2
-116.60987354158176 36.75838544696565 48722.0
-116.60989790067826 36.75838491201196 48721.0
-116.60992227098588 36.7583843854384 48719.9
-116.6099466841754 36.75838389408671 48718.9
-116.60997113717087 36.758383474737975 48717.5
-116.6099956255416 36.75838313486096 48716.2
-116.61002014228892 36.75838287641424 48715.1
-116.61004468529109 36.75838268939269 48714.0
-116.61006921913464 36.75838256106568 48712.3
-116.61009374544012 36.758382456346176 48710.7
-116.61011826400232 36.75838235506662 48709.5
-116.61014277831455 36.75838224548646 48708.3
-116.61016731046897 36.758382113691326 48706.8
-116.61019186783643 36.75838195515804 48705.4
-116.61021645118768 36.758381770047095 48703.6
-116.61024105448344 36.75838156277575 48701.8
-116.61026567585075 36.7583813387962 48700.4
-116.6102903003309 36.75838110675997 48699.0
-116.61031491947912 36.75838087300034 48697.4
-116.61033953557973 36.75838064093632 48695.7
-116.61036415049804 36.75838041314166 48693.9
-116.61038876070148 36.75838019024649 48692.2
-116.61041335970202 36.758379976500656 48690.2
-116.61043794399676 36.758379777301634 48688.4
-116.61046249808844 36.75837959325069 48686.6
-116.61048702127718 36.75837941136647 48685.0
-116.61051151969772 36.75837922147126 48683.1
-116.61053600798073 36.75837902728993 48681.3
-116.6105604962776 36.75837884533233 48679.6
-116.61058498744758 36.75837869301972 48677.3
-116.61060947684491 36.75837858004199 48675.0
-116.61063397241314 36.75837850861744 48672.8
-116.6106584687194 36.75837848476044 48670.5
-116.61068298583228 36.75837848709308 48668.6
-116.61070753691968 36.75837849286215 48666.9
-116.6107321125622 36.75837848624213 48664.7
-116.61075670789614 36.75837845253504 48662.5
-116.6107813044922 36.758378391627694 48660.1
-116.61080589223496 36.7583782986694 48657.5
-116.61083045629069 36.758378168291216 48655.2
-116.6108550057266 36.758377995972914 48653.3
-116.61087953643867 36.7583777959767 48651.4
-116.61090404929335 36.75837757273131 48649.2
-116.61092854504209 36.75837733046524 48646.5
-116.61095302773484 36.75837707798772 48643.9
-116.61097749782869 36.75837683367743 48641.0
-116.61100196120904 36.75837661081236 48638.4
-116.61102644277872 36.75837642022619 48636.4
-116.61105094499015 36.7583762799352 48634.4
-116.61107547108476 36.75837618338248 48631.8
-116.61110002611176 36.75837612093966 48629.0
-116.6111246189918 36.758376087996446 48626.7
-116.6111492409766 36.75837608851457 48624.2
-116.61117387800029 36.75837611662663 48621.6
-116.61119851867004 36.758376167844766 48618.9
-116.61122315429692 36.75837623809746 48616.1
-116.61124777035587 36.75837632344992 48613.6
-116.61127236683812 36.758376416431055 48611.3
-116.6112969357308 36.75837651342738 48608.7
-116.6113214676376 36.75837661275919 48606.2
-116.61134593616076 36.75837671635952 48603.5
-116.61137033680896 36.75837682744841 48600.7
-116.61139467178144 36.75837695244845 48598.0
-116.61141895516936 36.758377092233005 48595.1
-116.61144320422105 36.75837724315858 48592.6
-116.61146745863574 36.75837739371748 48590.3
-116.61149174724764 36.758377536172254 48587.8
-116.61151608394373 36.7583776585096 48585.2
-116.61154051526968 36.75837773275632 48582.4
-116.6115650390458 36.75837775085474 48580.0
-116.61158964594608 36.75837771139504 48577.4
-116.61161430418665 36.75837761911101 48574.2
-116.61163900103205 36.75837747379566 48571.2
-116.61166369245296 36.75837728791465 48568.7
-116.6116883546958 36.758377070590335 48566.4
-116.61171296962291 36.758376834884345 48564.0
-116.61173751531342 36.75837660194014 48561.4
-116.6117619905295 36.758376398437406 48558.7
-116.61178640474084 36.758376247817104 48556.4
-116.61181079381312 36.758376168039 48553.7
-116.61183514752187 36.75837617387142 48550.9
-116.61185950273 36.75837623301952 48548.7
-116.61188388235485 36.75837631806412 48546.6
-116.61190829514132 36.75837640118552 48544.3
-116.61193277486842 36.75837644501387 48541.9
-116.61195732582893 36.75837644083222 48539.3
-116.61198195086108 36.75837638924657 48536.7
-116.61200664189424 36.75837628837605 48534.6
-116.61203143284172 36.75837612570936 48532.5
-116.61205630195964 36.75837590804026 48530.0
-116.61208123626282 36.75837563499725 48527.5
-116.61210621152593 36.75837531281504 48525.1
-116.61213121880206 36.75837494740369 48522.8
-116.61215620785605 36.758374568089614 48520.5
-116.6121811411792 36.75837418562582 48518.2
-116.61220599528046 36.75837380548381 48516.3
-116.61223073551685 36.758373437858445 48514.5
-116.6122553748112 36.75837308905277 48512.3
-116.61227992916749 36.75837276590909 48510.3
-116.6123044353254 36.75837248034024 48508.7
-116.61232890048755 36.75837226474345 48507.1
-116.61235335114378 36.75837212960048 48505.1
-116.61237779479092 36.75837208066662 48503.0
-116.6124022454904 36.758372111507455 48501.4
-116.61242667040112 36.758372221335726 48499.6
-116.612451081829 36.75837238382278 48497.8
-116.61247548968112 36.7583725801907 48496.4
-116.61249990450156 36.75837278404085 48495.3
-116.61252436268175 36.758372957851165 48494.4
-116.6125488773474 36.758373080812255 48493.1
-116.61257345074308 36.758373139453965 48491.1
-116.61259807216112 36.75837312669304 48489.5
-116.61262278378364 36.75837303697492 48488.5
-116.6126475632948 36.75837290641771 48487.5
-116.61267239820768 36.758372768915095 48486.5
-116.61269728468396 36.75837265993535 48484.7
-116.61272218128543 36.75837261905739 48483.3
-116.61274707662427 36.75837264544471 48482.7
-116.61277197423868 36.7583727317413 48481.7
-116.61279689479124 36.758372865702405 48480.5
-116.61282185553024 36.75837304093173 48479.7
-116.6128468778266 36.7583732418413 48479.2
-116.6128719800851 36.758373460918925 48478.7
-116.61289718239708 36.75837369669711 48477.9
-116.61292260858276 36.75837395204731 48477.0
-116.61294802533564 36.75837421472414 48476.2
-116.61297349774638 36.75837446752878 48475.8
-116.61299896347816 36.75837468862825 48475.5
-116.61302438545178 36.75837484642497 48475.3
-116.61304970989598 36.75837494139315 48474.7
-116.61307491395203 36.75837497444281 48474.0
-116.61309998409224 36.75837495199934 48473.4
-116.6131249518878 36.7583748621081 48473.4
-116.613149855553 36.758374706983616 48473.6
-116.61317472751324 36.7583744840688 48473.7
-116.61319957594156 36.75837419599048 48473.2
-116.61322444841828 36.75837384085696 48473.0
-116.61324932889544 36.75837345162154 48473.0
-116.61327421131884 36.75837305096461 48473.1
-116.61329910040013 36.75837266166053 48473.1
-116.61332398787826 36.75837231024398 48473.6
-116.61334889043512 36.758372001003096 48473.9
-116.61337381970796 36.758371739723245 48473.9
-116.61339880117409 36.758371529686784 48474.1
-116.6134238225452 36.758371381836255 48474.7
-116.61344889296996 36.75837128437248 48475.2
-116.61347401031136 36.75837123929071 48475.6
-116.61349918078116 36.75837125568869 48476.3
-116.61352430403296 36.75837135829765 48476.8
-116.61354928527992 36.758371526321376 48477.3
-116.61357396097276 36.75837172398849 48477.7
-116.6135980707745 36.75837188730112 48477.9
-116.61362121617964 36.75837187601898 48477.2
-116.61364319746384 36.75837156964488 48476.7
-116.61375872957356 36.758258920425774 48489.0
-116.61375578368092 36.75824250811362 48496.6
-116.61375267375008 36.75822524384012 48497.1
-116.61374965350224 36.758207387202674 48498.1
-116.61374681499883 36.758189123132325 48498.8
-116.61374415122896 36.75817070912476 48499.9
-116.61374157668804 36.75815258300656 48501.0
-116.61373894122944 36.758135150337736 48501.2
-116.61358163585724 36.75804721898242 48508.6
-116.61356140555282 36.75804958831196 48512.8
-116.6135401140172 36.75805183056824 48511.7
-116.6135180671135 36.75805382666671 48511.2
-116.61349528087268 36.758055563062925 48511.1
-116.61347184339834 36.75805704915671 48510.9
-116.61344776353178 36.7580583110619 48510.4
-116.61342333795912 36.75805942152269 48510.7
-116.61339863022496 36.7580604361734 48511.3
-116.61337374366184 36.75806138083508 48511.3
-116.6133487579334 36.75806225954256 48511.3
-116.61332381727908 36.75806307500318 48511.2
-116.61329899128052 36.7580638325449 48510.7
-116.613274343038 36.75806453507023 48510.4
-116.61324993530329 36.758065177706456 48510.4
-116.61322578829488 36.7580657426579 48510.0
-116.61320189022564 36.75806619920992 48509.6
-116.61317823526883 36.758066515197264 48510.0
-116.61315476738856 36.75806664696363 48510.3
-116.61313148797396 36.75806660323296 48510.0
-116.61310826361428 36.75806639994212 48510.0
-116.6130850160294 36.75806605436119 48510.3
-116.61306163915556 36.75806558352768 48510.8
-116.61303813173676 36.75806503968915 48511.2
-116.6130144201732 36.75806446707286 48511.8
-116.61299047852285 36.7580639034533 48512.6
-116.61296629564572 36.758063384828525 48514.2
-116.6129419001636 36.75806292294667 48515.0
-116.61291735837032 36.758062519226215 48515.8
-116.61289271754296 36.75806217638515 48517.0
-116.61286804035277 36.75806191081977 48517.9
-116.61284332194644 36.75806173375033 48518.6
-116.61281859897562 36.75806164706532 48519.9
-116.6127938877685 36.75806164761117 48520.9
-116.61276921672248 36.75806172850401 48521.2
-116.61274455625411 36.75806184768253 48521.6
-116.6127199275994 36.758061961352006 48522.6
-116.61269533262328 36.75806203388515 48523.3
-116.61267075733792 36.758062038540224 48524.5
-116.61264623602224 36.75806197309928 48526.4
-116.61262176113132 36.75806184512484 48528.5
-116.61259733755205 36.75806166006368 48530.2
-116.61257294906557 36.75806141016026 48531.3
-116.61254860666584 36.7580611015869 48532.4
-116.61252427807696 36.75806074486855 48533.8
-116.6124999444915 36.758060354404655 48535.4
-116.61247558186804 36.758059949380495 48537.7
-116.6124511811561 36.758059557941166 48539.6
-116.61242673528038 36.75805921133309 48541.6
-116.61240224574036 36.758058937536326 48543.7
-116.6123777380169 36.7580587668476 48545.6
-116.61235317107332 36.75805869965974 48547.7
-116.61232857902256 36.758058727226185 48549.5
-116.61230396870788 36.75805883838948 48552.1
-116.61227936246992 36.75805901869408 48553.8
-116.61225474949326 36.758059234278726 48555.6
-116.612230158606 36.7580594593747 48557.4
-116.61220559770412 36.7580596738748 48559.6
-116.61218106346348 36.75805985426461 48562.0
-116.61215657709054 36.75805998376426 48564.2
-116.6121321315478 36.758060051599166 48566.5
-116.61210772375648 36.75806005215368 48568.7
-116.61208333420474 36.75805998132496 48570.9
-116.61205897868872 36.7580598582377 48573.3
-116.6120346231074 36.758059706099694 48575.9
-116.61201025258384 36.758059543074665 48578.7
-116.61198585502828 36.75805939088436 48581.2
-116.6119614075861 36.7580592702484 48583.7
-116.6119368989232 36.75805918904645 48585.8
-116.6119123200726 36.75805914584204 48588.3
-116.61188767162244 36.75805913484024 48591.6
-116.611862965532 36.75805913848476 48594.6
-116.6118382379582 36.75805914053765 48597.0
-116.61181352098296 36.75805912994132 48599.3
-116.61178884169652 36.75805909660764 48601.5
-116.61176422280982 36.758059039590485 48604.7
-116.61173965921698 36.7580589646499 48607.9
-116.61171514602236 36.75805887788948 48610.7
-116.611690685195 36.758058786668414 48613.3
-116.61166626089468 36.75805870091641 48615.8
-116.61164185738916 36.758058626471055 48618.3
-116.61161745564048 36.75805857006914 48620.9
-116.61159303296267 36.75805854163129 48623.3
-116.61156856110858 36.75805854564069 48626.4
-116.61154404607906 36.75805858682203 48629.9
-116.61151948684088 36.7580586714998 48633.2
-116.61149489231074 36.75805881046018 48636.0
-116.6114702429872 36.75805899997778 48638.8
-116.6114455593524 36.75805923134848 48641.8
-116.6114208521068 36.75805949224901 48644.3
-116.61139613313554 36.75805977331478 48646.5
-116.61137129830676 36.75806006526193 48649.5
-116.6113466481484 36.75806035721104 48652.6
-116.6113217861062 36.758060650094 48655.0
-116.61129700895428 36.75806093404885 48657.4
-116.61127223885708 36.75806119845987 48659.9
-116.61124748674844 36.75806142611486 48662.8
-116.61122275980748 36.75806160328504 48665.9
-116.6111980440576 36.758061721596974 48668.7
-116.61117334833204 36.75806179042666 48671.2
-116.61114864615108 36.758061819589926 48673.3
-116.61112393186043 36.758061820963775 48675.6
-116.61109920100792 36.75806180372414 48678.9
-116.6110744724975 36.758061776755966 48682.1
-116.61104975388758 36.75806174816376 48684.9
-116.61102505682004 36.75806172284764 48687.5
-116.61100039178356 36.75806170564463 48689.7
-116.61097574466008 36.758061700032016 48692.1
-116.61095110863718 36.758061712575056 48694.7
-116.61092646955956 36.758061755268194 48697.6
-116.6109018153311 36.75806184123769 48700.7
-116.61087710987503 36.758061971826095 48703.7
-116.6108523603058 36.75806214234838 48705.7
-116.61082757103192 36.758062341705966 48708.0
-116.61080274965158 36.75806255128479 48711.0
-116.61077791624132 36.75806275094528 48714.1
-116.61075309159028 36.75806293362184 48716.5
-116.6107282948932 36.758063098721024 48718.6
-116.61070355265852 36.75806324778368 48720.5
-116.61067888245016 36.75806339057781 48722.9
-116.61065427850268 36.758063533746544 48725.1
-116.61062973178949 36.75806367887253 48727.2
-116.6106052309028 36.75806382022646 48729.6
-116.61058075725091 36.758063950395 48731.6
-116.61055628972257 36.75806406039265 48733.4
-116.61053181175866 36.75806414521501 48735.4
-116.61050729040906 36.75806419985262 48737.6
-116.6104827313192 36.75806422702952 48739.5
-116.61045813115608 36.7580642298032 48741.7
-116.61043350059887 36.7580642097307 48744.1
-116.61040884926882 36.75806416549284 48746.1
-116.6103842079768 36.75806410106078 48747.8
-116.61035958471136 36.758064019755935 48749.2
-116.61033498922404 36.758063921911976 48751.4
-116.61031042431088 36.758063807541085 48753.9
-116.61028588346744 36.75806368012739 48755.9
-116.61026134237 36.758063544004926 48757.4
-116.6102367806962 36.75806340496531 48759.0
-116.61021218114364 36.75806327390509 48760.9
-116.6101875391218 36.75806316038887 48762.7
-116.6101628670228 36.758063070831405 48765.1
-116.61013818053948 36.758063011331714 48767.3
-116.61011351267778 36.758062992143685 48769.0
-116.61008886251922 36.75806301734654 48770.4
-116.610064260331 36.758063089113925 48771.7
-116.61003972386096 36.75806320928274 48772.9
-116.61001527354428 36.75806337374562 48774.2
-116.60999087434858 36.75806355989268 48775.4
-116.60996652228512 36.75806374517416 48776.9
-116.6099422007323 36.75806391197152 48778.4
-116.60991788146924 36.75806404188375 48779.6
-116.60989356574731 36.75806413033928 48781.1
-116.60986923371536 36.75806418175197 48782.5
-116.60984488256275 36.758064203102926 48784.0
-116.60982050978606 36.758064202027526 48785.5
-116.6097961279291 36.75806419197433 48787.0
-116.60977173369176 36.75806418237171 48788.7
-116.60974732483952 36.758064175456575 48789.8
-116.60972290109584 36.75806417220903 48790.8
-116.60969846225343 36.75806416795639 48791.7
-116.6096740131228 36.75806415512117 48793.3
-116.60964955756786 36.75806412878512 48794.8
-116.60962509651463 36.75806408614446 48795.9
-116.6096006374286 36.75806403746214 48796.9
-116.60957617291236 36.758063988830976 48797.8
-116.60955169942756 36.75806393881587 48799.1
-116.60952721146936 36.75806388506356 48800.1
-116.60950271221355 36.75806382505243 48800.9
-116.60947820155695 36.75806375675136 48802.3
-116.6094536746007 36.758063677389046 48804.0
-116.60942911339886 36.758063579251335 48805.0
-116.6094045199942 36.75806345272047 48805.4
-116.6093798874672 36.7580632906409 48806.5
-116.6093552193284 36.75806309415789 48807.2
-116.60933052699492 36.7580628761252 48807.7
-116.6093058332402 36.75806266327266 48808.6
-116.60928114404608 36.75806248037858 48809.1
-116.60925646030988 36.75806235485958 48809.9
-116.60923180308257 36.75806231928093 48811.2
-116.60920712100044 36.75806238101483 48811.8
-116.60918243026508 36.75806253730944 48812.1
-116.6091577222307 36.758062777880646 48812.8
-116.6091329959516 36.75806308379214 48813.7
-116.60910822503564 36.75806341819453 48814.2
-116.60908342007868 36.75806375224685 48814.6
-116.6090585744484 36.75806406513048 48815.3
-116.60903366384927 36.75806434098374 48815.6
-116.60900870196885 36.75806458474651 48815.7
-116.60898366695936 36.758064802890246 48816.4
-116.60895855107512 36.75806499803341 48816.6
-116.60893335296616 36.75806518014078 48816.7
-116.60890812217376 36.75806538119022 48817.3
-116.60888293819316 36.75806564187379 48817.8
-116.60885794070468 36.758066013581534 48818.3
-116.60883348745936 36.75806657669081 48818.4
-116.60880975593072 36.75806736576372 48818.1
-116.60878712299048 36.758068366608384 48819.3
-116.6086710954768 36.75799299941768 48814.1
-116.60867401608684 36.75797649618516 48818.9
-116.60867697873108 36.75795874990338 48825.1
-116.60867971512243 36.75793997925094 48829.0
-116.60868200310875 36.75792041896819 48832.0
-116.60868355704676 36.75790043016884 48835.2
-116.60868430837624 36.75788016402991 48838.2
-116.60868423675711 36.75786010463902 48840.9
-116.6086833831834 36.75784062952648 48843.0
-116.60875578095616 36.75773980678409 48844.7
-116.60877473499475 36.75774228776634 48849.9
-116.60879532631922 36.75774475109699 48854.3
-116.60881742275704 36.757746990130606 48856.0
-116.6088408849188 36.75774879574353 48855.6
-116.60886564592435 36.757750121360296 48854.0
-116.60889131226304 36.75775093983582 48852.3
-116.60891766051604 36.75775125713045 48851.4
-116.60894440324708 36.75775106706234 48850.7
-116.60897144528155 36.75775048333345 48849.4
-116.60899845301284 36.75774958769494 48847.6
-116.60902522373524 36.7577484358112 48846.0
-116.60905143800792 36.75774706294035 48845.0
-116.60907704215354 36.757745539258245 48844.1
-116.60910186001736 36.75774393895744 48843.0
-116.60912579946071 36.75774232581465 48841.6
-116.60914871893796 36.75774078269275 48840.1
-116.6091707267367 36.75773939880148 48839.3
-116.60919193962596 36.75773823871226 48839.0
-116.60921260259316 36.75773733751285 48838.5
-116.60923284824926 36.75773676259124 48838.3
-116.60925290481354 36.75773651342816 48838.5
-116.60927312485704 36.75773657126252 48839.0
-116.60929373180484 36.75773691890038 48839.9
-116.60931505066472 36.75773755120164 48840.6
-116.60933699016184 36.757738383774495 48840.5
-116.6093596193822 36.75773934142537 48839.6
-116.60938288335856 36.75774034784196 48838.6
-116.60940671329452 36.75774131143508 48837.5
-116.60943096373911 36.7577421587367 48836.2
-116.60945549152018 36.75774284148331 48834.8
-116.60948020503392 36.75774332996535 48834.0
-116.60950498016302 36.75774358612993 48833.1
-116.60952984297752 36.75774364667992 48831.4
-116.60955468253375 36.75774355253173 48829.7
-116.60957945422912 36.75774334360209 48828.6
-116.60960410146085 36.75774306323477 48827.6
-116.60962863570388 36.7577427689368 48826.2
-116.60965302999767 36.757742493991344 48824.6
-116.60967728667352 36.75774225449415 48823.7
-116.6097014132194 36.75774206398236 48823.1
-116.60972543161598 36.75774192722569 48822.1
-116.60974939014552 36.75774185614335 48820.9
-116.60977332619156 36.75774186249142 48819.7
-116.6097973097792 36.7577419665313 48818.4
-116.60982132127556 36.757742163924206 48817.0
-116.60984539690376 36.75774244142034 48815.8
-116.60986953889343 36.757742786799085 48814.7
-116.60989376364527 36.757743197828496 48813.3
-116.60991802117456 36.75774365980469 48811.9
-116.6099423018561 36.75774415666297 48810.4
-116.60996657845864 36.757744663761 48808.9
-116.609990807576 36.757745144777 48807.5
-116.61001499458912 36.75774557899918 48806.2
-116.6100391249378 36.75774596705299 48804.3
-116.61006319979955 36.757746318017375 48802.2
-116.61008723024302 36.75774664076964 48800.8
-116.61011125662884 36.75774694210106 48799.5
-116.61013529616272 36.75774722050694 48798.0
-116.61015936411918 36.75774747359537 48796.3
-116.61018346815872 36.757747697163886 48794.7
-116.61020762435788 36.75774789911831 48793.0
-116.61023183218394 36.757748092084334 48791.1
-116.61025610180904 36.757748290178434 48789.5
-116.61028045294772 36.75774850382628 48787.6
-116.61030487129388 36.75774873187167 48785.4
-116.6103293534036 36.75774897210278 48783.4
-116.6103538916214 36.75774922493896 48781.5
-116.61037848612152 36.75774949219284 48779.9
-116.61040311618495 36.7577497661332 48778.2
-116.61042777463524 36.75775003161762 48776.3
-116.61045245169976 36.75775027037084 48774.1
-116.61047712542576 36.75775046553824 48771.8
-116.61050180373952 36.75775061911102 48769.6
-116.61052646847564 36.757750739078105 48767.7
-116.6105511128376 36.75775083201873 48765.5
-116.61057572011984 36.75775089621068 48763.3
-116.61060029912758 36.75775093428537 48761.0
-116.61062483029076 36.75775095539768 48758.6
-116.61064930387084 36.75775096877766 48756.4
-116.61067371119698 36.75775098597798 48754.3
-116.6106980613494 36.75775102388488 48752.2
-116.61072237321508 36.75775109376082 48749.8
-116.61074667239455 36.7577511998266 48747.6
-116.61077100300844 36.75775134992972 48745.2
-116.61079536496706 36.757751542237465 48742.7
-116.6108197726493 36.757751777618566 48740.3
-116.61084421919584 36.7577520502983 48737.8
-116.61086868352363 36.75775234447946 48735.1
-116.61089312927704 36.757752628087616 48732.5
-116.6109175463066 36.757752882152566 48730.2
-116.61094193544632 36.7577530993217 48727.7
-116.61096629740427 36.75775327729585 48725.0
-116.61099066821636 36.75775342483704 48722.3
-116.61101505481696 36.7577535480656 48719.8
-116.61103947534522 36.75775365270516 48717.1
-116.61106396049712 36.75775375531998 48714.3
-116.61108851128212 36.75775388039912 48711.7
-116.61111312963249 36.757754045338366 48709.1
-116.61113780888228 36.75775425958465 48706.2
-116.61116255046764 36.75775452838853 48703.5
-116.61118729692129 36.75775483554653 48700.6
-116.61121203342176 36.75775515539634 48697.9
-116.61123673890708 36.757755461328976 48695.3
-116.6112613842484 36.757755720314 48692.3
-116.61128600015864 36.75775591619462 48689.3
-116.61131057908165 36.75775604457532 48686.5
-116.6113351274554 36.75775610118652 48683.7
-116.61135962444436 36.75775607380248 48681.2
-116.61138411019216 36.75775597544429 48678.2
-116.61140856305684 36.757755826841645 48675.4
-116.61143297768672 36.75775565320288 48672.4
-116.61145735231813 36.7577554834146 48669.4
-116.61148168821808 36.75775533828545 48666.6
-116.61150600451124 36.757755226169735 48663.8
-116.61153031852456 36.757755153665336 48660.9
-116.61155465508288 36.75775513746025 48657.9
-116.61157898608116 36.75775518452648 48655.1
-116.61160332134313 36.757755298729336 48652.4
-116.61162765580508 36.75775547184126 48649.6
-116.611651983843 36.75775567710711 48646.9
-116.61167629845777 36.75775587403616 48644.0
-116.61170060922252 36.75775602813289 48641.4
-116.6117249262564 36.757756116451446 48638.6
-116.6117492521562 36.757756129598846 48635.5
-116.6117736287848 36.75775609161192 48632.4
-116.61179804031816 36.75775602542965 48629.3
-116.6118224971736 36.75775594515016 48626.5
-116.61184701676002 36.7577558497244 48623.9
-116.61187161559133 36.75775573115916 48621.4
-116.61189629317448 36.75775558454095 48618.8
-116.61192104080696 36.75775540375912 48616.2
-116.61194583048956 36.75775518501283 48613.1
-116.6119706393662 36.75775493956229 48610.0
-116.61199543685204 36.757754685595074 48607.0
-116.6120202159718 36.75775444152211 48604.3
-116.61204498135588 36.75775421907816 48601.8
-116.6120697323922 36.75775402352101 48599.1
-116.6120944906028 36.75775386458911 48596.4
-116.61211926900197 36.7577537546537 48593.7
-116.61214410889312 36.7577537145217 48591.0
-116.6121689779178 36.75775373331929 48588.5
-116.61219389055512 36.75775378332848 48586.0
-116.61221883978692 36.75775383401314 48583.6
-116.61224381390636 36.75775385515092 48581.2
-116.61226882421172 36.757753837951256 48578.6
-116.61229385533738 36.757753794011045 48576.2
-116.61231889002802 36.75775373623993 48573.6
-116.61234388886476 36.757753663775375 48571.3
-116.61236884158934 36.75775358355393 48569.3
-116.61239374198752 36.75775350633356 48567.1
-116.61241859375689 36.75775344068792 48564.6
-116.61244340477876 36.75775339504533 48562.0
-116.612468176444 36.75775336588287 48560.1
-116.61249292297708 36.757753339808666 48558.4
-116.61251765175392 36.7577533044245 48556.2
-116.61254236551244 36.75775325066648 48554.3
-116.61256708114472 36.757753180280126 48552.6
-116.61259179333824 36.7577530975172 48550.7
-116.61261649873688 36.75775301116416 48548.4
-116.61264119223618 36.75775293755285 48546.4
-116.61266586055136 36.75775289658889 48544.8
-116.6126905105751 36.757752907537856 48542.9
-116.61271515607297 36.75775298942612 48541.2
-116.61273984816748 36.757753167596256 48539.6
-116.61276456038595 36.75775343701071 48538.0
-116.61278932929818 36.75775377857778 48536.9
-116.61281415819565 36.7577541613946 48535.6
-116.6128390400752 36.75775454277298 48533.8
-116.61286396260112 36.75775488291504 48532.3
-116.61288890921284 36.75775515579575 48531.3
-116.61291386952396 36.757755342021696 48530.0
-116.6129388040583 36.75775541265458 48528.5
-116.61296375038307 36.75775537313197 48527.2
-116.61298866262533 36.757755236301406 48526.0
-116.61301352320228 36.75775502262999 48524.9
-116.61303831181452 36.75775476521223 48524.3
-116.61306305198028 36.75775451314736 48523.5
-116.61308784614056 36.75775429393489 48522.7
-116.61311251806248 36.75775411835688 48521.8
-116.6131371999913 36.75775398377448 48521.2
-116.61316189547124 36.7577538642932 48520.6
-116.61318662302776 36.75775373675803 48519.8
-116.61321138664916 36.75775358395649 48519.0
-116.61323617305572 36.757753387904735 48518.5
-116.6132609911132 36.75775314325866 48518.0
-116.61328581937468 36.75775285163764 48517.7
-116.61331065075495 36.75775251665039 48517.3
-116.61333547018528 36.75775214094734 48517.0
-116.61336029498312 36.75775174082966 48516.9
-116.61338511676736 36.75775133387733 48516.5
-116.6134099347926 36.757750939443085 48516.2
-116.61343477006224 36.75775058727096 48516.2
-116.61345960307294 36.75775030263156 48516.3
-116.6134844320762 36.75775010388194 48516.4
-116.6135092130214 36.757749999375896 48516.7
-116.61353383460408 36.757749994624255 48517.0
-116.61355808381448 36.757750050937865 48517.2
-116.61358175885329 36.75775010291078 48517.4
-116.61360459078284 36.75775005356972 48517.1
-116.61373934648888 36.75764028495586 48518.4
-116.6137364053303 36.75762405751933 48529.3
-116.61373320743829 36.75760708793569 48530.2
-116.61372997209811 36.75758954529458 48531.1
-116.61372685753769 36.757571582693146 48532.1
-116.6137239318933 36.757553594006005 48532.6
-116.61372118855849 36.7575358369624 48533.7
-116.61371857469528 36.75751862353329 48535.1
-116.61355265890668 36.757428299671375 48551.5
-116.61353160377372 36.75743046303647 48550.6
-116.6135096738773 36.757432496226166 48549.9
-116.61348697386244 36.75743433224267 48550.1
-116.61346348170191 36.7574359387282 48551.0
-116.61343955266749 36.757437361813 48551.2
-116.61341526718 36.757438670797 48550.7
-116.61339076743572 36.75743991586327 48551.3
-116.61336621396693 36.75744113085207 48552.4
-116.61334178692404 36.75744234124021 48553.1
-116.61331760551732 36.75744355619607 48553.5
-116.61329375657505 36.757444771528334 48554.3
-116.61327033012842 36.75744596232722 48555.2
-116.61324727427188 36.757447096679805 48555.6
-116.61322453629629 36.75744813508442 48555.4
-116.61320204909822 36.75744903598096 48555.6
-116.61317968112932 36.75744973340042 48556.3
-116.6131574314476 36.75745018990995 48556.6
-116.6131351582395 36.75745039109764 48557.0
-116.61311277690125 36.75745033398149 48557.9
-116.61309011034784 36.7574500021468 48558.4
-116.613067248497 36.75744945135244 48558.9
-116.61304408829632 36.75744873222841 48560.5
-116.61302061136844 36.75744789652576 48563.0
-116.61299676698216 36.757446999916006 48564.4
-116.61297261965215 36.75744611544268 48565.3
-116.61294820197412 36.75744530397496 48566.7
-116.61292355768478 36.75744462002687 48569.5
-116.61289878020568 36.75744412924916 48571.7
-116.6128738646836 36.75744383509375 48572.9
-116.6128489259288 36.75744372524969 48573.9
-116.612824021975 36.75744376884813 48574.9
-116.61279924566452 36.75744392210951 48576.5
-116.61277460520382 36.757444112923245 48578.5
-116.61275015422312 36.75744429365594 48580.9
-116.61272589672372 36.75744443646163 48583.2
-116.61270180039348 36.7574445182566 48584.9
-116.61267780649156 36.75744453444536 48586.9
-116.6126538391726 36.757444483998135 48588.8
-116.612629858011 36.75744437243552 48591.0
-116.6126058157128 36.75744420751724 48592.9
-116.61258172024252 36.75744401620208 48594.8
-116.61255756156956 36.75744381947712 48597.2
-116.6125333483324 36.75744363496044 48599.5
-116.61250908190362 36.757443477295226 48601.9
-116.61248475617457 36.7574433496171 48604.3
-116.61246038551911 36.7574432490607 48607.0
-116.6124359801926 36.757443167840826 48609.6
-116.61241154846132 36.757443096856406 48612.3
-116.61238710364438 36.7574430260104 48615.0
-116.61236266075962 36.75744294576737 48617.4
-116.61233823187683 36.75744284831244 48619.8
-116.61231382717668 36.75744272794866 48622.5
-116.61228946567456 36.757442588191374 48625.4
-116.61226514366818 36.75744243713032 48628.3
-116.61224085217216 36.75744228478295 48631.1
-116.61221657778104 36.75744214374107 48634.1
-116.6121922924825 36.7574420215029 48636.7
-116.61216798710588 36.7574419183699 48639.3
-116.61214365562616 36.75744182898676 48642.1
-116.61211930065114 36.757441752552005 48644.6
-116.61209492076476 36.7574416913624 48647.5
-116.61207052488952 36.757441655068405 48650.7
-116.6120461175418 36.75744165924765 48653.7
-116.61202171301434 36.75744172531765 48656.4
-116.61199727837514 36.757441848904506 48658.8
-116.61197282939996 36.75744201015364 48661.9
-116.61194837061512 36.75744217715714 48665.4
-116.61192389041572 36.75744230758956 48668.8
-116.6118994121128 36.757442380552845 48672.0
-116.61187492520348 36.75744239326136 48675.1
-116.611850429028 36.757442353636016 48678.4
-116.61182591886656 36.75744227476071 48681.4
-116.61180141153176 36.75744218111867 48683.7
-116.61177690208326 36.75744208761027 48686.5
-116.61175239143635 36.757442002142646 48690.1
-116.61172787258222 36.75744192680288 48693.1
-116.61170332911952 36.75744185479581 48696.0
-116.61167875784923 36.757441781294496 48699.0
-116.6116541639458 36.75744170750853 48701.7
-116.6116295633754 36.7574416411396 48704.7
-116.6116049601022 36.75744159007333 48708.2
-116.61158035551183 36.7574415576072 48711.2
-116.6115557479948 36.75744154571084 48713.7
-116.6115311371057 36.757441553208935 48716.9
-116.61150651578376 36.75744157318047 48720.1
-116.61148189078952 36.757441603130985 48723.6
-116.61145726130113 36.757441648037 48727.0
-116.61143262267665 36.75744171683502 48730.1
-116.61140796034807 36.757441808343735 48732.4
-116.61138328427172 36.75744191629308 48734.9
-116.61135860242511 36.75744203112703 48737.8
-116.6113339270552 36.757442136614735 48740.5
-116.6113092852736 36.75744221853415 48743.2
-116.61128468932029 36.7574422707998 48746.6
-116.61126014669811 36.75744229475883 48749.9
-116.61123566146422 36.75744229610692 48752.7
-116.61121122354672 36.75744228940995 48755.5
-116.61118680894808 36.757442285966654 48758.6
-116.61116229161568 36.75744229732544 48761.4
-116.61113782869452 36.75744232958039 48764.2
-116.61111328707676 36.75744237785832 48766.9
-116.61108866202188 36.75744243306236 48769.7
-116.61106396463286 36.75744248677034 48772.8
-116.61103921952292 36.75744253676916 48775.4
-116.6110144614821 36.75744259176241 48778.2
-116.61098970052086 36.757442660943845 48781.8
-116.61096493852672 36.75744275159462 48785.2
-116.6109401759522 36.757442868769736 48787.9
-116.61091539526711 36.75744300196107 48790.4
-116.61089060298296 36.75744313709903 48793.1
-116.61086580506615 36.75744326287635 48796.0
-116.61084100653244 36.75744336918776 48798.2
-116.61081623088828 36.75744344884093 48800.8
-116.61079148117103 36.75744349505531 48803.6
-116.6107667611167 36.757443501227904 48806.5
-116.61074206392747 36.75744346459391 48809.1
-116.61071739618218 36.75744340307882 48811.6
-116.61069274422486 36.75744333326672 48814.2
-116.6106681180061 36.757443269808206 48816.8
-116.6106435414977 36.75744322802649 48819.3
-116.61061900325676 36.75744321017788 48821.9
-116.6105945021377 36.757443217807385 48824.3
-116.61057002505773 36.75744325368319 48826.8
-116.61054555346018 36.75744331827967 48829.1
-116.61052104793896 36.75744339398049 48831.0
-116.61049649534532 36.75744345817967 48833.2
-116.61047188386992 36.75744349248778 48834.9
-116.61044719658392 36.75744348289327 48836.5
-116.61042247904612 36.75744343807984 48838.1
-116.61039773953384 36.75744337374347 48840.4
-116.61037299947095 36.75744330600304 48842.5
-116.61034828539078 36.757443248912985 48844.5
-116.61032359852815 36.757443209706125 48846.6
-116.61029893835529 36.757443193538656 48849.1
-116.61027429553351 36.757443210141005 48851.3
-116.61024966586253 36.75744328101205 48853.1
-116.61022500114755 36.75744340985042 48854.9
-116.610200305272 36.757443592546686 48856.8
-116.61017557259808 36.75744382149723 48858.2
-116.6101508032803 36.75744409413051 48859.7
-116.61012598756656 36.757444402139726 48861.7
-116.61010114062772 36.757444739625775 48863.6
-116.61007626849369 36.75744509706526 48865.4
-116.6100513796436 36.757445457288334 48867.1
-116.61002649645268 36.75744579811159 48868.3
-116.61000163566943 36.75744610323673 48869.8
-116.60997679917112 36.75744636393392 48871.4
-116.609951968909 36.75744656785212 48873.2
-116.60992715454869 36.75744671493712 48874.9
-116.60990232751811 36.75744680421256 48876.5
-116.6098774750088 36.75744683305625 48877.8
-116.60985257363215 36.75744679178933 48878.5
-116.60982766919535 36.75744669055506 48879.7
-116.60980275862072 36.7574465455293 48881.3
-116.60977785672948 36.757446376379605 48883.0
-116.60975297950912 36.75744620181906 48884.3
-116.6097281327444 36.75744603535744 48885.6
-116.6097033247662 36.75744588663059 48887.1
-116.60967856512175 36.75744576255116 48888.4
-116.60965387274167 36.75744567452062 48889.2
-116.6096292100592 36.75744562458485 48890.1
-116.60960456675068 36.75744561060037 48891.2
-116.60957992506611 36.75744563195238 48892.2
-116.60955527773812 36.7574456996055 48893.2
-116.6095305993623 36.75744582051336 48894.8
-116.60950590940855 36.75744600359341 48896.3
-116.60948121743536 36.75744625446541 48897.3
-116.60945654643407 36.75744657732202 48898.4
-116.60943186289263 36.757446944699424 48899.6
-116.60940716866789 36.757447327969295 48900.4
-116.60938244375384 36.757447701131134 48901.1
-116.609357651905 36.75744803897857 48901.5
-116.609332811936 36.757448338737326 48901.6
-116.60930791665116 36.757448608551805 48902.2
-116.60928297474588 36.75744885730184 48903.7
-116.60925799803904 36.75744908675608 48905.1
-116.60923302453824 36.757449294055206 48905.7
-116.60920807328922 36.757449472595496 48905.9
-116.609183160778 36.75744961935104 48906.3
-116.60915828444097 36.75744972159659 48906.7
-116.60913346381196 36.75744977110461 48907.1
-116.60910868730588 36.75744976092941 48907.6
-116.60908394492884 36.75744969546683 48908.1
-116.60905920534644 36.75744959389046 48908.5
-116.60903444588952 36.75744948039929 48908.9
-116.60900963822404 36.757449364016125 48909.4
-116.60898476831412 36.75744924861127 48910.0
-116.60895982242928 36.75744914087183 48910.3
-116.60893480275551 36.757449052792126 48911.0
-116.60890972546864 36.75744900016262 48912.0
-116.60888463101897 36.7574490031925 48912.1
-116.60885965623612 36.757449098141 48911.9
-116.608834909266 36.75744930457257 48912.6
-116.60881062645352 36.757449635173465 48913.3
-116.6087870891706 36.75745009365856 48914.0
-116.60865803184788 36.75734314383041 48916.8
-116.60866201719836 36.75732505492042 48925.3
-116.60866560975532 36.75730599490585 48927.9
-116.60866858517042 36.757286173088495 48931.0
-116.6086706765872 36.757265952585975 48933.8
-116.60867192624748 36.75724546346948 48936.2
-116.60867236903135 36.75722520681653 48937.8
-116.60867210736572 36.75720557822518 48939.0
-116.60867129223972 36.75718728478788 48938.6
-116.60867027642117 36.75717045639988 48937.5
-116.60880136588628 36.757111814180654 48945.2
-116.6088234772586 36.7571138541999 48951.5
-116.60884690043896 36.757115508406166 48952.0
-116.60887150571834 36.75711673107151 48950.3
-116.6088969180462 36.75711749617192 48947.9
-116.6089229076154 36.75711781006451 48946.3
-116.60894918515112 36.757117662399054 48945.4
-116.60897566869532 36.757117166581054 48944.4
-116.6090020790979 36.75711641248932 48943.2
-116.6090282631504 36.75711548393073 48942.2
-116.60905400343404 36.757114462380194 48940.6
-116.60907925601236 36.757113432260525 48939.2
-116.60910393516436 36.75711244134449 48938.1
-116.60912800033456 36.75711151796531 48937.0
-116.6091513843424 36.75711068178111 48936.4
-116.609174203574 36.75710992078887 48935.7
-116.6091965957663 36.757109245917285 48934.8
-116.60921867716132 36.75710868695823 48934.3
-116.6092406039375 36.757108285762826 48934.1
-116.60926245663772 36.75710804857968 48933.8
-116.60928440816636 36.75710797577317 48933.4
-116.60930657214774 36.757108062234096 48932.6
-116.6093291280451 36.757108299402006 48932.7
-116.60935203677089 36.7571086222631 48933.1
-116.60937534487864 36.75710897013893 48933.1
-116.60939912177729 36.75710928750382 48931.9
-116.60942313077136 36.75710951345143 48930.8
-116.60944738434992 36.757109643488576 48929.3
-116.60947176471828 36.757109688666304 48927.8
-116.60949619566064 36.7571096607396 48926.6
-116.60952061214488 36.75710956709368 48925.6
-116.60954501351878 36.757109429887336 48924.5
-116.60956937655736 36.7571092654016 48923.8
-116.60959370205204 36.75710908590232 48922.7
-116.60961797944438 36.7571088929314 48922.0
-116.6096422162898 36.75710868506932 48922.0
-116.6096664018278 36.75710846657416 48920.6
-116.60969053232829 36.75710824644435 48919.2
-116.60971460229044 36.75710804253831 48917.7
-116.6097386114983 36.7571078731381 48916.3
-116.60976257508 36.75710775987995 48915.3
-116.60978650652676 36.757107729364726 48914.3
-116.6098104402055 36.75710780767536 48913.2
-116.60983433614784 36.75710797284726 48911.8
-116.60985823397696 36.75710819730602 48911.0
-116.60988215352197 36.75710845903834 48910.2
-116.6099061324278 36.757108741832646 48908.8
-116.60993019032745 36.75710902359988 48907.4
-116.60995436094592 36.75710928495756 48906.0
-116.609978667823 36.7571095111553 48904.7
-116.61000312954124 36.75710969302224 48903.2
-116.61002772706536 36.75710983965951 48901.5
-116.61005240999548 36.75710996360453 48899.5
-116.61007713418113 36.757110077945526 48897.5
-116.61010185856604 36.75711018756695 48895.5
-116.61012655465116 36.75711029096124 48893.7
-116.61015120042468 36.75711038508232 48892.2
-116.61017577874657 36.7571104704176 48891.1
-116.61020025668392 36.757110551175366 48889.4
-116.610224628277 36.75711063202012 48887.7
-116.61024889157343 36.757110711766416 48885.7
-116.61027306028416 36.75711078470359 48883.4
-116.61029714575956 36.75711083772492 48882.1
-116.61032120440544 36.757110859936326 48880.7
-116.6103452690392 36.757110841303 48879.3
-116.61036937171237 36.75711077579585 48877.7
-116.61039352232989 36.75711065726125 48875.6
-116.610417729589 36.75711050192422 48873.1
-116.61044196370447 36.75711033189531 48871.0
-116.61046621342696 36.75711016628125 48868.7
-116.61049048764932 36.75711002664631 48866.9
-116.61051477499475 36.75710992773865 48865.3
-116.6105390941422 36.757109875143406 48863.5
-116.61056345435472 36.7571098649525 48861.2
-116.61058785980684 36.75710988537253 48858.8
-116.61061228209472 36.75710990465948 48856.8
-116.61063671522164 36.75710989399782 48854.5
-116.6106611494696 36.757109827908685 48852.0
-116.6106855696554 36.7571096841207 48849.4
-116.61071002139504 36.75710947655752 48847.1
-116.61073448981912 36.757109229005245 48845.1
-116.61075897355448 36.757108962756085 48843.3
-116.61078346640484 36.75710869891426 48841.3
-116.61080794427768 36.75710845916841 48838.7
-116.61083239180756 36.75710826258295 48835.1
-116.6108568027659 36.75710812115473 48832.5
-116.6108811993142 36.75710804774094 48831.1
-116.61090557609124 36.757108033106206 48829.4
-116.61092997394464 36.75710806770363 48826.3
-116.61095441432931 36.757108140470784 48823.3
-116.61097891689552 36.75710822976511 48821.1
-116.61100347835108 36.75710830592246 48818.8
-116.61102809827992 36.75710834682855 48815.8
-116.61105277178002 36.757108330076896 48812.6
-116.6110774742528 36.75710822375317 48809.8
-116.6111022292119 36.75710803001656 48807.3
-116.61112699252836 36.75710777057575 48804.8
-116.61115173915611 36.75710748535972 48801.8
-116.61117646373056 36.7571072094927 48799.1
-116.61120117045424 36.757106958015456 48796.3
-116.61122587216974 36.757106736900994 48793.6
-116.61125057150088 36.757106549049446 48790.8
-116.61127526384335 36.75710639149364 48787.5
-116.6112999290281 36.757106242963125 48784.5
-116.6113245595632 36.75710608657667 48781.4
-116.6113491354295 36.757105908737856 48778.5
-116.61137361228964 36.757105702069474 48775.9
-116.6113979927004 36.7571054786356 48773.0
-116.61142227084602 36.75710525941124 48769.6
-116.61144647755698 36.75710507186082 48766.3
-116.61147069223652 36.75710495194309 48763.1
-116.61149493355964 36.75710490191436 48760.5
-116.61151924319472 36.75710490917758 48757.8
-116.6115436355976 36.75710495406548 48754.5
-116.61156812385344 36.75710501582267 48751.4
-116.6115926765958 36.757105071181954 48748.2
-116.61161727647838 36.7571051087354 48744.9
-116.611641904198 36.75710512765997 48741.7
-116.61166654121256 36.75710513482828 48738.4
-116.61169117243188 36.75710513590438 48735.2
-116.6117157871866 36.75710513372192 48732.5
-116.61174037757922 36.757105130335866 48729.7
-116.61176492388796 36.757105120654046 48725.9
-116.61178942873 36.757105090447006 48722.3
-116.61181389726944 36.7571050213217 48719.7
-116.61183833673992 36.757104900046286 48716.8
-116.61186272817416 36.7571047206614 48713.4
-116.61188707596484 36.757104509734425 48709.4
-116.6119113349296 36.75710429654104 48706.4
-116.6119354943542 36.75710411050858 48704.1
-116.61195958300576 36.7571039878418 48701.0
-116.61198361579775 36.75710393403192 48697.7
-116.6120076390332 36.757103930102126 48694.3
-116.61203167056816 36.75710394801935 48691.2
-116.61205571586846 36.757103958412216 48688.2
-116.61207978186329 36.75710394883725 48684.9
-116.61210386005529 36.75710392336159 48681.6
-116.61212794867332 36.75710388659084 48678.6
-116.61215204323344 36.75710383432232 48675.3
-116.61217615159964 36.75710376339052 48672.5
-116.61220027662614 36.75710368402128 48670.3
-116.6122244305785 36.75710361548416 48667.3
-116.6122486572037 36.75710358929195 48663.8
-116.61227294876656 36.757103621978096 48660.2
-116.6122973386938 36.757103717391374 48657.3
-116.61232184663432 36.757103872987145 48655.1
-116.61234650142228 36.757104071869776 48652.5
-116.61237126906656 36.7571042770148 48649.2
-116.6123961444205 36.75710445761626 48646.2
-116.6124211070942 36.75710459184016 48643.0
-116.61244612270472 36.7571046627633 48639.4
-116.6124711760205 36.75710467298876 48636.4
-116.61249621401988 36.757104627456734 48633.1
-116.61252121164873 36.7571045386232 48630.1
-116.6125461448851 36.7571044297453 48627.4
-116.61257101708244 36.75710432719717 48624.6
-116.61259582884828 36.757104246155066 48621.7
-116.6126205889423 36.75710419605092 48618.8
-116.61264531612132 36.75710418433335 48615.9
-116.6126700117334 36.757104198061455 48613.5
-116.6126946957234 36.75710421869324 48611.3
-116.6127193759669 36.75710422906423 48609.1
-116.6127440528424 36.75710421693813 48606.7
-116.61276873562691 36.75710418058739 48604.4
-116.61279340840689 36.757104121432896 48602.2
-116.61281805967444 36.757104041780586 48600.0
-116.6128426737731 36.75710394214477 48597.7
-116.61286725792333 36.75710383073796 48594.8
-116.61289180860264 36.757103712740665 48592.1
-116.61291633192336 36.75710358739364 48590.5
-116.6129408314032 36.75710344711419 48588.6
-116.61296532392028 36.7571032895759 48586.8
-116.61298980695317 36.757103118902926 48584.8
-116.61301428955916 36.75710293940156 48583.0
-116.61303880333618 36.75710276205184 48581.6
-116.61306336244644 36.75710260950322 48580.2
-116.613087968513 36.75710250176223 48578.5
-116.61311260962292 36.757102444292194 48575.9
-116.61313726606076 36.75710243000862 48573.7
-116.6131618976158 36.75710242623264 48572.6
-116.61318651780208 36.7571024068026 48571.6
-116.61321125088936 36.757102351693554 48570.8
-116.61323583737868 36.7571022530776 48569.6
-116.61326060877742 36.7571021339988 48567.7
-116.61328555254428 36.75710201722837 48565.9
-116.61331045964488 36.75710191733638 48564.6
-116.61333542093256 36.75710184287268 48563.6
-116.61336041451132 36.75710178941434 48562.8
-116.61338545058348 36.75710175481381 48562.1
-116.61341053565116 36.75710174159232 48561.0
-116.61343567458246 36.75710175948971 48560.1
-116.61346082278013 36.75710182006728 48559.5
-116.61348592806291 36.7571019351596 48559.8
-116.61351088185953 36.75710210435279 48559.1
-116.61353541302712 36.7571023095846 48557.7
-116.61355926846689 36.757102488542905 48556.6
-116.61358215795129 36.75710255594985 48555.2
-116.61360377947776 36.75710239923854 48552.7
-116.61371320147272 36.75698274997893 48566.5
-116.61371095799863 36.7569651547391 48567.3
-116.61370885262016 36.75694689936108 48568.4
-116.61370694179128 36.75692823843532 48569.3
-116.6137052237555 36.756909536201455 48570.3
-116.61370354975952 36.75689125900036 48570.2
-116.6137017241533 36.75687375617604 48567.9
-116.61369954389356 36.7568573615224 48565.0
-116.61353302393496 36.75678673157881 48598.5
-116.61351124260727 36.75678827458984 48600.0
-116.61348853453757 36.75678968109917 48601.1
-116.61346505576668 36.75679093779985 48601.7
-116.61344089776544 36.75679204521846 48601.7
-116.61341637359187 36.75679305091699 48602.4
-116.613391604998 36.75679398354103 48603.9
-116.61336672552936 36.75679486471192 48605.4
-116.61334185706768 36.75679570941058 48606.6
-116.61331708902888 36.75679652340351 48607.8
-116.6132924532248 36.75679729620355 48608.1
-116.61326795618209 36.756798009478686 48608.8
-116.61324358901317 36.7567986204674 48610.5
-116.6132193348556 36.75679911756245 48611.8
-116.6131951313114 36.75679950147431 48612.5
-116.613170941191 36.75679978230519 48614.7
-116.6131467294316 36.75679996832236 48617.4
-116.61312250106648 36.75680008908673 48619.2
-116.6130982241762 36.75680015894565 48621.0
-116.61307389244102 36.75680018082924 48622.2
-116.61304950667866 36.75680014044502 48622.7
-116.61302511015664 36.75680003070888 48625.2
-116.61300071009154 36.756799842397726 48627.8
-116.61297631281283 36.75679957807586 48629.8
-116.61295190865152 36.75679923915749 48631.9
-116.6129275085162 36.75679884685979 48634.7
-116.61290308951844 36.75679841736546 48638.4
-116.61287864263625 36.75679796793412 48642.2
-116.61285416328649 36.75679751610588 48645.9
-116.61282966833625 36.75679708435099 48649.1
-116.6128051784558 36.75679669617512 48651.6
-116.61278072741048 36.756796374060976 48654.7
-116.61275637479476 36.7567961530464 48657.7
-116.612732099051 36.75679602973902 48660.2
-116.61270791737508 36.756795995174144 48663.0
-116.61268381039244 36.75679603576176 48665.2
-116.6126597504644 36.75679614426475 48667.6
-116.61263568562832 36.75679629356682 48670.2
-116.6126116173784 36.75679646699516 48672.8
-116.612587540597 36.75679664602325 48675.4
-116.61256344181352 36.75679679982166 48678.3
-116.612539333745 36.7567969045239 48681.2
-116.61251521273128 36.756796944691935 48684.0
-116.61249107569492 36.75679691137672 48687.1
-116.61246692084788 36.756796795718 48690.1
-116.61244278165124 36.75679661790663 48693.1
-116.6124186506752 36.75679639281033 48696.1
-116.61239454114532 36.75679613482748 48699.4
-116.61237047985988 36.756795859861136 48703.6
-116.61234646520832 36.7567955861929 48708.1
-116.61232246950595 36.75679532524344 48712.9
-116.6122984646202 36.7567950868083 48716.4
-116.61227441993849 36.75679488082818 48719.1
-116.61225031292676 36.756794705893824 48722.4
-116.61222614785012 36.756794564298616 48725.7
-116.61220192000827 36.75679446003432 48729.2
-116.61217762127552 36.756794403235325 48732.2
-116.61215324355604 36.75679439669339 48735.3
-116.61212879731067 36.75679444602888 48738.5
-116.6121042940422 36.756794557245776 48741.5
-116.61207974995814 36.756794743389726 48744.8
-116.61205517308736 36.75679499145304 48747.9
-116.61203060366276 36.75679528947025 48750.7
-116.61200605936342 36.75679562583028 48754.3
-116.6119815451196 36.75679598421934 48757.9
-116.61195705089028 36.7567963390436 48761.0
-116.61193257742248 36.756796673463086 48764.5
-116.61190812189784 36.756796972969305 48767.6
-116.61188368578472 36.75679722138958 48770.3
-116.61185928462838 36.75679742492022 48773.5
-116.61183490657776 36.75679759126382 48777.3
-116.6118105400568 36.75679773281254 48780.9
-116.61178616393816 36.756797853115785 48784.0
-116.61176177345916 36.75679794984145 48787.2
-116.61173735962154 36.75679801722745 48790.7
-116.61171292432988 36.75679805758615 48794.3
-116.61168847979908 36.756798082683005 48797.4
-116.61166404379378 36.75679811037512 48800.8
-116.61163962255662 36.75679815350129 48804.6
-116.6116152159846 36.75679822191076 48808.3
-116.611590805763 36.75679831920092 48810.6
-116.61156635465592 36.75679842985813 48813.3
-116.61154184457848 36.75679853381893 48816.3
-116.61151726021863 36.756798617121646 48819.0
-116.61149258762283 36.756798671876645 48821.5
-116.61146786163523 36.756798711065976 48825.0
-116.61144310164676 36.756798755486415 48828.7
-116.61141833456612 36.75679882226717 48832.3
-116.61139359257992 36.756798919584206 48834.9
-116.61136887183874 36.75679903413335 48837.6
-116.61134416696603 36.75679915049217 48840.8
-116.61131946278653 36.75679925851662 48843.9
-116.61129474555392 36.756799362779965 48846.9
-116.61127000223595 36.756799484996094 48850.4
-116.61124522707532 36.756799648500056 48853.6
-116.61122042091836 36.75679986842802 48856.7
-116.61119559660384 36.75680014274671 48859.5
-116.61117076748612 36.75680044441442 48862.3
-116.61114596099875 36.75680075254462 48865.4
-116.61112118362097 36.75680104847356 48868.1
-116.61109643355728 36.75680130799865 48870.6
-116.61107170003416 36.75680151477496 48872.5
-116.61104694735135 36.7568016552883 48874.4
-116.6110221485054 36.756801728456345 48877.3
-116.61099727581085 36.75680173834193 48880.1
-116.61097234827224 36.756801712489136 48883.1
-116.61094736069956 36.756801667634775 48886.3
-116.61092234194048 36.756801615559695 48889.3
-116.61089724168644 36.75680156673942 48891.4
-116.61087228655556 36.75680152804527 48894.1
-116.61084738826388 36.756801504436936 48896.4
-116.6108225516198 36.75680149859097 48899.9
-116.6107977872312 36.75680151638454 48903.4
-116.6107730762226 36.75680156096801 48905.4
-116.61074841336088 36.75680163626877 48907.7
-116.61072379072968 36.75680174211112 48910.1
-116.61069918957278 36.756801877795176 48912.3
-116.61067458346729 36.756802026971314 48914.3
-116.61064996300642 36.756802179538376 48916.5
-116.61062531736962 36.756802327159214 48918.8
-116.61060063666838 36.756802464110486 48920.5
-116.6105759267882 36.75680259100055 48922.7
-116.61055119428562 36.756802706226885 48925.1
-116.6105264465711 36.7568028100192 48926.7
-116.61050168902348 36.75680290179572 48928.0
-116.61047692986628 36.75680298059359 48930.6
-116.610452169648 36.75680304578151 48933.1
-116.61042741261468 36.75680309993733 48935.4
-116.61040267367572 36.75680315170737 48937.5
-116.6103779556388 36.75680321002044 48939.5
-116.61035325503477 36.7568032772316 48941.8
-116.61032856853816 36.756803352105855 48943.4
-116.6103038906531 36.75680343696454 48944.7
-116.61027921961654 36.7568035275888 48945.9
-116.61025456503424 36.75680362046212 48947.6
-116.6102299242948 36.756803713446764 48949.4
-116.61020528171372 36.7568038057502 48951.1
-116.61018062645596 36.75680389287398 48953.1
-116.61015595360968 36.7568039762856 48954.9
-116.61013126469165 36.75680406480751 48956.7
-116.61010656571558 36.7568041689115 48958.3
-116.6100818621818 36.756804284594295 48959.8
-116.61005716192862 36.75680439755343 48961.6
-116.61003246801984 36.75680449067862 48963.2
-116.61000777896744 36.75680454559093 48964.0
-116.60998308795196 36.75680456533426 48965.2
-116.60995837705136 36.75680455875006 48967.2
-116.60993363456296 36.75680453754544 48969.1
-116.60990884812486 36.7568045144708 48970.7
-116.60988401662598 36.75680450415775 48972.1
-116.60985913363126 36.75680451841943 48974.1
-116.6098342052122 36.75680456350076 48976.0
-116.60980924880108 36.756804643882106 48977.3
-116.60978429784468 36.75680474604344 48978.0
-116.60975938563284 36.7568048583966 48979.7
-116.60973453590104 36.756804968841614 48981.2
-116.60970978817636 36.75680505993829 48981.9
-116.60968513442772 36.75680512193048 48982.6
-116.60966055082346 36.75680514459516 48983.6
-116.60963600930306 36.75680511826871 48985.1
-116.60961149307848 36.756805027365566 48986.2
-116.60958699194713 36.75680487935504 48987.3
-116.60956248516904 36.75680468560656 48988.4
-116.60953796245326 36.756804468643615 48989.7
-116.60951341121918 36.75680426310795 48991.0
-116.60948882170548 36.756804095455024 48991.7
-116.60946420604172 36.75680397218194 48992.3
-116.60943957972908 36.75680389032185 48993.6
-116.60941494714562 36.75680384711063 48994.8
-116.60939030695404 36.75680382754893 48995.5
-116.6093656617094 36.75680381888169 48995.4
-116.60934100398522 36.75680381180154 48996.0
-116.60931632255988 36.75680379984009 48997.2
-116.6092916159025 36.75680379016082 48998.3
-116.60926687154976 36.7568037965143 48999.8
-116.60924207839598 36.756803829177976 49001.1
-116.60921721592044 36.756803901751866 49002.1
-116.60919229539309 36.756804017266745 49002.4
-116.60916736174056 36.75680417563772 49002.8
-116.6091424584298 36.75680437119617 49003.2
-116.60911761775456 36.75680459853936 49003.6
-116.60909282792436 36.75680484434917 49003.7
-116.60906807873556 36.756805101983936 49003.8
-116.6090433457432 36.7568053671842 49004.0
-116.60901859026312 36.75680563642021 49004.1
-116.6089937768947 36.75680590408016 49004.7
-116.60896888605268 36.75680615799396 49005.2
-116.60894390716344 36.75680638866204 49005.3
-116.60891884290145 36.75680659930016 49005.3
-116.60889374009965 36.756806816442136 49006.5
-116.60886866006146 36.75680707049019 49007.7
-116.60884371738166 36.75680739383012 49008.1
-116.6088191479416 36.75680783535751 49008.2
-116.60879514743844 36.75680839601364 49008.1
-116.60877203186412 36.756809054863005 49008.3
-116.60875012731228 36.7568097541451 49010.1
-116.60863742861537 36.75671943459713 49011.7
-116.60863984489777 36.75670253001739 49013.9
-116.60864228244336 36.756684475896485 49017.6
-116.60864451114142 36.75666549178868 49019.9
-116.60864628007003 36.756645752208485 49021.5
-116.60864752518678 36.75662563050607 49023.3
-116.60864821149572 36.75660553052504 49025.3
-116.6086483506241 36.75658586477863 49026.7
-116.60864793722976 36.75656718216706 49026.4
-116.60864719686084 36.756549712704434 49023.5
-116.60876085788072 36.756472891968826 49030.6
-116.6087813606908 36.75647477990103 49037.8
-116.60880343477048 36.75647649145965 49038.2
-116.60882679383306 36.75647792201856 49037.5
-116.6088511887977 36.75647901466648 49036.3
-116.60887638022592 36.75647975592137 49035.4
-116.60890225421213 36.75648011489722 49034.9
-116.608928549169 36.756480181882665 49034.6
-116.60895501143088 36.75648001570792 49033.4
-116.60898144689824 36.75647966871638 49031.5
-116.60900767109642 36.75647916718141 49030.4
-116.60903361040398 36.756478568556666 49029.8
-116.60905917930548 36.756477909651935 49029.3
-116.60908434033142 36.75647722422261 49028.9
-116.60910901207002 36.756476553129374 49028.4
-116.60913325229204 36.756475932225655 49027.8
-116.60915708803284 36.75647539190837 49026.9
-116.609180561957 36.756474952897605 49026.1
-116.60920367568217 36.75647463606632 49025.7
-116.6092265391508 36.756474407168746 49025.7
-116.60924927167925 36.756474239539365 49025.6
-116.60927198109812 36.75647411513482 49025.5
-116.60929478956216 36.756474025021376 49025.7
-116.60931777016894 36.75647395979325 49025.8
-116.60934097310133 36.75647392026633 49025.4
-116.60936441094265 36.756473907937206 49024.9
-116.60938809365088 36.75647392705525 49023.8
-116.60941193905448 36.756473970527885 49022.6
-116.60943590124587 36.75647403562758 49022.0
-116.60945993460528 36.75647411949234 49020.9
-116.6094840002901 36.75647421618008 49020.2
-116.6095080692356 36.75647431006231 49019.7
-116.60953213757185 36.75647439380091 49019.0
-116.60955620644047 36.75647446710872 49017.6
-116.60958028205192 36.7564745314231 49016.2
-116.60960447190868 36.756474584139205 49015.7
-116.6096285975906 36.7564746197414 49015.1
-116.60965276675812 36.75647464258582 49014.2
-116.6096769862658 36.756474664310254 49012.9
-116.60970124114375 36.756474696088574 49011.4
-116.60972552333824 36.756474745377645 49009.8
-116.60974982876223 36.75647481611189 49009.0
-116.60977413753731 36.756474915722805 49008.0
-116.60979842502158 36.75647503410965 49006.3
-116.6098226796245 36.756475155636366 49005.0
-116.60984689161364 36.75647526535053 49003.9
-116.60987104503349 36.756475346493445 49002.9
-116.60989514361628 36.75647539348896 49001.6
-116.60991917969588 36.7564754065502 49000.5
-116.6099431472716 36.75647539632288 48999.2
-116.60996703193864 36.7564753804303 48997.5
-116.60999084637912 36.756475380481454 48996.1
-116.6100146148132 36.7564754134822 48995.2
-116.6100383753692 36.75647549579461 48994.1
-116.61006215612908 36.75647564317954 48992.9
-116.61008598781076 36.75647584045399 48991.6
-116.61010990301396 36.75647607315916 48990.7
-116.61013391373622 36.75647632125472 48989.7
-116.61015803089144 36.75647655791784 48988.1
-116.61018223740987 36.75647676493006 48986.5
-116.61020651348542 36.75647693090412 48985.2
-116.61023082774028 36.756477053225325 48983.7
-116.61025516160213 36.75647713475208 48981.8
-116.610279479097 36.756477200483246 48979.7
-116.61030375169184 36.75647726828828 48978.1
-116.61032796609156 36.756477348289536 48976.5
-116.61035212452548 36.75647743486504 48974.8
-116.61037628400528 36.7564775023609 48973.0
-116.61040048938148 36.75647753915053 48970.9
-116.61042476326936 36.756477555002 48969.0
-116.61044912632848 36.75647756830132 48967.3
-116.61047355528795 36.75647759487662 48965.1
-116.61049803339937 36.75647764510367 48963.0
-116.61052254044294 36.75647772674031 48961.4
-116.61054704330988 36.75647784376756 48959.4
-116.610571527165 36.75647798007413 48956.6
-116.61059600074526 36.75647811132658 48954.3
-116.61062047523954 36.756478212640666 48952.6
-116.6106449851878 36.75647826123641 48950.8
-116.6106695357022 36.75647826364148 48948.6
-116.61069411156237 36.75647823069559 48945.8
-116.61071869306932 36.756478174425816 48943.2
-116.61074326465976 36.75647809282735 48940.8
-116.61076782182742 36.756477986056936 48938.5
-116.61079236311024 36.756477853494005 48936.2
-116.61081688973051 36.75647770084748 48933.7
-116.61084140896288 36.756477535936455 48931.3
-116.61086592311224 36.75647737400067 48929.1
-116.61089042507552 36.75647722977594 48926.8
-116.61091490905775 36.75647711046105 48924.5
-116.6109393679301 36.75647701902236 48922.3
-116.61096381378296 36.75647695136729 48919.7
-116.6109882590856 36.75647690953269 48917.1
-116.61101271740938 36.7564768959772 48914.3
-116.61103718898212 36.75647691504974 48911.7
-116.61106168199656 36.75647695554934 48909.2
-116.61108621508026 36.75647700729874 48907.1
-116.61111080460508 36.756477064278776 48904.5
-116.61113546714635 36.75647712748632 48901.7
-116.61116018446054 36.75647719980945 48899.0
-116.61118493843802 36.756477284223934 48896.2
-116.61120970962352 36.75647738024552 48893.4
-116.61123447180736 36.7564774791781 48890.4
-116.61125920923836 36.75647756570472 48887.2
-116.6112839107583 36.756477627754094 48884.5
-116.611308561372 36.75647766005592 48881.8
-116.61133314703405 36.7564776482765 48878.6
-116.6113576709156 36.75647759409834 48875.6
-116.61138212182982 36.756477499459145 48872.6
-116.61140649258634 36.75647736762031 48869.8
-116.61143078771408 36.75647719816916 48866.7
-116.61145503801872 36.7564770131025 48863.6
-116.6114792674267 36.75647683957209 48860.8
-116.61150351495048 36.756476705595965 48857.8
-116.61152779715064 36.75647663787761 48854.5
-116.611552119604 36.756476629735324 48850.9
-116.6115764956742 36.75647666963615 48847.8
-116.61160093080431 36.7564767385284 48845.0
-116.61162542982204 36.75647682223265 48841.9
-116.61164997465092 36.75647692109284 48838.4
-116.61167454192363 36.75647704727993 48834.9
-116.6116991125077 36.75647720684076 48832.0
-116.6117236601834 36.75647739615174 48828.7
-116.61174819287449 36.756477581662814 48825.5
-116.6117727287573 36.75647773257832 48822.3
-116.61179727013804 36.756477832257055 48818.8
-116.61182184500592 36.756477865629314 48815.4
-116.61184646626629 36.756477849901806 48811.8
-116.61187113300944 36.75647779636546 48808.3
-116.61189583327176 36.75647770945656 48804.6
-116.61192056557093 36.75647759045785 48801.1
-116.6119453117894 36.756477447231376 48798.0
-116.6119700610302 36.75647727731374 48795.0
-116.61199480715244 36.75647707878071 48791.7
-116.61201955653848 36.75647684801388 48788.0
-116.61204430867976 36.75647659370027 48784.3
-116.61206905395169 36.75647632413198 48780.8
-116.61209378230232 36.756476048990926 48776.9
-116.61211847735056 36.756475788695376 48774.0
-116.61214312527257 36.75647557131224 48770.9
-116.61216771835127 36.756475416862166 48766.7
-116.61219227140091 36.75647533215941 48762.8
-116.61221678844252 36.756475316381454 48759.4
-116.61224130813284 36.7564753360617 48756.4
-116.6122658629566 36.75647536424283 48753.4
-116.61229047076571 36.756475372832256 48749.2
-116.61231515675335 36.7564753263892 48744.9
-116.6123399043436 36.75647520345667 48741.6
-116.61236468905015 36.75647498905731 48738.7
-116.61238947791112 36.75647468416727 48735.5
-116.61241427550844 36.75647430304405 48731.3
-116.61243907817172 36.75647389804335 48727.2
-116.61246387974096 36.75647350152647 48723.9
-116.61248868725312 36.75647313601015 48720.6
-116.61251348950924 36.75647282880356 48717.1
-116.61253828285848 36.75647257664416 48713.5
-116.6125630801094 36.75647237487848 48710.0
-116.6125878894214 36.75647221390097 48707.0
-116.6126126902612 36.756472094135866 48704.3
-116.6126374553331 36.75647201528943 48700.7
-116.6126621634828 36.75647198167743 48696.6
-116.61268681611968 36.75647199510173 48693.0
-116.612711412716 36.7564720582655 48689.7
-116.61273598698595 36.75647215534115 48686.9
-116.61276055988576 36.75647227787325 48683.7
-116.61278513974072 36.75647242400533 48680.5
-116.61280971856152 36.756472596390125 48678.0
-116.61283429024296 36.75647278406562 48675.2
-116.61285885760311 36.75647297485138 48671.4
-116.61288342215865 36.7564731461571 48667.7
-116.61290802450748 36.756473239721934 48665.0
-116.61293270507645 36.75647322224656 48662.6
-116.612957468542 36.75647307871968 48660.0
-116.61298230374508 36.7564728204084 48657.3
-116.61300722899507 36.756472472047896 48654.6
-116.61303218525347 36.75647208633432 48651.4
-116.6130571174293 36.75647168480073 48648.0
-116.61308198414392 36.75647127107455 48645.3
-116.61310675736974 36.75647083535966 48642.7
-116.6131314536984 36.75647037377605 48640.0
-116.61315608960768 36.756469886362815 48637.8
-116.613180684259 36.756469377803136 48635.5
-116.61320525182182 36.75646885698877 48632.7
-116.6132297890243 36.756468342579474 48630.1
-116.61325428041404 36.7564678491527 48628.1
-116.61327872151568 36.75646738524116 48626.2
-116.61330310484604 36.756466965600126 48624.4
-116.61332745294855 36.7564665879768 48621.9
-116.61335179949884 36.75646624252338 48619.6
-116.6133761850582 36.7564659105069 48618.0
-116.61340066778676 36.75646557275967 48616.3
-116.6134252668487 36.756465230695554 48614.6
-116.61344997205096 36.75646489880104 48612.7
-116.61347473566606 36.75646459429672 48610.8
-116.61349941598182 36.75646434454077 48609.3
-116.6135238229576 36.75646415240382 48607.9
-116.61354780727848 36.75646400171628 48606.2
-116.61357084318549 36.75646384859758 48603.3
-116.61359247666924 36.75646356497285 48599.3
-116.61361258435144 36.756462998084494 48595.7
-116.61370800134452 36.756375280659206 48603.7
-116.61370652700889 36.75635990053308 48608.0
-116.61370457396204 36.75634331715092 48606.7
-116.613702474316 36.75632592988859 48607.8
-116.61370039743828 36.756307928510935 48610.1
-116.61369843957004 36.75628949502257 48612.1
-116.61369666227252 36.756270977435605 48613.2
-116.6136949796126 36.75625277000739 48613.0
-116.61357165577728 36.75614397142584 48637.7
-116.61355278546792 36.756145819770126 48652.6
-116.61353251087716 36.75614779512749 48652.2
-116.6135111563246 36.7561497016873 48653.9
-116.61348881643904 36.756151449930734 48656.0
-116.6134655600042 36.756153001123806 48658.0
-116.6134415450048 36.75615432227985 48659.8
-116.61341704069775 36.75615549057862 48661.4
-116.6133922202933 36.75615655400898 48663.2
-116.61336725004875 36.75615755664381 48664.9
-116.61334229573264 36.75615852474998 48666.5
-116.61331745016808 36.7561594683738 48668.3
-116.61329275835188 36.756160378729454 48670.5
-116.61326823165258 36.756161243134166 48672.5
-116.6132439521741 36.75616202992549 48674.8
-116.6132199062642 36.756162733057536 48677.1
-116.61319609990962 36.75616333148742 48679.4
-116.61317250353352 36.75616381523776 48681.9
-116.61314915824522 36.75616415616582 48684.4
-116.61312597436203 36.75616436616655 48687.2
-116.6131028979296 36.75616444286583 48689.8
-116.6130798564064 36.756164389036485 48692.5
-116.61305685384434 36.7561641973421 48695.2
-116.61303381746792 36.75616391311908 48698.4
-116.61301068637644 36.756163564945695 48700.8
-116.61298742027836 36.75616318728387 48703.9
-116.61296395577176 36.75616282325679 48707.1
-116.61294029935551 36.75616250495153 48710.4
-116.61291645921872 36.7561622524124 48713.9
-116.61289247662212 36.75616207595097 48716.9
-116.6128683436304 36.756161987001214 48719.9
-116.61284413476449 36.756161957454886 48723.2
-116.61281989389826 36.756161962619096 48726.7
-116.61279565039509 36.75616197893077 48730.5
-116.6127714274354 36.75616198385959 48733.9
-116.61274722583951 36.75616197048384 48736.7
-116.61272303521989 36.756161946813215 48740.0
-116.61269884392956 36.756161932242094 48743.0
-116.61267462821402 36.75616195489549 48746.4
-116.61265039208972 36.75616202932523 48749.9
-116.61262614343364 36.75616216606236 48753.5
-116.61260190307704 36.756162364659694 48757.1
-116.61257766201588 36.7561626193848 48760.9
-116.61255342908882 36.75616289773895 48764.7
-116.61252920474752 36.75616317577838 48767.8
-116.61250497859992 36.756163429692165 48771.3
-116.61248076593344 36.756163630365535 48775.5
-116.6124565535604 36.75616377992655 48779.5
-116.61243232823392 36.756163889661046 48783.1
-116.61240807784787 36.756163979420485 48786.5
-116.6123837854832 36.75616407126365 48790.1
-116.61235945579315 36.756164175397046 48794.2
-116.61233509787036 36.756164293218525 48797.6
-116.61231071874116 36.7561644240033 48800.4
-116.61228630224804 36.7561645778404 48803.3
-116.6122618456716 36.756164751658815 48806.6
-116.61223734985914 36.75616493742105 48810.3
-116.6122128247775 36.75616512565616 48814.2
-116.61218829194264 36.756165301331606 48818.1
-116.61216378209213 36.756165450282445 48822.2
-116.61213932045727 36.75616556735057 48826.0
-116.6121149203382 36.75616565988797 48829.5
-116.61209060111037 36.756165743813405 48832.5
-116.61206633690682 36.756165841710654 48835.5
-116.61204210561507 36.756165970915134 48838.6
-116.61201789271792 36.75616614253252 48841.7
-116.61199365016768 36.75616636371933 48845.4
-116.6119693681581 36.756166608983456 48848.9
-116.61194504787976 36.75616684523999 48853.0
-116.61192068577876 36.75616704489086 48856.5
-116.61189629329571 36.756167191890285 48860.1
-116.61187186723669 36.75616729899836 48864.2
-116.61184741067127 36.75616737553636 48867.7
-116.61182292377136 36.756167434697865 48871.1
-116.61179839286356 36.756167484251485 48874.0
-116.61177381080223 36.75616752223997 48877.2
-116.61174917922548 36.756167540421934 48880.8
-116.6117245046514 36.75616754343534 48885.0
-116.61169980076052 36.756167550488335 48889.1
-116.61167509185924 36.756167578999055 48892.7
-116.61165040038335 36.756167628800746 48896.1
-116.61162574428931 36.75616769072992 48898.9
-116.61160113819724 36.756167751270695 48901.6
-116.61157657511306 36.756167802984805 48904.5
-116.61155205504292 36.756167841306905 48907.7
-116.61152757750172 36.75616786572026 48911.2
-116.61150314414203 36.756167876052416 48914.7
-116.61147873274165 36.75616787781599 48918.0
-116.61145432818878 36.75616787201671 48921.4
-116.61142991688554 36.75616785624765 48924.7
-116.61140549271924 36.75616782640913 48927.5
-116.61138105777952 36.75616778640694 48930.2
-116.61135661950664 36.756167743640425 48932.9
-116.6113321811125 36.75616769876903 48935.6
-116.61130774841288 36.75616764667211 48938.6
-116.61128332414 36.75616758573069 48941.6
-116.61125890655411 36.75616751487218 48944.6
-116.6112344848386 36.75616743536838 48947.9
-116.611210031787 36.756167353264445 48951.6
-116.6111855228696 36.75616727474433 48954.5
-116.61116093723716 36.75616720670875 48957.2
-116.61113627353346 36.7561671572524 48960.3
-116.61111152548452 36.756167141197295 48962.9
-116.61108672858109 36.756167159305306 48965.8
-116.61106190981204 36.75616721151551 48968.9
-116.61103710905526 36.75616729644991 48971.8
-116.61101234943251 36.75616741948336 48974.2
-116.61098764647974 36.75616756982768 48976.9
-116.61096301880248 36.75616774042746 48979.4
-116.61093847170513 36.756167931104905 48981.9
-116.610913985995 36.75616814525112 48984.8
-116.61088952806035 36.75616837434696 48987.2
-116.61086507534613 36.756168602947696 48988.9
-116.61084059861994 36.756168812554016 48990.4
-116.61081609054968 36.7561689790909 48992.6
-116.6107915573874 36.7561690975036 48995.9
-116.61076700553664 36.75616916964289 48999.0
-116.61074244841464 36.756169210367815 49001.7
-116.61071790770649 36.7561692445866 49003.2
-116.61069338851578 36.756169294201065 49004.3
-116.6106688971136 36.75616937536849 49006.1
-116.610644346207 36.756169496972845 49008.4
-116.61061990564691 36.75616966424976 49011.1
-116.61059547470326 36.756169861762 49013.6
-116.61057103838829 36.75617007810305 49015.6
-116.61054657593724 36.756170299223285 49017.3
-116.61052206609726 36.75617050948567 49019.2
-116.61049750668704 36.756170699922215 49021.3
-116.61047290070992 36.75617086054826 49023.7
-116.6104482452453 36.756170986588096 49025.6
-116.61042355977048 36.756171073616926 49028.1
-116.61039884774036 36.75617113600703 49030.6
-116.61037410992314 36.756171185254125 49032.6
-116.61034934845452 36.756171232645926 49034.1
-116.61032455469082 36.75617129509522 49035.9
-116.61029973895108 36.75617137800192 49037.5
-116.61027490245036 36.756171483369705 49038.8
-116.61025004938774 36.75617160947496 49041.1
-116.6102251746796 36.75617175256409 49043.0
-116.6102003003984 36.75617189970472 49044.0
-116.61017544298409 36.75617204229664 49045.9
-116.61015060941078 36.7561721750561 49047.3
-116.61012581213944 36.75617229807107 49048.1
-116.61010104507169 36.756172427263735 49049.5
-116.6100763113492 36.756172584992406 49051.3
-116.61005163383504 36.75617279069112 49053.2
-116.61002698961674 36.75617306893622 49054.6
-116.61000238345883 36.75617340610725 49054.9
-116.60997780622913 36.75617378371788 49055.3
-116.60995323239936 36.75617416753794 49056.5
-116.60992867377014 36.75617449766183 49058.9
-116.60990412308529 36.75617474169608 49060.8
-116.60987957575712 36.75617488826494 49062.1
-116.60985500871008 36.75617494897257 49064.4
-116.60983044871924 36.7561749442812 49066.3
-116.60980586741354 36.75617492487474 49067.5
-116.6097812552892 36.756174926254246 49068.8
-116.60975662499932 36.7561749736046 49069.9
-116.60973194145724 36.756175089405566 49071.1
-116.6097072385085 36.75617525061627 49072.0
-116.60968254060292 36.75617542894462 49072.5
-116.60965786303176 36.75617559125292 49073.3
-116.60963324731284 36.75617570156479 49074.3
-116.60960867497116 36.756175758246165 49075.3
-116.60958413446464 36.7561757708239 49076.5
-116.609559608695 36.7561757587944 49077.5
-116.60953508662976 36.75617574440844 49079.0
-116.60951055826972 36.75617574691301 49080.6
-116.60948602783976 36.756175773523374 49081.9
-116.6094615011432 36.75617582235717 49082.6
-116.60943696913364 36.7561758878144 49082.8
-116.60941244265386 36.75617595634544 49082.8
-116.60938792601902 36.75617602838184 49083.6
-116.60936342666233 36.75617611254091 49084.2
-116.6093389400588 36.7561762184148 49084.7
-116.60931446453564 36.75617634305125 49085.2
-116.60928999013989 36.75617648374639 49086.1
-116.60926550479172 36.75617663967595 49086.7
-116.60924097993156 36.756176807118656 49086.4
-116.60921641863683 36.756176974974586 49086.1
-116.60919182285464 36.75617714061328 49086.0
-116.6091671949398 36.75617730510266 49086.3
-116.60914254153334 36.75617746442976 49086.4
-116.60911787297972 36.7561776109792 49085.9
-116.60909318875508 36.75617773548471 49085.8
-116.60906847657203 36.756177830306086 49086.3
-116.60904375504371 36.75617788519649 49087.4
-116.60901901690872 36.75617790456942 49088.0
-116.60899425569993 36.75617788484016 49087.1
-116.60896945712952 36.75617782976359 49086.4
-116.6089446262226 36.75617774140023 49086.9
-116.60891976431992 36.75617763620673 49088.2
-116.6088948941331 36.75617753183474 49089.1
-116.6088700861948 36.75617745303163 49089.5
-116.60884547313456 36.756177445848806 49089.2
-116.6088212453202 36.75617754216504 49088.7
-116.60879765599064 36.756177766608594 49088.9
-116.60877503583892 36.75617811197523 49089.6
-116.60864525704676 36.756071024417885 49091.5
-116.60864727907136 36.75605308331625 49091.1
-116.60864918177565 36.756034188002246 49092.4
-116.60865080201316 36.75601456648405 49093.8
-116.60865195673712 36.75599455561881 49094.8
-116.60865262977048 36.75597443616535 49096.0
-116.60865282995078 36.75595466413564 49096.8
-116.60865262310834 36.75593563718804 49096.6
-116.60880388915416 36.755839497961325 49107.6
-116.6088264865752 36.7558406405724 49107.8
-116.60885013404352 36.75584154108567 49107.1
-116.608874618638 36.75584218062372 49106.5
-116.60889972605456 36.75584253449632 49106.2
-116.60892530636757 36.755842645121 49105.6
-116.6089511027931 36.75584254714496 49104.8
-116.6089769705514 36.75584226340936 49103.9
-116.6090027502092 36.75584180624991 49103.0
-116.60902843579768 36.75584123262326 49101.5
-116.60905394219472 36.75584058721674 49100.6
-116.60907923897744 36.75583990332935 49101.3
-116.60910427488542 36.75583921286866 49101.2
-116.60912906479666 36.7558385384397 49100.8
-116.6091536176746 36.75583789507406 49100.9
-116.6091779313548 36.75583730366437 49100.6
-116.609202002084 36.755836798227165 49099.9
-116.60922582343478 36.75583638972456 49098.3
-116.60924944546304 36.75583607718493 49097.7
-116.60927290548013 36.75583585205588 49098.0
-116.60929626664527 36.75583570970314 49097.9
-116.6093195784114 36.755835627625125 49097.4
-116.60934293127735 36.7558355834902 49097.9
-116.60936638185947 36.755835562190576 49098.5
-116.60938998423164 36.755835560135424 49097.9
-116.60941372065626 36.755835576207936 49097.0
-116.609437574977 36.75583561309976 49096.9
-116.60946152137484 36.755835672962206 49096.3
-116.6094855439272 36.75583575864454 49095.6
-116.60950958978572 36.755835871623766 49095.1
-116.60953363685364 36.75583600983373 49094.6
-116.60955766494756 36.75583616840744 49094.2
-116.6095816621883 36.75583633707653 49093.3
-116.60960563240556 36.75583649977328 49092.2
-116.6096295886267 36.75583664484999 49091.8
-116.60965353771468 36.75583676664302 49092.1
-116.60967747714696 36.755836866598 49091.2
-116.60970141040156 36.75583695410335 49089.6
-116.60972532775126 36.75583703283623 49088.5
-116.6097492311846 36.75583709796607 49087.9
-116.60977313001086 36.755837139839294 49087.8
-116.609797059529 36.7558371541101 49087.0
-116.60982103605068 36.75583713875427 49085.6
-116.60984507693829 36.755837097108575 49084.4
-116.6098692097032 36.75583703926948 49083.1
-116.60989344408864 36.755836981301776 49081.7
-116.60991776796168 36.7558369306859 49080.7
-116.60994225865488 36.75583688896442 49079.9
-116.60996669621676 36.755836854826896 49078.4
-116.60999113770464 36.75583681903552 49076.7
-116.6100155592694 36.75583677065718 49075.7
-116.61003994833928 36.75583670144778 49074.9
-116.61006429591151 36.75583661659283 49073.5
-116.6100886017922 36.75583653910392 49071.9
-116.6101128596694 36.755836490702094 49070.5
-116.61013707265488 36.75583649293933 49068.9
-116.61016127029464 36.755836575410896 49066.2
-116.61018542481976 36.7558367378488 49065.0
-116.61020956794232 36.755836967719645 49064.6
-116.61023370778663 36.75583724617255 49063.2
-116.6102578540281 36.75583754760272 49061.2
-116.61028200790793 36.75583783424257 49059.8
-116.61030617335612 36.75583807320186 49058.0
-116.6103303487648 36.755838237333485 49056.0
-116.6103545009963 36.75583829435331 49053.9
-116.61037866770874 36.75583824181327 49052.3
-116.61040280262512 36.75583808456672 49050.4
-116.61042689463252 36.75583783337829 49048.1
-116.61045092695808 36.75583750646873 49046.2
-116.6104749416018 36.75583714748655 49044.0
-116.61049893265196 36.75583680131926 49042.0
-116.61052291399182 36.755836509681565 49040.6
-116.61054692525046 36.7558363131766 49038.6
-116.61057092875603 36.75583620675465 49035.6
-116.61059495850677 36.755836162403575 49034.4
-116.61061901829002 36.7558361448981 49033.7
-116.6106430982507 36.75583611391901 49030.6
-116.610667194892 36.75583604170421 49027.8
-116.61069128569248 36.75583592485971 49025.3
-116.61071535956894 36.75583576741498 49023.4
-116.61073940677323 36.7558355750658 49021.7
-116.61076345099475 36.75583536245286 49019.6
-116.610787492729 36.75583514265744 49016.9
-116.61081153997092 36.75583492488115 49014.6
-116.6108356153144 36.75583471319479 49012.3
-116.61085973730395 36.75583451121295 49010.5
-116.61088392220252 36.75583432464197 49008.5
-116.61090818138464 36.75583416137312 49005.2
-116.610932540071 36.75583403385418 49002.0
-116.61095696564225 36.755833933114445 48999.8
-116.61098146440996 36.75583384416204 48997.9
-116.61100602950296 36.75583375898064 48994.7
-116.61103065524892 36.755833674644464 48991.5
-116.61105532002875 36.75583359222851 48988.9
-116.61108000289724 36.75583351368973 48986.3
-116.61110468326886 36.75583343851655 48983.4
-116.61112934146732 36.75583337291036 48980.4
-116.61115396209524 36.75583332347679 48977.8
-116.6111785548141 36.75583328993411 48975.7
-116.61120313318196 36.75583326326832 48972.9
-116.61122770175116 36.7558332232931 48970.2
-116.61125227320308 36.75583315065269 48967.5
-116.61127683935472 36.75583303248531 48964.7
-116.61130139672288 36.7558328655684 48962.2
-116.61132593699656 36.75583265920969 48959.1
-116.61135047019516 36.755832437551824 48955.5
-116.61137498286864 36.755832215485846 48952.2
-116.61139947007248 36.755831996251125 48949.5
-116.61142392165353 36.75583177198968 48947.1
-116.61144833940384 36.75583153468007 48944.2
-116.61147270917796 36.755831290268176 48941.1
-116.61149701645996 36.75583104590657 48937.9
-116.61152124929434 36.75583080273804 48934.8
-116.61154543190628 36.75583055262517 48932.0
-116.61156959451584 36.75583029345909 48929.2
-116.61159376724154 36.75583003101386 48926.4
-116.61161798111148 36.75582978455101 48923.3
-116.61164221530764 36.75582957253949 48919.8
-116.61166645647832 36.75582940679302 48916.1
-116.61169067916524 36.75582928764745 48912.7
-116.61171485244884 36.755829203219 48909.7
-116.61173894434307 36.755829127891786 48906.5
-116.61176294608272 36.75582904959817 48903.1
-116.61178684257068 36.75582896173832 48899.8
-116.61181059881515 36.755828853872366 48896.8
-116.61183424248166 36.755828722954206 48893.6
-116.61185778248868 36.75582856487737 48890.0
-116.61188123039686 36.755828374432745 48886.2
-116.61190458206512 36.755828138024576 48882.7
-116.61192789838708 36.755827845263376 48879.9
-116.61195119987218 36.75582748736 48876.8
-116.61197451918076 36.75582705974531 48873.4
-116.61199787612335 36.755826548568464 48870.0
-116.61202133080933 36.75582596292659 48867.1
-116.61204486687392 36.75582532138247 48864.0
-116.6120684841264 36.755824651687405 48860.8
-116.61209219013244 36.75582399062892 48856.4
-116.6121159534931 36.75582337675336 48852.1
-116.61213976567323 36.75582283696394 48849.1
-116.61216361551448 36.755822384232346 48846.0
-116.61218753185416 36.755822038133886 48842.9
-116.61221146187664 36.7558217960777 48839.5
-116.61223543492584 36.75582164877302 48835.3
-116.61225945258904 36.75582158037167 48831.6
-116.61228352965212 36.755821569156254 48828.0
-116.61230763952858 36.75582158176518 48824.4
-116.61233179130224 36.75582159389888 48821.4
-116.61235597981964 36.75582158904955 48817.6
-116.61238019241488 36.755821550523386 48813.4
-116.61240443587984 36.75582146925441 48809.6
-116.6124286928534 36.75582134110446 48805.8
-116.61245295398096 36.755821164300016 48802.0
-116.6124772055474 36.755820937768256 48798.4
-116.61250147587396 36.75582067795504 48795.5
-116.61252576454392 36.755820404114615 48792.4
-116.6125500903564 36.7558201354486 48788.7
-116.61257449336584 36.75581989597866 48784.3
-116.6125989699002 36.7558196981006 48780.3
-116.61262353738763 36.75581954521738 48776.9
-116.61264819760277 36.755819438898456 48772.9
-116.61267295678486 36.75581938444847 48769.5
-116.6126977529964 36.75581937270645 48765.9
-116.612722556714 36.7558193970097 48761.6
-116.61274732024732 36.755819445441695 48757.7
-116.61277198049412 36.755819496058685 48753.8
-116.612796524237 36.7558195238042 48750.5
-116.61282095620189 36.755819505518765 48747.3
-116.61284530143988 36.75581942223496 48744.0
-116.61286957958109 36.75581926086123 48740.4
-116.61289387107306 36.75581904281035 48736.7
-116.61291817260296 36.755818805892496 48733.4
-116.61294247993813 36.75581859040836 48730.7
-116.61296680115828 36.75581842377133 48727.2
-116.61299112291168 36.75581830164674 48723.0
-116.6130154805503 36.755818210082126 48719.9
-116.6130398966152 36.7558181292403 48716.9
-116.61306439215068 36.755818036285376 48713.4
-116.61308897661849 36.75581791146037 48709.8
-116.61311365034057 36.75581774006318 48706.2
-116.61313841696762 36.755817509208505 48702.9
-116.6131632775872 36.75581720916163 48700.0
-116.6131882442207 36.75581685854384 48697.0
-116.61321328441032 36.75581647998919 48693.4
-116.61323838549632 36.7558160947001 48689.8
-116.61326353850949 36.755815715127845 48687.1
-116.61328871347102 36.755815343557295 48684.2
-116.61331388348448 36.75581498439221 48681.0
-116.61333901931874 36.75581465223373 48677.5
-116.61336409353112 36.75581437743077 48674.7
-116.61338905411252 36.75581417958861 48671.2
-116.61341390905616 36.7558140599384 48668.5
-116.61343866359172 36.75581400440184 48666.9
-116.61346330003232 36.75581398674065 48664.4
-116.61348777743925 36.75581396863897 48662.3
-116.61351201147323 36.755813924785606 48660.2
-116.61353582106328 36.75581383498357 48658.0
-116.61355875253892 36.75581366322134 48654.7
-116.61358053092256 36.755813361627965 48650.4
-116.61360083085292 36.75581283948602 48646.5
-116.61355456830444 36.75550580612813 48681.5
-116.61353480430328 36.755508072458056 48690.6
-116.61351384193364 36.755510278123154 48691.3
-116.6134918110496 36.75551230710892 48694.3
-116.61346882331276 36.75551410505838 48698.5
-116.61344487076254 36.755515633276175 48701.6
-116.61342042048028 36.75551693317324 48704.6
-116.61339562016212 36.7555180715286 48706.8
-116.61337066912628 36.75551910120897 48709.5
-116.61334575716153 36.755520060384775 48712.5
-116.61332105191131 36.7555209763688 48715.7
-116.6132966243946 36.755521847222965 48718.4
-116.6132725227327 36.75552266123532 48721.5
-116.61324877745366 36.755523396206414 48724.7
-116.61322533190076 36.75552403625152 48727.6
-116.61320207818764 36.755524566831646 48730.8
-116.61317893896204 36.755524981030106 48734.4
-116.61315582134476 36.75552526274224 48737.5
-116.61313273110076 36.75552541690888 48740.4
-116.6131095907742 36.75552545246251 48744.0
-116.61308636610693 36.755525379249136 48747.7
-116.613063006183 36.75552520881081 48750.8
-116.61303956396208 36.75552498075625 48754.2
-116.61301603250293 36.75552471803195 48758.1
-116.61299243521024 36.75552443252225 48762.0
-116.61296878824056 36.755524128440335 48765.8
-116.61294512599868 36.75552380414075 48769.8
-116.61292145558092 36.75552345466056 48773.6
-116.61289777264528 36.755523079173486 48777.3
-116.61287405224935 36.75552268176664 48781.6
-116.61285028919184 36.755522273249234 48786.1
-116.61282647186468 36.75552186076702 48791.0
-116.61280260274616 36.7555214529214 48795.0
-116.61277870675232 36.755521077163486 48798.4
-116.61275479713098 36.75552077897855 48802.3
-116.61273091104442 36.75552060426183 48807.6
-116.61270706856408 36.75552058623177 48815.2
-116.61268331236576 36.755520745487 48819.9
-116.6126595424473 36.755521028482406 48822.0
-116.61263579050323 36.75552137373685 48824.8
-116.61261204419392 36.75552173040365 48828.2
-116.61258826986528 36.75552205183133 48831.4
-116.6125644738836 36.75552231370913 48834.0
-116.61254062666136 36.75552251389114 48836.4
-116.6125167081681 36.75552265955847 48839.4
-116.61249267258628 36.75552275560536 48843.5
-116.61246853918377 36.755522813861184 48847.5
-116.61244429293164 36.75552284850338 48851.2
-116.61241993566378 36.755522875259786 48854.8
-116.61239547605184 36.75552291541187 48858.7
-116.61237093905304 36.75552298945006 48863.3
-116.61234635569498 36.75552311094052 48866.9
-116.61232175253588 36.755523281493055 48868.7
-116.61229715885808 36.75552348627103 48871.0
-116.61227258299608 36.75552369585879 48874.5
-116.61224803495904 36.75552389036597 48877.4
-116.6122235120906 36.75552405933077 48880.7
-116.61219900085592 36.75552419167533 48883.9
-116.61217450869256 36.75552428812216 48887.2
-116.61215001581344 36.755524350169786 48891.1
-116.61212551522804 36.75552437833375 48894.8
-116.61210099722062 36.75552437151102 48898.3
-116.61207647973336 36.75552433609549 48901.6
-116.61205195485157 36.75552427490708 48905.4
-116.61202742519755 36.75552418425027 48909.7
-116.61200287758813 36.75552405316235 48913.1
-116.6119783290899 36.755523888429465 48915.9
-116.61195376259354 36.75552370736826 48919.7
-116.61192916971308 36.755523530093285 48924.1
-116.6119045522012 36.75552337978604 48928.0
-116.61187990357624 36.75552326899725 48932.0
-116.61185524100452 36.75552320426267 48935.8
-116.61183056850048 36.755523183322445 48939.1
-116.61180589965475 36.75552320593479 48943.1
-116.61178122289724 36.75552326552268 48947.3
-116.61175656078666 36.75552335839503 48950.3
-116.61173192580152 36.75552348030654 48953.4
-116.6117073421756 36.75552362738559 48957.1
-116.61168280641768 36.755523785069066 48960.8
-116.61165833102156 36.755523931330416 48964.3
-116.61163391939648 36.75552404147646 48967.6
-116.61160956435558 36.75552409221607 48971.0
-116.61158527736887 36.75552409562831 48974.4
-116.61156102205996 36.755524080220376 48977.9
-116.61153677015643 36.75552408256952 48981.8
-116.61151249964068 36.75552413025929 48985.1
-116.6114881677256 36.755524227041725 48988.2
-116.61146377617838 36.75552436678483 48990.9
-116.61143932087336 36.755524536997086 48994.0
-116.61141479967532 36.75552471316082 48997.2
-116.61139024736455 36.75552486028686 49000.3
-116.6113656927187 36.75552495531058 49003.3
-116.61134114994653 36.75552499194195 49006.0
-116.61131661626264 36.75552497820643 49008.3
-116.61129210455228 36.75552494705983 49011.3
-116.611267600834 36.75552492765056 49015.3
-116.61124310015444 36.75552494459996 49019.7
-116.61121860956764 36.75552502392056 49023.1
-116.61119409198945 36.755525167211694 49025.5
-116.61116956262552 36.7555253636484 49027.5
-116.61114502554504 36.75552559529471 49029.4
-116.61112048592888 36.755525838273016 49032.2
-116.61109594981758 36.75552606547263 49035.1
-116.61107141861213 36.75552626549872 49037.8
-116.61104688355124 36.75552643793132 49040.7
-116.61102232533156 36.75552658664273 49044.3
-116.6109977446349 36.75552671897625 49047.6
-116.61097312860043 36.75552684064008 49050.1
-116.61094847392182 36.75552696005887 49052.3
-116.61092378768367 36.75552709048657 49054.3
-116.61089908444292 36.755527239344936 49056.0
-116.61087438899278 36.75552740494545 49057.8
-116.61084972361284 36.75552758095268 49060.4
-116.61082511442356 36.75552776303858 49063.5
-116.61080055704085 36.75552795337303 49066.3
-116.6107760415972 36.755528159660656 49068.4
-116.61075155506737 36.755528386575484 49070.0
-116.61072709401942 36.75552863242588 49072.0
-116.61070264999717 36.75552888282867 49074.1
-116.6106782293106 36.75552912244082 49076.0
-116.6106538340889 36.75552933613266 49077.5
-116.61062945852824 36.75552951153561 49078.8
-116.61060511174468 36.75552965400132 49080.8
-116.61058076907284 36.755529769693744 49082.9
-116.61055642092444 36.75552985852781 49084.8
-116.610532058082 36.75552991075341 49086.7
-116.61050771964432 36.75552992452093 49088.6
-116.61048342440324 36.755529901572025 49091.0
-116.61045920076576 36.75552984421688 49093.1
-116.61043507265448 36.75552976026032 49095.4
-116.61041103558472 36.75552966816034 49098.7
-116.61038705952156 36.75552958709938 49101.6
-116.61036310837586 36.75552953427244 49103.1
-116.61033915165324 36.75552951917646 49104.8
-116.61031515523004 36.75552952540052 49107.1
-116.61029103311024 36.75552952923741 49108.7
-116.61026698437809 36.7555295205738 49111.0
-116.61024290966309 36.75552950476985 49113.0
-116.6102188162584 36.75552949318999 49114.7
-116.61019471366096 36.75552950061866 49116.7
-116.61017060852193 36.755529548538256 49118.9
-116.61014652699971 36.75552966567364 49120.6
-116.61012244504916 36.75552985838654 49122.4
-116.61009839861208 36.755530121902645 49125.1
-116.6100744056182 36.755530443254514 49127.5
-116.61005048833448 36.75553079566976 49129.4
-116.61002663101796 36.75553113366889 49130.8
-116.61000283193748 36.75553142835181 49131.5
-116.60997907806568 36.755531667015084 49133.3
-116.6099553417878 36.75553184300832 49134.2
-116.60993162769982 36.7555319791761 49135.2
-116.6099079065836 36.755532094053954 49137.2
-116.60988417217816 36.75553219182088 49139.0
-116.60986041383292 36.75553225908092 49140.1
-116.60983666098954 36.755532279140674 49141.2
-116.60981292262828 36.75553223663537 49142.5
-116.60978921553996 36.75553212020435 49143.4
-116.60976553158784 36.75553191514465 49144.2
-116.60974190644544 36.75553163148371 49145.3
-116.6097183094994 36.7555312830214 49146.9
-116.6096947291286 36.755530896995225 49148.3
-116.60967116873051 36.75553052577556 49148.7
-116.60964760437668 36.7555302255584 49150.4
-116.6096240458046 36.755530040210274 49152.8
-116.60960049852036 36.75552999557185 49153.8
-116.60957701023186 36.75553011128001 49153.3
-116.60955350183085 36.755530360193866 49152.8
-116.60953000266592 36.755530718891954 49152.5
-116.60950650087528 36.75553116228793 49153.4
-116.609482977803 36.7555316567956 49154.0
-116.60945940709436 36.75553215043171 49153.8
-116.60943579428408 36.755532607592656 49152.9
-116.60941213401088 36.755533008166985 49151.3
-116.60938838996844 36.755533335332046 49149.4
-116.60936459495947 36.7555335958044 49147.4
-116.6093407275875 36.75553379834654 49146.7
-116.60931678979122 36.75553395764005 49147.1
-116.60929277619456 36.75553409787374 49147.9
-116.60926870217236 36.75553426135142 49148.3
-116.6092445600108 36.75553449272601 49148.7
-116.60922035332808 36.75553482622498 49148.7
-116.60919610357296 36.75553528971077 49148.8
-116.6091717512192 36.75553585513437 49148.7
-116.60914731698364 36.75553648391276 49148.0
-116.60912279242856 36.755537134585694 49147.5
-116.60909816543432 36.755537766661305 49147.5
-116.6090734824872 36.755538360473146 49147.2
-116.6090487625266 36.75553891188783 49147.0
-116.6090240396726 36.75553942734409 49146.5
-116.60899933084586 36.755539916244444 49145.7
-116.60897463831044 36.755540382258566 49145.5
-116.60894994905313 36.75554081456292 49144.5
-116.6089252641708 36.75554120022148 49143.8
-116.6089005923928 36.75554152679518 49143.4
-116.6088760049684 36.75554180930235 49142.9
-116.60885155613728 36.75554207127445 49142.5
-116.60882735392148 36.75554234099455 49142.1
-116.60880366689968 36.7555426594859 49142.1
-116.60878066710131 36.7555430438814 49142.0
-116.60875862775512 36.75554347190372 49142.8
-116.60863283329806 36.7554198100524 49141.7
-116.608634686264 36.75540124187346 49141.1
-116.60863620293811 36.755381977365325 49141.9
-116.60863729622346 36.755362369601926 49141.8
-116.60863792889266 36.75534273951314 49141.1
-116.6086380704239 36.75532360384744 49140.3
-116.60863786302345 36.75530519303514 49138.0
-116.60878054715523 36.75520802349321 49139.5
-116.6088023256557 36.75520943738368 49143.2
-116.608825312023 36.75521063975624 49143.5
-116.60884931142716 36.75521161320357 49142.3
-116.60887403173584 36.75521236327361 49141.8
-116.60889928597204 36.75521290573591 49142.2
-116.60892489889812 36.75521324557749 49142.7
-116.60895075697356 36.75521344600838 49143.3
-116.60897668407752 36.755213554906526 49143.0
-116.60900256855273 36.755213606978586 49141.8
-116.60902828111584 36.7552136218221 49140.9
-116.60905377332236 36.75521361037168 49140.8
-116.6090789823864 36.75521356827689 49140.7
-116.60910386068008 36.75521348264619 49139.9
-116.6091282912959 36.75521333558814 49139.7
-116.60915230879596 36.75521312761927 49139.3
-116.60917589521532 36.755212865012815 49139.6
-116.60919907379756 36.755212560149324 49140.1
-116.60922186549828 36.75521223134068 49139.4
-116.60924443340754 36.755211899642326 49138.7
-116.60926690029456 36.755211576229975 49139.8
-116.60928939073004 36.75521126722559 49141.7
-116.6093120500995 36.755210977850446 49142.7
-116.60933492942377 36.7552107103421 49143.1
-116.6093580599106 36.7552104651064 49143.9
-116.60938144045076 36.75521024376054 49143.4
-116.60940508494532 36.75521005343507 49142.1
-116.60942890247668 36.75520988777913 49141.3
-116.60945285304992 36.75520972466756 49141.1
-116.6094769004656 36.75520953889546 49140.9
-116.6095010124887 36.75520930042944 49140.5
-116.60952519109152 36.755209001917855 49140.2
-116.6095493998258 36.75520864880393 49140.1
-116.60957359475783 36.75520825109072 49139.9
-116.60959766523274 36.75520783448861 49139.1
-116.60962146718452 36.75520745010289 49137.5
-116.60964480831616 36.755207143580606 49135.8
-116.60966746226448 36.75520694974821 49133.6
-116.60968905880848 36.75520690632589 49130.9
-116.60970937415784 36.755206997412806 49129.1
-116.6097283166366 36.75520718940301 49129.2
-116.60974580244266 36.75520743630432 49128.6
-116.60976156920056 36.75520769650573 49127.5
-116.60977572426472 36.755207951807314 49127.4
-116.60978827199348 36.755208202788 49127.2
-116.60979918161593 36.755208454733165 49127.1
-116.60980820778724 36.755208693797954 49128.9
-116.609815525537 36.75520890304449 49128.9
-116.60982122955603 36.75520906361056 49128.3
-116.60982538253424 36.75520916579524 49128.2
-116.60982777711465 36.75520921109895 49128.0
-116.60982883420984 36.75520922212368 49127.9
-116.60982965412131 36.75521931711251 49127.0
-116.6098284870568 36.75521934549568 49126.4
-116.6098264352743 36.75521941867667 49128.3
-116.60982377060816 36.755219548718365 49134.5
-116.60982090463996 36.75521972787529 49140.9
-116.60992423982196 36.75522492816016 49144.6
-116.60994042056232 36.755224162152224 49146.8
-116.60995742334072 36.755223398070896 49147.9
-116.60997518023524 36.755222668770514 49148.7
-116.60999355317996 36.75522198687858 49148.3
-116.61001236389286 36.755221356037616 49140.7
-116.61003139336133 36.75522075717285 49131.2
-116.6100505327536 36.75522018785018 49128.9
-116.6100697898337 36.755219654473 49133.0
-116.6100892120958 36.755219170959286 49138.1
-116.61010878766692 36.75521874379744 49137.2
-116.61012839344032 36.75521837325992 49133.1
-116.61014785673515 36.755218054357634 49132.9
-116.61016684325544 36.75521778398301 49130.9
-116.610185106152 36.755217538957645 49125.5
-116.61020235783803 36.75521730446855 49120.8
-116.61021833361887 36.75521706250478 49118.2
-116.61023260234576 36.75521678396992 49116.5
-116.61024511882675 36.75521645957266 49115.8
-116.61025585192672 36.755216073751846 49116.0
-116.61026478816848 36.75521560716804 49116.8
-116.61027199030508 36.75521499311559 49116.8
-116.6102774805481 36.755214281850286 49115.7
-116.61028174603524 36.7552134434287 49114.9
-116.61028509930064 36.75521248510466 49117.8
-116.61028777630112 36.75521152314951 49119.4
-116.61028998936564 36.755210839428415 49122.0
-116.6102928901934 36.75521021312005 49124.4
-116.61029708579302 36.75520963694586 49125.3
-116.6103029237302 36.755209208451454 49125.5
-116.61031096035168 36.7552088580428 49124.5
-116.61032083019344 36.755208630441246 49122.6
-116.6103324986503 36.75520849553704 49120.2
-116.61034607150208 36.755208423793526 49118.9
-116.61036118070204 36.75520836965347 49117.6
-116.61037749641268 36.75520830938867 49115.5
-116.61039467760176 36.75520822279769 49114.8
