Long Lat Mag_nT
-116.59935006189352 36.758858578451466 48126.1
-116.5993598751432 36.75886434473941 48129.8
-116.59937097743716 36.7588710080468 48133.6
-116.59938353032923 36.75887863371887 48136.7
-116.59939730360207 36.75888702552374 48139.7
-116.5994122243892 36.75889610395159 48144.4
-116.59942818748765 36.75890578381376 48150.1
-116.59944519500957 36.75891604816563 48155.6
-116.59946292361128 36.758926705411945 48160.5
-116.59948119932136 36.75893764803012 48163.9
-116.59949987083029 36.75894878011411 48168.0
-116.5995188588044 36.75896003563 48173.9
-116.59953803327352 36.758971333934646 48180.2
-116.59955734397327 36.75898263701923 48187.4
-116.59957676255873 36.758993927711295 48196.2
-116.5995963096854 36.75900521584719 48204.2
-116.59961594802716 36.7590165249603 48211.3
-116.59963562941256 36.75902787613399 48217.4
-116.5996553222014 36.759039293871886 48224.9
-116.59967496660468 36.75905078879323 48232.8
-116.59969453234174 36.759062341479165 48240.2
-116.59971400635028 36.759073939807855 48246.1
-116.59973337941908 36.75908556267492 48249.6
-116.59975261640842 36.75909716763811 48254.1
-116.59977173804614 36.759108722853085 48259.4
-116.59979075469568 36.75912021199039 48264.6
-116.5998096735386 36.759131627491165 48269.9
-116.59982850753823 36.75914295821286 48273.9
-116.59984729370755 36.759154231324985 48277.3
-116.5998660475672 36.759165466399445 48281.6
-116.59988477474148 36.75917668716227 48284.6
-116.599903435839 36.75918791275602 48285.8
-116.5999220133846 36.75919915088489 48287.4
-116.5999405158622 36.75921041291002 48290.3
-116.59995897456665 36.759221707066615 48293.9
-116.59997742712964 36.75923302537028 48296.7
-116.59999592105332 36.75924434131515 48297.4
-116.60001448885916 36.75925563133883 48298.0
-116.60003312650824 36.759266874022416 48299.2
-116.60005183785594 36.75927805735109 48299.2
-116.600070566206 36.75928917854477 48297.6
-116.60008924890197 36.75930022395904 48294.9
-116.6001078432546 36.759311195920176 48292.8
-116.6001262783514 36.75932210218547 48291.8
-116.60014453725437 36.75933296964139 48289.9
-116.60016264175168 36.75934382489389 48287.4
-116.60018064383571 36.75935470414517 48285.3
-116.60019857434492 36.75936563510332 48283.7
-116.60021648940324 36.75937662117761 48280.8
-116.60023442730736 36.75938766305171 48276.0
-116.60025241893136 36.759398755700005 48271.2
-116.60027049688122 36.75940990789305 48266.3
-116.6002886693374 36.75942111878079 48263.0
-116.60030694877948 36.75943239419502 48259.9
-116.60032533515412 36.75944373766069 48255.1
-116.60034381821522 36.75945515249001 48248.3
-116.6003623663384 36.759466605711886 48242.1
-116.60038098130892 36.7594780751426 48237.4
-116.60039966852382 36.75948954347681 48234.1
-116.60041848263828 36.75950100724796 48231.1
-116.60043744205468 36.75951246569825 48227.0
-116.60045653724968 36.759523913197214 48222.3
-116.60047574204992 36.759535344963055 48218.0
-116.60049504374284 36.75954677388753 48215.3
-116.600514382466 36.759558206019015 48212.4
-116.60053370916982 36.75956963707569 48209.2
-116.60055298509252 36.75958106477124 48207.2
-116.6005721554812 36.75959248338626 48205.3
-116.60059122014437 36.75960390129799 48203.9
-116.6006101981918 36.75961533707155 48202.0
-116.60062912127948 36.7596268156147 48201.0
-116.60064802256872 36.75963836557825 48200.9
-116.6006669544532 36.75964999340885 48200.1
-116.60068595762333 36.75966170357064 48198.0
-116.6007050584146 36.75967348464033 48196.5
-116.6007243193151 36.75968531500356 48195.4
-116.60074376645836 36.759697157930376 48194.8
-116.60076341934187 36.759708988279854 48195.7
-116.60078327331304 36.75972078816719 48197.2
-116.60080336061895 36.759732564991694 48196.7
-116.60082358614216 36.7597443217184 48195.5
-116.60084386638935 36.7597560495386 48195.7
-116.6008641239148 36.759767742308114 48197.2
-116.60088428698448 36.759779387006255 48199.0
-116.60090434295148 36.75979099464648 48201.5
-116.60092427806272 36.759802575609726 48203.5
-116.60094409956862 36.75981413552379 48205.5
-116.60096379834896 36.759825657515954 48207.3
-116.60098339808157 36.75983713230968 48208.4
-116.6010028918144 36.7598485520784 48209.6
-116.60102226714817 36.75985991110272 48210.8
-116.60104150583018 36.75987119146542 48211.9
-116.60106064221785 36.75988240277875 48212.8
-116.6010796961681 36.759893554781655 48214.7
-116.60109868291778 36.759904662337696 48216.2
-116.60111762711556 36.75991573392706 48217.6
-116.60113656673624 36.75992678854525 48218.6
-116.60115551883096 36.759937843090405 48219.6
-116.60117449288312 36.75994891397292 48221.0
-116.60119351097644 36.75996001089607 48222.2
-116.60121258862416 36.75997113019968 48223.5
-116.6012317295346 36.75998226536991 48224.2
-116.60125092028008 36.759993410511086 48225.3
-116.60127013272854 36.760004561501205 48224.9
-116.60128932981058 36.76001572213725 48225.0
-116.60130847992356 36.760026906063146 48226.2
-116.60132756975788 36.760038131284645 48226.8
-116.6013465756869 36.76004940237162 48226.7
-116.60136553951313 36.760060708663495 48226.9
-116.60138451291677 36.76007204579807 48226.2
-116.60140353555975 36.760083402370505 48224.8
-116.60142265829508 36.76009477345208 48224.1
-116.60144186566508 36.76010615539728 48223.7
-116.6014611221622 36.76011754758071 48222.6
-116.60148039764972 36.76012895671423 48221.2
-116.60149965724946 36.76014039799578 48220.6
-116.60151888269333 36.76015187566029 48220.6
-116.6015380700164 36.76016338338041 48219.2
-116.60155722405146 36.76017490081699 48217.3
-116.60157634522392 36.7601863991255 48216.7
-116.601595450078 36.76019786376629 48216.9
-116.60161454910084 36.76020929000796 48217.8
-116.6016336515032 36.76022068103139 48218.9
-116.60165277482604 36.76023205126703 48219.5
-116.60167191721156 36.76024342374224 48220.4
-116.60169107447628 36.760254815803485 48221.8
-116.60171024547596 36.760266243653405 48222.7
-116.60172940767248 36.760277719971846 48222.8
-116.60174853490896 36.760289241821695 48222.4
-116.60176760965788 36.760300814860464 48222.7
-116.60178662548071 36.7603124400076 48223.2
-116.60180556164704 36.76032410341039 48223.6
-116.6018244526704 36.76033578281772 48224.2
-116.60184333747884 36.76034746330968 48225.2
-116.60186223849828 36.7603591148272 48226.3
-116.60188117703468 36.76037069212608 48227.4
-116.60190011818852 36.760382171164245 48227.5
-116.60191897919223 36.7603935205602 48227.7
-116.60193766641804 36.76040472072325 48228.2
-116.60195611558558 36.76041579678552 48227.3
-116.60197409293777 36.76042666378042 48227.7
-116.6019919151752 36.76043753630788 48232.1
-116.60200945471514 36.76044832463373 48235.5
-116.60202686142192 36.76045908884496 48235.5
-116.60204424535527 36.760469853162725 48235.6
-116.60206165666943 36.76048062102155 48235.8
-116.60207911971584 36.76049138376455 48235.6
-116.60209666718085 36.76050214706757 48235.6
-116.60211427466906 36.76051291120941 48235.9
-116.60213192112616 36.76052367790343 48236.5
-116.60214958875004 36.76053444932143 48237.6
-116.60216727036794 36.76054522641286 48237.7
-116.60218496186408 36.76055600940949 48239.2
-116.6022026640811 36.76056679221732 48240.3
-116.60222038003664 36.76057756448217 48240.0
-116.6022381596612 36.76058832110392 48240.0
-116.60225604183074 36.76059906675175 48239.9
-116.6022740568432 36.76060981240865 48239.8
-116.60229220616928 36.76062056770256 48241.9
-116.60231052481612 36.76063135793347 48243.9
-116.60232896437182 36.76064218035526 48243.8
-116.6023474956298 36.76065302482344 48242.4
-116.60236609158602 36.76066388260856 48241.2
-116.60238474655212 36.76067476476637 48242.1
-116.60240344803589 36.76068567873677 48243.7
-116.60242220601496 36.760696630936856 48245.3
-116.60244102874152 36.76070761933332 48245.0
-116.60245994081008 36.76071864194626 48243.7
-116.60247893261284 36.760729691889615 48243.9
-116.60249798837572 36.76074076273324 48243.3
-116.60251708665945 36.76075184822081 48241.4
-116.60253619431356 36.760762944455486 48240.4
-116.60255527282534 36.76077404432144 48239.7
-116.60257430432796 36.76078514762627 48240.3
-116.60259328987776 36.76079626022692 48242.1
-116.60261220340018 36.76080738000962 48243.0
-116.6026310507202 36.76081850420034 48242.2
-116.60264982939182 36.7608296267975 48241.8
-116.60266853758633 36.76084073936383 48242.3
-116.60268715541784 36.76085182120199 48242.3
-116.60270571014992 36.76086286530823 48243.1
-116.6027242204086 36.76087386856419 48244.0
-116.6027427099026 36.76088484340276 48244.4
-116.60276121205446 36.76089581777767 48245.9
-116.6027797548854 36.760906816085246 48245.8
-116.60279836390652 36.76091785263929 48244.7
-116.6028170569806 36.76092894270981 48244.1
-116.60283582832596 36.76094010951665 48243.9
-116.60285462262104 36.76095134862545 48244.5
-116.60287341187338 36.76096265135761 48245.1
-116.60289218068348 36.76097398660681 48244.5
-116.602910915992 36.7609852918368 48245.1
-116.60292962155089 36.76099651162093 48244.9
-116.60294828583478 36.761007598001385 48243.9
-116.60296687720688 36.7610185143236 48243.0
-116.60298541354923 36.76102925370579 48243.0
-116.60300388901936 36.76103985520748 48243.4
-116.60302227655085 36.7610503323076 48241.4
-116.60304055098568 36.76106069743497 48238.7
-116.603058688186 36.761070959966645 48237.7
-116.60307670625684 36.76108115757208 48237.2
-116.603094613428 36.76109131593102 48235.4
-116.60311243267964 36.76110146935008 48233.7
-116.60313015756452 36.76111164792116 48231.4
-116.60314782368307 36.76112188666764 48228.0
-116.60316544089248 36.76113220376799 48225.3
-116.60318302135356 36.7611426085976 48222.8
-116.60320049244773 36.761153072561335 48219.3
-116.60321784560406 36.76116355970026 48216.0
-116.60323507934667 36.76117405802551 48214.5
-116.60325221611056 36.76118457330983 48214.6
-116.60326925537638 36.76119509541883 48214.7
-116.60328627557084 36.761205599397904 48214.4
-116.6033033541934 36.761216032828266 48213.9
-116.60332049874609 36.76122627151723 48213.7
-116.60348304852336 36.76127866962372 48213.3
-116.60350661873755 36.761279584224496 48209.3
-116.60353061408956 36.76127978171671 48208.6
-116.60355475002493 36.76127952393502 48207.6
-116.60357875907808 36.761279008777926 48208.9
-116.60360218970229 36.76127842933721 48209.7
-116.60362463124214 36.76127783375048 48209.2
-116.60364564545796 36.76127719159971 48210.9
-116.6037381694522 36.76120017563342 48217.4
-116.60373543230436 36.76118522355141 48233.8
-116.60373239738152 36.76116907762179 48231.0
-116.60372927844794 36.761151824433405 48229.6
-116.603726277643 36.76113357898427 48228.1
-116.60372345749045 36.76111472055244 48227.0
-116.60372081678184 36.761095519859296 48228.2
-116.60371831660764 36.76107631819154 48228.6
-116.60371587488709 36.761057657465976 48228.1
-116.6037133396834 36.76103990035043 48229.1
-116.60371055238288 36.761023388334245 48232.4
-116.60359510221296 36.76096013519653 48238.9
-116.60357599343386 36.76096267801671 48233.9
-116.60355553262352 36.760965402361215 48230.9
-116.60353381089456 36.76096810820061 48230.4
-116.60351084963052 36.76097066680356 48229.3
-116.6034867739004 36.76097293528821 48228.8
-116.60346190768078 36.760974937628816 48229.2
-116.60343644305162 36.76097668814034 48229.1
-116.60341056801616 36.76097821948695 48228.7
-116.6033845858928 36.760979536689135 48228.7
-116.60335870621805 36.76098071816571 48229.7
-116.60333307511556 36.76098180172848 48231.1
-116.60330780670525 36.76098281555144 48232.5
-116.60328308624862 36.76098376246477 48234.0
-116.60325888745528 36.760984654978536 48235.6
-116.60323521401888 36.76098548406789 48236.9
-116.60321202123772 36.76098623247746 48238.3
-116.60318934877584 36.76098684983047 48239.0
-116.60316701590315 36.76098731593133 48239.8
-116.60314488984916 36.76098759653956 48240.8
-116.6031227887987 36.760987669535375 48242.3
-116.60310065854256 36.76098749177904 48244.2
-116.60307836242846 36.76098712551435 48246.0
-116.60305580159344 36.76098661238346 48249.6
-116.60303290312652 36.760985997918446 48252.1
-116.60300960095944 36.76098532002814 48253.0
-116.6029859404945 36.76098463587496 48252.0
-116.60296195044609 36.76098398609522 48252.3
-116.60293771559742 36.76098341082493 48253.7
-116.6029132600762 36.76098297173451 48254.0
-116.60288872260776 36.76098267211729 48253.7
-116.60286419742536 36.7609825081552 48252.8
-116.6028397754557 36.76098245904161 48251.6
-116.60281549783308 36.76098250087821 48250.3
-116.6027913754282 36.7609825830662 48249.1
-116.6027673916962 36.76098267777201 48247.5
-116.6027434978699 36.760982764285245 48246.6
-116.60271964453254 36.76098282339071 48245.6
-116.60269567269737 36.760982853316726 48244.0
-116.6026717240686 36.76098286053799 48242.9
-116.60264766706482 36.76098285721662 48243.3
-116.6026234632757 36.76098285965252 48244.2
-116.60259913802004 36.76098288250964 48245.0
-116.602574709585 36.760982932774525 48246.2
-116.6025502090867 36.76098300957409 48247.6
-116.60252564986304 36.76098311706972 48247.8
-116.60250107737036 36.760983245937695 48248.8
-116.6024765143327 36.760983390859295 48249.7
-116.60245198184894 36.76098354892092 48250.2
-116.60242749073316 36.76098371883043 48251.6
-116.6024030419044 36.7609838893093 48253.5
-116.60237863351472 36.76098405350922 48255.3
-116.60235425394984 36.76098420842301 48257.2
-116.60232989328314 36.76098434794721 48257.9
-116.60230553111414 36.7609844653972 48259.6
-116.60228115640103 36.76098455631192 48261.7
-116.60225675445712 36.760984620734654 48262.8
-116.60223233059072 36.760984653761135 48263.7
-116.602207876641 36.76098466294135 48265.2
-116.60218339236924 36.76098464911136 48266.4
-116.60215887211528 36.76098461236237 48267.0
-116.60213432828547 36.76098454811909 48266.5
-116.60210975887756 36.760984459308645 48266.8
-116.60208516765844 36.76098434808635 48267.4
-116.602060559864 36.76098422500901 48267.3
-116.60203593777528 36.760984101312815 48265.6
-116.60201131223933 36.76098398838359 48263.8
-116.60198669570973 36.76098390232646 48263.7
-116.60196211755324 36.760983865319695 48264.1
-116.601937550711 36.760983905171685 48263.0
-116.60191301099324 36.76098400202197 48262.1
-116.60188849275276 36.76098413748737 48259.9
-116.60186398659503 36.76098428768013 48257.8
-116.60183947855484 36.76098443923943 48256.3
-116.60181495463137 36.760984588062 48255.1
-116.6017904033155 36.76098473603482 48254.1
-116.60176581629716 36.76098488709733 48253.1
-116.60174117421472 36.76098504636043 48252.7
-116.6017164878444 36.76098520816497 48253.2
-116.60169176772276 36.760985362392354 48253.3
-116.6016670225691 36.7609854997053 48253.1
-116.60164228145956 36.760985606189486 48253.2
-116.6016175531574 36.760985681026 48253.8
-116.60159284594158 36.760985724731206 48255.4
-116.60156815571251 36.76098574004495 48257.1
-116.60154349929644 36.7609857244434 48258.4
-116.60151886236432 36.760985684389055 48259.3
-116.6014942421672 36.7609856213123 48260.1
-116.6014696271302 36.760985534902304 48261.5
-116.6014450151832 36.76098542285904 48263.5
-116.60142038103808 36.76098530057617 48265.9
-116.60139570821262 36.76098518014327 48267.6
-116.60137099098964 36.760985069752046 48269.4
-116.60134620860988 36.76098498485502 48272.4
-116.6013213866344 36.76098493211759 48275.6
-116.60129653917808 36.7609849163445 48278.9
-116.60127168278989 36.76098493620485 48282.6
-116.60124681239384 36.76098498454213 48286.6
-116.6012219439671 36.760985041663126 48290.2
-116.60119708320964 36.76098509430666 48293.4
-116.60117222346804 36.76098512637464 48296.5
-116.60114738957267 36.76098511704616 48299.5
-116.60112257848384 36.76098507250354 48303.1
-116.60109779834232 36.76098500411808 48307.9
-116.60107306692296 36.760984929892885 48313.0
-116.60104839558544 36.760984880199786 48317.5
-116.6010237727274 36.760984873673 48322.3
-116.60099918494112 36.76098491697308 48326.3
-116.60097462999876 36.760985009035736 48330.4
-116.60095008149666 36.76098515377642 48336.3
-116.60092554426608 36.7609853384628 48342.3
-116.60090100791707 36.76098555653888 48346.3
-116.60087645833934 36.76098579594272 48349.4
-116.60085187403376 36.76098603800063 48352.6
-116.60082725328884 36.76098626609924 48355.3
-116.6008025910546 36.76098647187176 48357.7
-116.60077787406858 36.76098664926862 48359.4
-116.60075311900356 36.76098678905839 48360.8
-116.60072833375293 36.76098689871471 48361.7
-116.60070353006304 36.760986979016494 48361.2
-116.60067871414408 36.76098703422675 48360.3
-116.60065390465104 36.76098706936193 48360.2
-116.60062909787555 36.76098709120661 48357.5
-116.60060428561104 36.76098710148472 48352.6
-116.60057946336008 36.76098710387884 48348.2
-116.60055463415172 36.76098711633024 48344.9
-116.60052981499445 36.7609871548673 48340.8
-116.60050501918133 36.76098722584918 48337.0
-116.6004802604515 36.76098731928216 48332.4
-116.60045554698912 36.760987419439694 48325.8
-116.60043087049162 36.76098751636206 48320.0
-116.60040621828192 36.76098760422704 48315.2
-116.6003815693637 36.76098767917331 48310.2
-116.60035691659358 36.76098773730499 48305.9
-116.60033224488384 36.76098778275608 48301.6
-116.60030754063752 36.76098781607764 48296.4
-116.6002827868536 36.76098783520659 48290.9
-116.6002579652838 36.76098783527854 48287.1
-116.60023307005396 36.76098782079947 48283.4
-116.60020810236834 36.760987795968845 48279.4
-116.60018308238864 36.76098776797125 48277.2
-116.60015803509908 36.76098775172117 48276.3
-116.60013300265813 36.760987755900494 48274.7
-116.6001080203232 36.76098778283469 48272.9
-116.6000831215744 36.76098783294088 48270.9
-116.60005831915828 36.7609879074568 48267.9
-116.60003359653784 36.76098799474119 48265.4
-116.60000893849332 36.760988088901655 48263.0
-116.59998432606804 36.760988186810025 48262.0
-116.59995974704502 36.76098828341602 48261.3
-116.5999351812916 36.76098837589107 48259.2
-116.59991061204596 36.76098846631827 48256.7
-116.59988602044616 36.760988557235336 48255.5
-116.59986137725748 36.76098865445452 48252.3
-116.5998366767473 36.76098876349279 48250.0
-116.59981191511524 36.76098889266975 48249.0
-116.59978711340544 36.76098905140868 48247.6
-116.59976226381004 36.760989259854895 48245.7
-116.59973739844747 36.76098952015213 48244.0
-116.59971252720835 36.76098983268455 48243.8
-116.59968766681436 36.76099019086202 48242.5
-116.5996628170082 36.76099058645188 48241.2
-116.59963800792607 36.760990997752 48241.6
-116.59961326188213 36.76099141322664 48242.7
-116.5995885825343 36.76099182039918 48242.9
-116.59956398108868 36.760992191632056 48242.5
-116.59953942357606 36.76099250804048 48241.6
-116.59951488834196 36.76099275569018 48240.5
-116.59949033280938 36.76099292380816 48238.8
-116.59946578167676 36.76099299398022 48236.2
-116.5994412010138 36.76099299592666 48235.5
-116.59941658299628 36.76099295164661 48235.3
-116.59939191874896 36.76099287853143 48235.7
-116.59936721127256 36.76099278496972 48237.4
-116.59934246255484 36.760992678714246 48239.4
-116.59931767814666 36.7609925577184 48241.3
-116.59929286640156 36.76099241821558 48242.1
-116.59926805729772 36.76099226192808 48242.5
-116.59924326673428 36.76099210443429 48243.1
-116.59921850402353 36.76099195884106 48243.5
-116.5991937775098 36.76099183194842 48242.7
-116.5991690729901 36.760991731129685 48243.5
-116.5991443766203 36.76099165081525 48243.4
-116.5991196788278 36.760991589066926 48241.7
-116.5990949785646 36.76099154323495 48238.5
-116.5990702703632 36.76099151749004 48234.8
-116.5990455641398 36.760991510393765 48233.3
-116.59902085782504 36.760991517314096 48230.3
-116.59899613656792 36.760991528101925 48223.6
-116.59897137593003 36.76099152901424 48218.0
-116.5989465553784 36.76099151894432 48213.7
-116.59892165131942 36.76099150573734 48205.9
-116.59889666126524 36.76099150596666 48195.8
-116.59887156867944 36.7609915607145 48187.9
-116.59884645107432 36.7609917048789 48181.4
-116.59882140577812 36.76099197338408 48174.5
-116.59879663124048 36.76099238354188 48167.0
-116.59877240816556 36.760992953847854 48158.7
-116.59874907250057 36.76099361620008 48152.1
-116.59862228759796 36.76087960319855 48146.6
-116.5986249238204 36.7608614833187 48144.6
-116.5986272725182 36.760842432772414 48145.8
-116.59862918384968 36.760822699482006 48147.5
-116.5986305613076 36.76080261410814 48149.5
-116.59863137364246 36.76078250807777 48150.1
-116.59863159876312 36.760762862435726 48152.0
-116.59876456945254 36.76064613535252 48156.8
-116.598786606583 36.76064773829639 48161.1
-116.59880981126888 36.76064913816364 48160.4
-116.5988340134912 36.76065020488478 48162.0
-116.59885895100447 36.76065094439088 48165.1
-116.59888431605388 36.760651365669055 48168.5
-116.59890990389071 36.76065148953005 48172.0
-116.59893552977702 36.76065131964288 48175.8
-116.59896113617192 36.76065094693296 48180.2
-116.59898660404536 36.7606504369237 48184.7
-116.5990119151626 36.7606498424897 48188.4
-116.59903707622344 36.7606492148265 48192.0
-116.59906213241652 36.76064860368202 48196.1
-116.59908708918604 36.76064803169534 48200.6
-116.5991119420628 36.76064750691384 48204.7
-116.59913664517435 36.76064703740522 48207.5
-116.5991611664234 36.76064661451842 48209.7
-116.59918550965206 36.76064622984611 48212.1
-116.59920970261392 36.76064587739946 48214.7
-116.59923378904672 36.76064556086255 48216.5
-116.59925782738736 36.76064527948346 48218.1
-116.5992818705258 36.76064503199478 48218.8
-116.59930595068889 36.76064481899334 48219.3
-116.59933009969131 36.76064464475661 48219.3
-116.59935430765108 36.76064450314726 48218.7
-116.59937858364636 36.76064438839183 48218.2
-116.59940292621476 36.760644289972056 48217.5
-116.5994273305049 36.76064419111941 48216.7
-116.59945176800984 36.76064408085806 48215.5
-116.59947621356544 36.760643953273686 48214.8
-116.5995006467467 36.76064380099064 48214.5
-116.59952505274984 36.760643604115394 48214.0
-116.59954945833016 36.76064335227827 48213.7
-116.59957386228344 36.76064304110741 48213.7
-116.59959827295114 36.76064267448505 48214.2
-116.59962270434544 36.760642261245614 48214.5
-116.59964716508404 36.76064182789885 48214.7
-116.59967163429164 36.76064139334014 48214.9
-116.59969609258413 36.76064097426082 48215.0
-116.59972050299136 36.76064058803521 48215.0
-116.59974482288324 36.76064024081305 48215.3
-116.59976903634978 36.760639932842814 48216.0
-116.59979313985136 36.76063966399765 48216.7
-116.59981713779494 36.76063943781815 48217.4
-116.59984106620928 36.76063924578361 48218.1
-116.59986497798396 36.760639082461815 48218.8
-116.5998889171846 36.76063894196552 48219.1
-116.59991292737344 36.760638815847294 48219.4
-116.59993701078004 36.760638691151584 48220.1
-116.5999611645926 36.76063855728373 48221.2
-116.59998536962004 36.76063840512399 48222.2
-116.60000960371408 36.76063822393899 48223.1
-116.60003384920628 36.76063801326978 48224.5
-116.6000580877692 36.7606377727155 48226.4
-116.60008231109136 36.76063750293243 48228.5
-116.6001065203679 36.76063721126177 48231.1
-116.6001307300264 36.76063691879867 48234.0
-116.6001549449644 36.76063664567199 48237.1
-116.6001791719495 36.76063641007331 48240.2
-116.60020342160595 36.760636225642585 48243.7
-116.60022767719111 36.760636085247086 48247.9
-116.60025194614524 36.76063598144104 48252.8
-116.60027622183866 36.7606359061875 48258.1
-116.60030050394944 36.76063585183408 48263.4
-116.60032479211704 36.76063580678685 48269.1
-116.60034909370138 36.76063575742352 48275.1
-116.60037340697112 36.7606356860238 48281.7
-116.60039772912164 36.760635569514825 48288.2
-116.60042208172104 36.76063540746355 48294.6
-116.60044645846216 36.76063520663768 48300.8
-116.6004708602672 36.76063497928565 48307.3
-116.60049528628348 36.76063474542716 48313.3
-116.60051971545856 36.76063452696923 48318.3
-116.60054412602902 36.76063433493234 48323.0
-116.60056849467811 36.76063417343108 48327.5
-116.6005927892714 36.760634042407055 48331.3
-116.60061699838364 36.76063393150564 48333.9
-116.60064112765848 36.76063383544321 48336.2
-116.6006651829798 36.76063374727448 48337.5
-116.60068916608977 36.760633656321446 48337.9
-116.60071310286916 36.7606335549114 48337.9
-116.60073700601131 36.76063344077866 48337.5
-116.60076088940306 36.76063331128228 48336.2
-116.60078476869504 36.760633161158594 48334.5
-116.60080865845204 36.76063299095159 48332.2
-116.60083254870952 36.760632806793495 48329.1
-116.6008564281962 36.76063262096771 48325.4
-116.60088028477152 36.76063245768669 48321.9
-116.60090409792852 36.760632341194906 48318.1
-116.60092787028444 36.76063229982528 48313.3
-116.6009516126468 36.76063235659598 48308.5
-116.60097534857532 36.760632532425184 48304.1
-116.6009990597028 36.7606327910408 48299.9
-116.60102278958648 36.76063309146106 48295.4
-116.60104655791044 36.76063339090927 48291.5
-116.60107038516703 36.760633640817005 48287.2
-116.60109429765656 36.7606338150076 48283.1
-116.60111828315878 36.7606339001368 48278.7
-116.60114232883797 36.76063389626917 48274.3
-116.60116642634554 36.76063380444143 48270.3
-116.60119058163768 36.76063365115204 48266.2
-116.6012147660643 36.76063345106864 48262.1
-116.60123896725344 36.760633215909614 48258.7
-116.60126317663892 36.76063295936766 48255.9
-116.60128738395692 36.7606327040305 48252.4
-116.6013115720426 36.76063246426168 48248.7
-116.60133573393612 36.760632243070816 48246.0
-116.60135987320945 36.76063203573309 48244.1
-116.6013840098338 36.7606318352183 48242.1
-116.60140817110964 36.760631642001954 48240.0
-116.60143238575418 36.76063146661967 48237.9
-116.601456701968 36.76063133779824 48235.9
-116.60148110740788 36.76063127432538 48234.4
-116.6015056161668 36.76063128563084 48233.0
-116.60153022031872 36.76063137149552 48231.4
-116.6015549046786 36.760631521675016 48230.3
-116.601579613557 36.76063169628431 48229.9
-116.60160433830072 36.760631863139615 48228.9
-116.60162906816588 36.760631995528605 48228.1
-116.6016538061268 36.760632068007695 48227.6
-116.60167858701072 36.76063208467347 48227.4
-116.60170340362612 36.760632054164354 48227.0
-116.6017282456768 36.76063198215547 48226.0
-116.60175308280668 36.76063185719483 48225.1
-116.60177789619964 36.760631674960216 48224.6
-116.60180263923638 36.7606314258156 48224.8
-116.60182727644212 36.76063110846975 48225.7
-116.6018518753488 36.76063073580761 48226.2
-116.60187626308571 36.76063035957946 48225.9
-116.6019005442 36.760630022794366 48226.2
-116.60192475252236 36.760629761800544 48226.8
-116.6019489037469 36.76062961763508 48226.6
-116.60197301208784 36.76062958168024 48226.8
-116.6019971241452 36.76062963416377 48228.3
-116.6020212669994 36.760629747541856 48229.4
-116.60204545920573 36.7606298852607 48229.9
-116.60206970305948 36.76063000357662 48230.3
-116.60209398932037 36.7606300726849 48230.4
-116.60211829140351 36.76063007652441 48230.5
-116.6021425849922 36.7606300028294 48231.1
-116.60216686332552 36.760629878535326 48231.5
-116.60219109935784 36.760629731230686 48231.9
-116.60221527387172 36.76062958714096 48231.7
-116.60223934838416 36.76062947012738 48231.6
-116.60226332230316 36.76062938369053 48231.9
-116.60228721332864 36.760629331525 48232.2
-116.60231104976788 36.76062932102437 48232.3
-116.60233485964744 36.76062937015888 48232.1
-116.60235867294456 36.760629479734725 48232.5
-116.6023825317262 36.760629651167726 48232.5
-116.6024064709822 36.760629881553456 48232.0
-116.60243052760588 36.76063016433865 48231.6
-116.6024547062888 36.76063046661557 48231.5
-116.60247903583264 36.760630765446415 48231.6
-116.60250353240532 36.76063104937127 48231.5
-116.60252822553788 36.7606313146832 48231.2
-116.60255308013076 36.76063156492928 48230.7
-116.60257806702435 36.76063179433587 48230.3
-116.60260314503653 36.7606319880745 48230.6
-116.6026282802016 36.760632114352944 48230.9
-116.60265344686424 36.7606321624947 48231.0
-116.60267861583183 36.76063212098334 48231.0
-116.60270376638876 36.76063198378554 48231.4
-116.60272890235494 36.760631745161966 48232.2
-116.60275402811908 36.760631444837706 48232.4
-116.6027791048924 36.76063112170804 48232.7
-116.60280411329934 36.76063081010151 48233.6
-116.6028290337305 36.76063054861865 48234.5
-116.60285387666607 36.7606303533442 48235.6
-116.60287867178064 36.76063022741232 48236.9
-116.6029034408464 36.760630164104064 48238.2
-116.60292818997122 36.76063015801316 48239.6
-116.60295292828008 36.76063018779061 48240.9
-116.60297766863408 36.76063024049064 48242.3
-116.60300241323252 36.76063029726591 48243.9
-116.60302716857991 36.7606303342917 48245.7
-116.60305194236447 36.76063033993385 48247.5
-116.60307672871164 36.760630309125695 48248.6
-116.60310151844271 36.760630242121415 48250.1
-116.60312630353904 36.760630142579615 48251.7
-116.60315108014632 36.76063002800967 48253.2
-116.6031758396323 36.760629916000255 48254.4
-116.60320058499968 36.760629824249705 48255.3
-116.60322531766025 36.76062977423384 48256.5
-116.60325003616074 36.7606297670654 48257.9
-116.6032747558074 36.760629796435126 48258.8
-116.60329949121224 36.76062984617684 48259.6
-116.60332426831404 36.76062989487352 48260.6
-116.60334910772184 36.76062992545582 48261.2
-116.60337401893815 36.76062992652429 48262.2
-116.60339900014156 36.76062989202386 48263.3
-116.60342406216276 36.76062982804002 48263.6
-116.60344918412568 36.760629763026415 48263.2
-116.6034743288549 36.7606297213249 48263.0
-116.60349943215428 36.76062971651936 48263.0
-116.60352431954888 36.76062975391673 48262.3
-116.60354879245068 36.76062980429251 48261.7
-116.60357259638585 36.7606298188524 48260.5
-116.6035953846536 36.760629720062006 48259.0
-116.60361653920783 36.760629349562805 48257.6
-116.60371114889996 36.76054282058568 48260.6
-116.60370853313628 36.760527652276814 48266.2
-116.6037055726906 36.76051152770096 48268.1
-116.60370253742036 36.76049440402639 48265.8
-116.60369965744428 36.760476598235165 48263.2
-116.6036970183717 36.76045828768798 48264.2
-116.60369462695972 36.76043972493162 48265.0
-116.60356260309516 36.76031553602025 48261.2
-116.6035433224839 36.76031772666994 48250.8
-116.6035228382734 36.76032002811981 48250.8
-116.60350115344384 36.7603222828658 48249.5
-116.60347819515928 36.76032433565694 48247.2
-116.60345434691008 36.76032613801947 48245.1
-116.60342976012925 36.76032770541203 48244.0
-116.60340465297558 36.7603290896295 48243.9
-116.60337931312232 36.7603303540147 48243.5
-116.6033540811938 36.76033158450992 48242.0
-116.60332917948983 36.76033281897287 48240.1
-116.60330479485118 36.7603340695447 48238.1
-116.60328114697208 36.76033532450286 48236.4
-116.60325818550596 36.760336542911816 48234.7
-116.60323589646232 36.7603376796932 48232.2
-116.6032142048547 36.760338698000886 48230.1
-116.60319307327458 36.76033954193394 48228.1
-116.60317230825729 36.76034019592845 48226.2
-116.60315172301972 36.7603406408075 48224.6
-116.60313112839177 36.760340870642814 48222.2
-116.60311034079773 36.76034086477935 48219.7
-116.60308927746073 36.76034068036106 48218.5
-116.60306778851589 36.76034036831084 48218.3
-116.60304577807148 36.76033997799955 48218.1
-116.60302309459078 36.76033953949741 48217.4
-116.60299981633273 36.76033907353968 48217.0
-116.60297599887636 36.76033858656325 48216.9
-116.60295173837272 36.7603380992007 48217.3
-116.60292709781804 36.7603376464759 48218.3
-116.60290222736504 36.76033724499875 48219.0
-116.60287722140208 36.7603369034272 48219.2
-116.60285215966276 36.76033662607944 48219.5
-116.6028271071328 36.760336424742015 48220.2
-116.60280210873388 36.760336295275664 48221.3
-116.602777217522 36.760336245505655 48222.9
-116.60275247407392 36.76033628444274 48224.6
-116.60272791660334 36.76033642962238 48226.0
-116.6027035014854 36.76033665730903 48227.0
-116.60267922603089 36.760336938486574 48228.4
-116.60265505731095 36.76033723686352 48230.0
-116.60263094532152 36.76033750885989 48231.2
-116.6026068261343 36.76033772482041 48231.7
-116.6025826400952 36.76033787226597 48231.5
-116.60255834565652 36.76033795371239 48232.6
-116.60253390789885 36.7603379738915 48234.4
-116.60250935300353 36.760337960096415 48236.1
-116.60248468908692 36.76033793231584 48237.2
-116.6024599457352 36.76033790974351 48237.5
-116.6024351566338 36.760337925955135 48238.2
-116.60241035023058 36.76033800416746 48239.1
-116.60238555661202 36.7603381575663 48239.1
-116.6023608037361 36.76033839007143 48238.8
-116.60233610276964 36.76033870339864 48238.2
-116.60231144386071 36.76033906712244 48236.7
-116.6022868429831 36.76033945724717 48234.9
-116.6022623028112 36.760339850187854 48233.8
-116.60223784463784 36.760340221869626 48233.0
-116.60221337994533 36.76034055798262 48232.2
-116.60218910441444 36.760340841815214 48231.0
-116.60216490896391 36.7603410677005 48229.6
-116.60214079806812 36.760341230102384 48228.9
-116.60211673630457 36.760341342700414 48228.6
-116.60209269590732 36.76034141257103 48229.8
-116.60206865794684 36.76034144835933 48232.2
-116.60204460663874 36.76034145373902 48233.7
-116.60202052189295 36.76034143577974 48233.8
-116.60199638795277 36.76034138894283 48233.7
-116.60197218460516 36.76034130555272 48233.4
-116.60194789151518 36.760341168737256 48232.2
-116.60192351323536 36.76034098341008 48231.5
-116.60189904307262 36.76034076251903 48231.9
-116.60187449488916 36.76034052573408 48232.7
-116.60184988953708 36.76034030750085 48234.0
-116.6018252555578 36.760340138121386 48235.0
-116.60180061212428 36.76034003200616 48236.1
-116.6017759825583 36.76033999177239 48235.9
-116.60175136841896 36.76034002292952 48235.3
-116.60172677642232 36.760340106299125 48235.0
-116.60170221593152 36.76034023316109 48233.6
-116.60167768633576 36.76034039295223 48233.0
-116.60165318017737 36.760340573551474 48232.6
-116.60162869249912 36.76034075593013 48231.8
-116.60160422599324 36.7603409266361 48230.1
-116.6015797795632 36.760341078389246 48228.2
-116.60155535500088 36.76034120760443 48227.1
-116.60153093825156 36.76034132540456 48227.0
-116.60150651173828 36.7603414478652 48226.5
-116.60148206017192 36.76034158967664 48225.1
-116.60145755524968 36.760341759295805 48223.8
-116.6014330046465 36.76034194673431 48223.3
-116.60140842185216 36.760342145171904 48223.7
-116.60138381906756 36.760342348953166 48224.4
-116.60135920249364 36.76034256010112 48226.2
-116.60133457101836 36.76034278092117 48227.3
-116.60130991987153 36.760343010543146 48227.6
-116.60128524269857 36.760343248937374 48228.1
-116.6012605259627 36.7603434983108 48228.8
-116.60123577383214 36.76034376370349 48230.8
-116.60121098792976 36.76034405265555 48233.5
-116.6011861757558 36.76034437009782 48235.3
-116.60116132854051 36.76034472484522 48237.3
-116.60113645489136 36.7603451076794 48239.4
-116.60111157063824 36.7603455090764 48242.1
-116.60108669248082 36.76034591711257 48244.8
-116.60106184052864 36.760346314474745 48247.4
-116.60103702396344 36.76034669017329 48250.7
-116.601012244197 36.76034703346725 48254.0
-116.60098748764383 36.760347331330976 48256.4
-116.60096276599089 36.7603475602023 48258.2
-116.60093807669324 36.76034772691731 48260.0
-116.60091341227044 36.76034783835822 48262.8
-116.6008887714396 36.76034790428263 48265.5
-116.60086417225986 36.76034793373249 48268.3
-116.6008396143624 36.760347953402565 48271.1
-116.60081509623384 36.7603479863314 48274.4
-116.60079061975142 36.76034805171936 48276.4
-116.60076616571024 36.760348167821846 48277.9
-116.60074171235844 36.76034832505872 48280.2
-116.60071725159251 36.76034850291135 48282.1
-116.60069277021388 36.76034867654093 48283.5
-116.60066826785088 36.76034881962167 48284.5
-116.60064374724573 36.76034892642184 48285.5
-116.60061919634012 36.76034900062282 48286.4
-116.60059459885784 36.7603490479445 48286.9
-116.60056993553036 36.76034906422954 48287.0
-116.60054520643772 36.76034905246111 48286.4
-116.60052041070988 36.7603490116736 48286.0
-116.60049555283902 36.76034894092773 48286.1
-116.60047064665626 36.76034883658975 48285.5
-116.60044571445164 36.760348709628175 48283.5
-116.60042076664656 36.7603485697388 48281.7
-116.60039582717012 36.760348430765454 48279.7
-116.6003709218124 36.760348306915965 48278.1
-116.60034606014636 36.76034820402636 48275.8
-116.60032125245432 36.76034812497145 48273.9
-116.60029650736102 36.76034807338662 48271.5
-116.60027182309132 36.76034805743793 48268.7
-116.600247178474 36.76034806805722 48266.3
-116.60022256167098 36.760348097190686 48263.9
-116.60019795618318 36.76034813260935 48261.5
-116.60017334623782 36.76034816276984 48259.1
-116.60014871973866 36.760348176588046 48256.5
-116.60012406547108 36.76034816626491 48254.3
-116.6000993753016 36.76034812625264 48252.1
-116.6000746541795 36.760348054216 48250.5
-116.6000499106328 36.760347964790576 48248.8
-116.6000251462354 36.76034787348944 48246.7
-116.6000003708034 36.76034779206131 48244.4
-116.59997558879265 36.76034773414511 48241.7
-116.59995080478022 36.760347703002594 48239.4
-116.5999260237288 36.76034769792138 48237.3
-116.59990125194656 36.76034771906229 48235.8
-116.5998764895145 36.76034777217865 48235.1
-116.5998517409541 36.760347848015954 48234.8
-116.599827015741 36.76034794098221 48234.7
-116.5998023176397 36.76034804752828 48235.0
-116.59977765383483 36.76034816917821 48236.0
-116.59975302412197 36.76034830538393 48237.4
-116.59972843009476 36.76034845906158 48238.7
-116.5997038714534 36.76034862924728 48240.2
-116.59967934714732 36.76034880958036 48241.6
-116.5996548498564 36.76034898581037 48242.7
-116.59963037575724 36.76034914390809 48244.5
-116.59960591336856 36.760349269465394 48246.3
-116.59958147068588 36.760349345924325 48248.0
-116.59955704620695 36.76034937763005 48249.5
-116.5995326310158 36.76034936576074 48251.2
-116.59950821551124 36.76034931530799 48252.4
-116.59948379895545 36.76034924480942 48252.8
-116.59945936778551 36.76034918571468 48253.6
-116.59943490799314 36.760349162760896 48254.9
-116.5994104161458 36.760349197819984 48255.4
-116.59938585196956 36.76034930924505 48255.9
-116.59936121044524 36.76034947325598 48256.2
-116.59933650009953 36.76034966284393 48255.5
-116.599311724484 36.760349851774336 48254.9
-116.59928689026324 36.760350013801386 48253.7
-116.59926202606252 36.760350147847205 48252.0
-116.5992371477308 36.760350261337294 48250.7
-116.59921227506644 36.76035036470294 48249.4
-116.59918742833104 36.76035046730551 48247.5
-116.5991626100422 36.76035057211909 48245.2
-116.59913781726776 36.76035067661862 48242.4
-116.59911304691796 36.76035077721821 48239.6
-116.59908829645418 36.76035087148636 48236.7
-116.5990635561484 36.760350957192095 48233.6
-116.59903881784096 36.7603510318399 48231.3
-116.59901406836576 36.76035109353555 48229.1
-116.5989892913907 36.760351133192366 48226.3
-116.59896447184444 36.7603511495414 48224.1
-116.59893958878544 36.76035114157239 48222.4
-116.59891462759924 36.7603511153949 48220.3
-116.59888958473525 36.76035108141894 48217.9
-116.59886450165985 36.760351058902806 48216.1
-116.59883943719583 36.760351071061855 48214.7
-116.59881451015632 36.76035114762002 48213.6
-116.59878994657804 36.76035133544633 48212.8
-116.59876597513288 36.76035163338104 48211.5
-116.59874293710752 36.760352022390656 48210.9
-116.5987211910648 36.76035245089535 48211.9
-116.59860951908776 36.760257616695135 48213.0
-116.59861143074292 36.76024083204672 48212.4
-116.59861343401404 36.76022291567397 48214.8
-116.59861531040914 36.76020403911652 48215.7
-116.59861683035616 36.76018425612582 48216.1
-116.5986179278094 36.760163986145926 48215.8
-116.59861857066704 36.76014354507237 48215.2
-116.5986187767808 36.76012357445096 48213.6
-116.59861859361368 36.76010454630251 48210.4
-116.59861828606456 36.760086811082594 48206.8
-116.59873492275216 36.76000819193609 48200.1
-116.59875517731696 36.76000961321992 48198.5
-116.59877698455672 36.76001094641524 48198.5
-116.59880001935556 36.760012094832014 48197.8
-116.59882412155042 36.76001301718444 48195.5
-116.59884907314508 36.76001370874796 48193.0
-116.59887487250676 36.760014145641925 48191.4
-116.59890114818936 36.76001438180145 48190.0
-116.59892766652838 36.76001443026477 48188.6
-116.59895419192225 36.7600143079287 48187.5
-116.59898055856716 36.76001402240756 48186.9
-116.59900664315585 36.76001363316488 48187.7
-116.5990323886801 36.76001316863808 48188.3
-116.59905778765328 36.76001265682687 48188.7
-116.59908285151782 36.76001212171677 48190.3
-116.59910768894696 36.76001159233286 48193.0
-116.59913235609072 36.76001108544139 48196.0
-116.59915691637312 36.76001061140869 48198.8
-116.59918139573944 36.76001018054368 48201.8
-116.59920584025906 36.76000977682874 48204.9
-116.59923026570183 36.76000939174028 48207.9
-116.59925467539892 36.76000901456091 48211.7
-116.59927907077744 36.760008628494376 48215.8
-116.599303455918 36.760008224326256 48219.6
-116.59932782259092 36.76000779783041 48223.3
-116.59935215405235 36.760007348608994 48226.8
-116.59937644569544 36.7600068774094 48230.4
-116.59940070759112 36.76000639739729 48233.8
-116.59942495181905 36.760005918658095 48237.3
-116.59944919772867 36.76000545034994 48240.7
-116.59947345010812 36.76000501084944 48243.5
-116.59949771175552 36.760004605122205 48246.6
-116.59952197599443 36.76000423687894 48248.7
-116.5995462351422 36.76000391078964 48250.3
-116.59957044528498 36.76000363306941 48251.7
-116.59959460467638 36.7600033800621 48252.2
-116.59961871478131 36.760003125781175 48252.9
-116.5996427782506 36.760002841409325 48254.0
-116.59966684049256 36.76000249211001 48254.4
-116.59969092314871 36.76000207815966 48253.8
-116.59971503469868 36.760001607060325 48252.7
-116.59973916965944 36.7600010967446 48251.2
-116.59976332470914 36.76000057052602 48249.6
-116.59978746807283 36.760000061782144 48247.9
-116.59981157790156 36.75999959977853 48245.1
-116.59983565701648 36.75999920460438 48242.5
-116.59985966034382 36.75999889590128 48240.2
-116.59988360923889 36.75999865194592 48237.8
-116.59990751671708 36.75999845372007 48235.3
-116.59993140196032 36.75999827398686 48233.0
-116.59995529991583 36.75999808729157 48231.2
-116.5999792437428 36.75999788917631 48229.1
-116.60000325274972 36.75999768980783 48226.6
-116.60002733884257 36.75999750255431 48224.9
-116.60005149577276 36.75999734013117 48223.3
-116.60007569997256 36.75999720330549 48221.8
-116.60009993600912 36.759997091080976 48220.9
-116.60012419183164 36.75999699884432 48220.1
-116.60014844482704 36.75999692500813 48219.3
-116.60017269446406 36.75999685577316 48218.7
-116.60019694688052 36.75999678229445 48218.6
-116.6002212042392 36.75999670066045 48218.9
-116.60024546402931 36.75999661455607 48218.5
-116.6002697119936 36.75999652691187 48218.0
-116.60029393653215 36.75999643236116 48217.7
-116.60031812146806 36.75999632270574 48217.1
-116.60034226676696 36.75999618555459 48216.8
-116.60036639365585 36.759996024961296 48216.8
-116.60039053137524 36.75999585010339 48216.6
-116.60041472647109 36.7599956743993 48216.5
-116.60043903191789 36.75999552605788 48215.6
-116.60046345207158 36.7599954229285 48214.3
-116.60048797858002 36.759995370053055 48213.3
-116.60051258888646 36.75999535860325 48212.9
-116.60053723339288 36.75999537520005 48212.3
-116.60056187389014 36.75999539540573 48211.8
-116.60058649453752 36.759995404893246 48212.2
-116.60061108981054 36.759995396317045 48212.1
-116.6006356677836 36.75999537067419 48211.3
-116.60066022555814 36.75999533821214 48211.0
-116.6006847497163 36.75999529971532 48210.7
-116.6007092188919 36.75999524994072 48210.9
-116.60073361570892 36.7599951865497 48210.7
-116.60075795484424 36.75999512026973 48210.8
-116.60078225892148 36.759995057204 48211.1
-116.60080655882912 36.75999499985021 48211.3
-116.60083088873824 36.75999494583546 48211.6
-116.60085527064363 36.759994889223385 48211.5
-116.60087971677092 36.75999482594075 48211.3
-116.60090422025444 36.75999475164328 48211.2
-116.60092877914164 36.75999465583456 48211.3
-116.60095337151476 36.759994535056 48211.6
-116.60097799088956 36.759994385852856 48212.0
-116.60100263105464 36.75999421306887 48212.0
-116.60102729854157 36.75999401928183 48211.9
-116.60105198063684 36.75999381043293 48212.3
-116.60107665600567 36.75999359207158 48212.3
-116.6011012924628 36.759993369087816 48212.9
-116.60112584730564 36.75999314781264 48213.3
-116.60115030786956 36.75999293190278 48214.1
-116.60117466933276 36.75999272435258 48215.5
-116.60119894508892 36.75999253312752 48216.5
-116.60122313067023 36.75999237280245 48217.5
-116.60124726132176 36.7599922444396 48218.1
-116.6012713529994 36.759992149048166 48218.6
-116.6012954182122 36.75999208962516 48218.9
-116.6013194285648 36.7599920722513 48218.8
-116.60134338897772 36.75999208222759 48218.6
-116.60136729741286 36.759992105686734 48218.7
-116.60139114806098 36.75999212723312 48218.6
-116.60141494766523 36.759992127782695 48218.3
-116.6014387228826 36.75999210217961 48218.4
-116.601462487764 36.75999205219158 48218.3
-116.60148625094337 36.75999198458564 48218.1
-116.60151003096988 36.75999190930836 48217.9
-116.60153383776748 36.759991839392725 48217.3
-116.6015576807723 36.759991785036206 48216.8
-116.60158156681253 36.75999175390521 48216.4
-116.60160547893092 36.75999175394331 48215.7
-116.60162940247211 36.759991775862574 48215.5
-116.6016533337054 36.75999180843136 48216.4
-116.60167727409988 36.75999184115173 48217.5
-116.60170123075012 36.75999187029073 48218.2
-116.60172519165955 36.75999189837588 48217.6
-116.60174913968036 36.75999192106524 48216.9
-116.60177304902771 36.75999192558456 48217.0
-116.60179691233311 36.75999188362506 48217.2
-116.60182074788996 36.75999178850356 48217.9
-116.6018445885231 36.7599916418361 48218.7
-116.60186847416726 36.7599914570855 48219.2
-116.6018924720872 36.75999125107296 48219.0
-116.60191658487366 36.759991047970885 48218.2
-116.60194080986273 36.75999086364628 48217.5
-116.60196514501176 36.75999070925991 48217.4
-116.6019895626002 36.75999060432673 48216.7
-116.60201401655624 36.75999054857246 48215.8
-116.60203847341772 36.75999054056009 48215.4
-116.6020629066779 36.75999057462092 48215.5
-116.60208726313763 36.759990645572245 48215.1
-116.60211154728532 36.75999073347759 48214.3
-116.60213577348183 36.75999082860999 48214.3
-116.60215997039955 36.75999092026738 48215.1
-116.6021841882054 36.7599909982611 48215.2
-116.60220846273604 36.759991060517024 48215.4
-116.60223281721667 36.75999110953958 48215.8
-116.60225726537683 36.75999115073235 48215.9
-116.60228183678608 36.759991190981154 48216.0
-116.60230662423317 36.75999123624125 48216.2
-116.60233143566887 36.75999128755006 48216.5
-116.60235636121205 36.75999134137865 48216.9
-116.60238139617331 36.759991389359335 48216.5
-116.60240649018412 36.75999142193976 48216.3
-116.60243160915266 36.75999142778432 48216.4
-116.60245670561832 36.759991394396415 48216.6
-116.60248178374631 36.759991288149074 48216.9
-116.60250681672544 36.75999110861681 48216.7
-116.60253179095066 36.759990860802304 48216.0
-116.60255668695272 36.759990559102256 48215.3
-116.6025815079122 36.75999021291773 48214.8
-116.60260625373164 36.75998984302516 48214.1
-116.60263093044192 36.75998946371688 48213.5
-116.60265555586648 36.75998909430863 48212.2
-116.60268011383376 36.759988767592354 48210.3
-116.60270462309904 36.759988482799535 48209.5
-116.60272908513346 36.75998822950218 48209.0
-116.60275349235567 36.75998799249065 48207.9
-116.60277780915528 36.759987758654646 48206.6
-116.60280202359591 36.759987529841766 48205.6
-116.60282612675132 36.75998732530239 48204.4
-116.60285015079614 36.75998717169843 48203.2
-116.60287407877608 36.75998710951893 48201.6
-116.602897987817 36.75998713071579 48200.6
-116.60292192532226 36.75998722362798 48200.5
-116.6029459346318 36.759987364417455 48199.6
-116.60297003679668 36.759987527822496 48198.4
-116.602994215456 36.75998768641016 48197.0
-116.60301843915748 36.75998782644301 48195.4
-116.6030426586975 36.75998793944795 48194.3
-116.60306685062292 36.75998801423128 48193.4
-116.6030909910775 36.75998805914186 48192.3
-116.60311508104088 36.75998807711257 48191.4
-116.60313912838748 36.75998807419776 48190.8
-116.6031631411628 36.75998806368638 48189.1
-116.60318711334403 36.75998805868847 48187.2
-116.6032110307467 36.75998806406234 48185.9
-116.6032348885185 36.75998807987264 48185.5
-116.60325867747255 36.75998810781688 48185.6
-116.60328242096544 36.759988142208975 48185.0
-116.6033061272596 36.75998817702702 48184.7
-116.60332979547913 36.75998820188171 48185.3
-116.60335344191368 36.75998819833104 48186.2
-116.6033770815168 36.75998816833581 48186.6
-116.60340072410972 36.75998812071531 48187.7
-116.60342437088326 36.75998806984517 48188.7
-116.603447988037 36.75998803249004 48189.1
-116.60347153582326 36.75998802065698 48189.7
-116.60349495312012 36.759988043407446 48191.1
-116.60351815472596 36.75998810284177 48193.1
-116.60354089257996 36.75998818322257 48194.8
-116.60356299751514 36.759988223211565 48194.6
-116.60358420019216 36.75998812689535 48193.4
-116.60354411899496 36.75967874184831 48200.3
-116.6035252498308 36.75968103598274 48194.1
-116.6035051774242 36.75968340483603 48189.2
-116.60348398204196 36.75968571117878 48187.2
-116.60346170083488 36.75968788326208 48185.7
-116.603438228489 36.75968987118043 48184.2
-116.6034140116724 36.75969167721404 48182.7
-116.60338919304289 36.75969333172503 48181.3
-116.60336398963528 36.75969486192153 48179.6
-116.60333860535412 36.75969628799665 48178.0
-116.60331333097844 36.75969764216941 48176.6
-116.60328832537851 36.7596989437352 48175.4
-116.60326373878344 36.759700193291245 48174.8
-116.6032397490922 36.759701362988125 48174.4
-116.60321636193773 36.759702434562605 48174.1
-116.6031935436642 36.75970338929446 48174.2
-116.60317124252984 36.75970420913934 48174.9
-116.60314937965632 36.75970486283317 48175.9
-116.60312785028567 36.75970535954824 48176.7
-116.60310647192456 36.75970571193248 48177.5
-116.60308510202532 36.759705930852014 48178.4
-116.60306353812304 36.75970602099645 48179.7
-116.60304173047024 36.75970602012626 48181.0
-116.60301956647342 36.75970595721099 48182.2
-116.60299700051752 36.75970585519324 48184.1
-116.60297395416949 36.75970573280655 48186.2
-116.60295050067728 36.759705606490186 48188.2
-116.60292668016668 36.75970548606163 48190.3
-116.60290254028068 36.75970538664285 48192.6
-116.60287812296632 36.75970532785973 48194.3
-116.60285351903374 36.759705317577634 48196.1
-116.60282882050998 36.75970535454104 48198.3
-116.60280410462116 36.759705434152174 48200.5
-116.6027794652472 36.75970555442792 48202.6
-116.60275493686468 36.75970570336722 48204.8
-116.60273055983532 36.75970587168316 48206.8
-116.60270634070191 36.75970604789681 48208.5
-116.60268227814876 36.75970621630247 48210.1
-116.60265832195728 36.759706363976605 48211.4
-116.60263442193596 36.75970648684686 48212.8
-116.60261053438413 36.759706585280085 48213.9
-116.6025866040744 36.75970665473229 48214.2
-116.60256262160108 36.75970669454167 48214.4
-116.60253857424166 36.75970670548261 48214.6
-116.60251446905168 36.75970668873603 48214.8
-116.60249030452503 36.75970664318073 48215.0
-116.60246610851055 36.75970657606387 48215.2
-116.60244187705425 36.75970649362857 48215.5
-116.60241761389268 36.75970640042264 48216.3
-116.6023933314052 36.75970630408505 48217.2
-116.6023690520154 36.75970621468896 48217.6
-116.60234479290764 36.75970614244716 48217.6
-116.60232056828376 36.759706097889485 48217.5
-116.60229640292135 36.75970610171857 48217.6
-116.60227225717416 36.75970615641932 48218.1
-116.60224813161136 36.75970625779125 48219.0
-116.60222401543083 36.75970639823899 48219.9
-116.60219989970156 36.75970656766896 48220.6
-116.60217575836316 36.75970674820047 48221.0
-116.60215158245371 36.75970692693552 48221.2
-116.60212736217046 36.75970709407076 48221.8
-116.60210308062148 36.75970724075546 48223.7
-116.6020787561146 36.75970736945182 48225.3
-116.60205438411468 36.7597074883415 48226.8
-116.60202995563148 36.75970760207901 48228.5
-116.60200544520076 36.75970770539837 48230.3
-116.60198086033556 36.75970778567979 48232.7
-116.60195619851405 36.759707833410296 48234.2
-116.60193145775337 36.75970784349248 48235.3
-116.60190662261944 36.759707814212085 48237.6
-116.60188173084973 36.75970775747545 48240.2
-116.60185679275855 36.75970768546141 48243.1
-116.601831834876 36.7597076153942 48245.7
-116.60180690803256 36.75970757579592 48247.5
-116.60178193679988 36.7597075924711 48248.9
-116.60175726198516 36.75970767735768 48249.4
-116.60173251047829 36.759707831464446 48249.5
-116.60170799500835 36.759708044731134 48250.3
-116.60168355216166 36.75970827893116 48250.4
-116.6016591507407 36.75970849986373 48249.4
-116.60163474414956 36.75970867944567 48248.2
-116.60161027124222 36.75970878662598 48248.4
-116.60158573863328 36.759708819080686 48248.3
-116.6015611326586 36.759708783693526 48247.1
-116.60153646658244 36.759708696669286 48245.5
-116.6015117570016 36.75970857511761 48244.4
-116.60148703796612 36.75970844489983 48243.6
-116.60146231677436 36.75970832292517 48241.8
-116.60143760273128 36.75970821911246 48238.3
-116.60141291174642 36.75970814149772 48235.7
-116.60138823812912 36.75970808599063 48234.1
-116.60136357990436 36.75970804873312 48231.8
-116.6013389316249 36.75970802100432 48231.1
-116.6013142937967 36.75970800049539 48230.1
-116.60128966065612 36.7597079933628 48228.8
-116.6012650266366 36.75970800640396 48227.7
-116.60124038599557 36.75970804161466 48225.7
-116.60121573396432 36.75970810333384 48222.9
-116.601191058693 36.759708184272185 48220.7
-116.6011663674686 36.759708276421925 48219.7
-116.60114167064684 36.759708373688525 48218.5
-116.60111698106128 36.75970847634222 48217.0
-116.60109230642496 36.7597085859812 48215.6
-116.60106765431011 36.759708707600005 48214.5
-116.60104302931224 36.75970884476894 48214.2
-116.60101842494356 36.75970898869716 48214.3
-116.60099382746829 36.759709120406775 48213.7
-116.60096922912795 36.75970922851703 48213.3
-116.60094461830448 36.75970931014511 48212.2
-116.60091998329656 36.759709368219376 48211.7
-116.60089532920702 36.759709416198525 48210.5
-116.60087065347668 36.75970946516998 48208.5
-116.60084595881436 36.759709524301286 48207.0
-116.60082125817809 36.75970960815539 48206.1
-116.60079656207868 36.75970971972145 48204.8
-116.60077189240664 36.759709854190085 48202.6
-116.60074726175247 36.75971000326346 48201.4
-116.6007226865394 36.75971016373935 48200.9
-116.60069815260276 36.7597103344107 48199.9
-116.60067364412998 36.75971051712983 48197.7
-116.60064913559394 36.75971071229441 48195.9
-116.60062459651137 36.75971092153889 48195.6
-116.6006000039954 36.75971114151849 48195.1
-116.60057535582747 36.75971136505804 48193.6
-116.60055066003292 36.75971158485486 48192.3
-116.60052592895744 36.75971178998647 48192.0
-116.60050119123687 36.75971198008929 48192.4
-116.6004764525856 36.75971216626622 48192.6
-116.60045171820173 36.75971236250209 48193.4
-116.60042699286116 36.759712580909046 48194.6
-116.6004022679994 36.75971281187944 48196.5
-116.60037754290478 36.75971303126557 48197.8
-116.6003528054302 36.759713206971774 48198.7
-116.60032803917072 36.7597132963207 48200.2
-116.60030328464212 36.75971328854076 48202.6
-116.60027853407598 36.759713187069536 48204.4
-116.60025379444174 36.75971300587126 48206.4
-116.6002290833268 36.75971276702316 48209.0
-116.60020442512436 36.75971251300045 48210.4
-116.60017981780992 36.75971227804349 48211.9
-116.60015527129536 36.75971208979958 48214.7
-116.60013080843784 36.75971197299239 48218.0
-116.60010639431852 36.75971192348514 48220.7
-116.60008203040236 36.75971193808033 48222.9
-116.60005770079783 36.75971201328984 48225.5
-116.6000333795236 36.75971215024899 48228.0
-116.6000090235882 36.75971232942612 48230.7
-116.5999846397596 36.759712537420064 48234.5
-116.59996023087108 36.75971276477638 48239.0
-116.59993580902773 36.75971300004924 48243.1
-116.59991140038396 36.75971322643928 48246.7
-116.59988703373428 36.75971343136778 48250.8
-116.5998627288033 36.75971360984661 48256.3
-116.59983850068272 36.75971375646216 48261.6
-116.59981432977976 36.75971387788604 48265.2
-116.59979017296112 36.759713975996426 48269.4
-116.59976598055934 36.759714044711565 48273.1
-116.59974169132998 36.75971407620582 48276.0
-116.59971728904848 36.75971408036327 48279.8
-116.5996927417872 36.759714065765024 48282.9
-116.59966803747923 36.75971404663181 48284.8
-116.59964316908004 36.7597140502817 48286.8
-116.59961817159656 36.759714100193946 48288.6
-116.59959308822908 36.75971421027696 48290.4
-116.59956796268902 36.759714384909735 48291.3
-116.59954284334988 36.759714625002026 48290.9
-116.59951775297048 36.75971489936066 48289.5
-116.59949273541116 36.75971517907189 48288.0
-116.59946780984248 36.75971544349429 48285.9
-116.59944299350244 36.75971566795437 48282.3
-116.5994182816024 36.759715842452486 48278.4
-116.59939365271453 36.75971596590034 48273.9
-116.59936908851392 36.759716042088776 48268.5
-116.59934456764633 36.75971606844316 48262.6
-116.59932007591514 36.75971605661201 48256.6
-116.59929558207364 36.75971602311073 48250.1
-116.59927107205785 36.75971598327903 48243.4
-116.59924653443716 36.759715951025406 48235.3
-116.59922196512768 36.759715933123736 48227.6
-116.59919737029584 36.7597159325464 48222.1
-116.59917275588744 36.7597159503293 48215.4
-116.59914813014436 36.75971598838935 48209.3
-116.59912350016457 36.759716047899545 48203.8
-116.5990988733996 36.759716131981904 48198.5
-116.59907424851384 36.759716240359936 48193.8
-116.59904961768308 36.759716378241365 48189.8
-116.59902495310985 36.75971654271686 48186.9
-116.5990002441259 36.75971672483141 48184.7
-116.5989754753438 36.75971690874088 48182.8
-116.5989506149104 36.759717071541175 48181.7
-116.59892567285873 36.75971720086205 48181.3
-116.59890064486363 36.75971729736746 48182.3
-116.59887554207144 36.759717377472 48183.6
-116.59885040278938 36.75971746995023 48185.1
-116.59882530127416 36.75971760211407 48187.5
-116.5988003613508 36.75971779653341 48189.7
-116.59877576489028 36.75971806613431 48192.4
-116.59875189729004 36.75971840754348 48196.0
-116.59872900667214 36.75971876160292 48200.6
-116.59870743370448 36.75971904074528 48205.6
-116.5986874706404 36.759719122173415 48211.0
-116.5985999341977 36.75961738418626 48218.5
-116.59860212675592 36.759599950872925 48221.9
-116.5986041731149 36.75958140467852 48222.0
-116.5986058581742 36.75956193844054 48222.1
-116.59860694765528 36.7595417565834 48220.6
-116.59860743649163 36.75952116845742 48219.3
-116.59860735013764 36.75950064850565 48216.9
-116.59860679287723 36.75948063924994 48212.0
-116.59860593470378 36.75946178499524 48203.5
-116.59870598189994 36.75937188043673 48181.6
-116.59872535366664 36.759373500175926 48164.0
-116.59874606221676 36.75937511059469 48164.1
-116.59876810913612 36.7593765018074 48161.0
-116.59879138704348 36.75937759701701 48156.6
-116.59881545520577 36.759378354158 48151.3
-116.59884021427916 36.75937878667944 48145.7
-116.59886561243808 36.759378897008965 48140.6
-116.59889145516244 36.75937878289461 48136.8
-116.5989175548648 36.7593784945313 48134.7
-116.5989437665892 36.75937806730676 48133.9
-116.59896995744953 36.75937751348761 48133.1
-116.59899602941202 36.7593768731781 48132.2
-116.59902189236992 36.759376170599936 48133.1
-116.5990475037542 36.759375428870094 48136.0
-116.59907282519586 36.75937467761887 48140.1
-116.59909791037948 36.75937395342124 48143.0
-116.59912278266972 36.75937328311528 48145.9
-116.59914747021836 36.759372678760656 48151.1
-116.59917196195948 36.75937215204234 48157.4
-116.59919627318064 36.75937169205083 48163.2
-116.59922040148882 36.75937129906535 48168.6
-116.5992443264154 36.759370972265344 48174.8
-116.59926799159392 36.75937071237033 48180.7
-116.59929143178096 36.759370492265866 48186.3
-116.59931469809024 36.75937027950312 48193.0
-116.59933784880292 36.75937003782408 48200.2
-116.59936097340932 36.75936973403034 48206.8
-116.59938417214136 36.75936938033907 48212.2
-116.5994074872222 36.75936899769008 48217.7
-116.59943095363636 36.75936860986455 48223.0
-116.59945460575057 36.7593682448713 48228.5
-116.59947839424716 36.75936792343221 48232.7
-116.59950229848472 36.7593676557854 48236.7
-116.59952630130906 36.759367439094994 48240.9
-116.59955040266532 36.75936726483626 48245.3
-116.59957458611208 36.75936711414771 48249.0
-116.59959885842542 36.759366981721485 48251.9
-116.59962322278858 36.75936686746472 48254.2
-116.59964768481824 36.7593667759297 48256.7
-116.59967220171664 36.75936670156345 48259.5
-116.599696731549 36.759366634297855 48261.5
-116.59972121890767 36.759366561139096 48263.1
-116.59974559759412 36.7593664569628 48264.8
-116.59976986602815 36.75936630587528 48266.4
-116.59979402450548 36.75936610063488 48267.9
-116.59981808962836 36.75936584491184 48269.3
-116.59984209512504 36.759365544002485 48271.0
-116.59986609868112 36.75936522253666 48272.6
-116.59989012675292 36.7593649067286 48273.7
-116.59991421050889 36.75936462530463 48274.7
-116.59993837164816 36.75936441422333 48275.3
-116.59996258517717 36.75936428038015 48276.0
-116.59998685466526 36.75936421885026 48276.9
-116.60001117734316 36.75936421460856 48277.2
-116.60003554301714 36.7593642574592 48277.2
-116.6000599202612 36.75936432112465 48276.6
-116.60008430190392 36.75936438264879 48275.6
-116.60010867408973 36.75936442238074 48274.5
-116.60013302643311 36.75936441683815 48273.3
-116.60015736985967 36.75936436574883 48272.3
-116.60018169349584 36.75936428140911 48270.6
-116.6002059924784 36.75936418361576 48267.8
-116.60023025857151 36.75936410013775 48264.6
-116.60025448726265 36.75936405258989 48261.8
-116.60027868994364 36.75936405130843 48259.0
-116.60030289315334 36.759364094637846 48255.7
-116.60032713466764 36.75936417744026 48252.3
-116.60035144759404 36.759364277502605 48248.6
-116.6003758724825 36.75936437536475 48245.4
-116.600400427032 36.75936444906844 48242.1
-116.60042513621644 36.75936446822028 48238.2
-116.60044997734248 36.75936442455525 48234.6
-116.60047491091498 36.7593643175264 48230.9
-116.60049989281764 36.75936415917825 48227.1
-116.6005248846549 36.7593639687955 48223.2
-116.60054984969256 36.75936377516802 48219.9
-116.60057476051016 36.75936359806452 48217.0
-116.600599614847 36.75936345727392 48214.4
-116.60062440447288 36.7593633818774 48211.6
-116.60064913724472 36.759363368623845 48208.9
-116.6006738390128 36.75936340915654 48206.8
-116.60069852396806 36.75936349254163 48204.8
-116.6007231868024 36.759363603432085 48202.8
-116.60074783114062 36.75936371026201 48200.9
-116.60077246773724 36.7593637876148 48199.7
-116.6007971026158 36.75936381071048 48198.8
-116.6008217631034 36.75936373918223 48198.1
-116.60084649143256 36.759363565100855 48197.9
-116.60087128143871 36.759363290782176 48197.4
-116.60089612241758 36.759362931962855 48197.3
-116.60092101008358 36.75936251301972 48197.5
-116.6009459044187 36.759362083889776 48198.2
-116.60097075392572 36.759361675222266 48198.9
-116.60099552608612 36.759361307020406 48199.4
-116.60102017093156 36.759360998628416 48200.6
-116.60104468379636 36.75936074966285 48201.9
-116.60106908762168 36.75936055862427 48203.1
-116.60109341948504 36.75936041918876 48204.9
-116.60111772291424 36.75936032805573 48206.9
-116.60114205422865 36.75936026167574 48208.0
-116.60116646750272 36.75936019382789 48208.8
-116.60119099298248 36.759360096898 48210.4
-116.60121565653613 36.75935993641846 48211.1
-116.60124042656356 36.75935970372057 48211.5
-116.60126524489544 36.75935939438351 48212.7
-116.60129005078596 36.759359011605255 48213.0
-116.60131478460352 36.75935855809109 48212.7
-116.60133942243624 36.75935806284674 48213.3
-116.60136392603688 36.75935755408404 48213.6
-116.60138828253989 36.75935706955271 48213.4
-116.60141246507436 36.75935664957071 48213.6
-116.60143650164888 36.759356294423135 48214.2
-116.60146042446208 36.75935599728678 48215.0
-116.60148425003176 36.75935574514157 48215.2
-116.6015079633876 36.75935551772493 48214.5
-116.60153157383267 36.759355280766925 48214.2
-116.60155507263912 36.75935500456772 48214.2
-116.60157843242892 36.75935466877655 48214.2
-116.6016016084386 36.759354258420615 48213.5
-116.60162461695488 36.759353794051805 48213.1
-116.60164744839356 36.759353295589456 48212.7
-116.6016701285392 36.75935278595508 48211.8
-116.60169269293056 36.75935229821568 48210.6
-116.601715196794 36.75935185641316 48209.9
-116.60173768327084 36.75935147331926 48208.9
-116.60176018669706 36.75935114407432 48207.8
-116.60178273117477 36.75935085837576 48207.0
-116.60180531829305 36.75935059509138 48206.1
-116.6018279521802 36.759350345396 48204.9
-116.60185062507406 36.75935010282259 48203.4
-116.60187332039092 36.75934986294708 48201.6
-116.60189601150792 36.759349617871 48199.9
-116.60191867586356 36.75934936859787 48198.2
-116.60194128344342 36.759349117054334 48197.5
-116.60196377858728 36.75934886348376 48197.4
-116.6019861119008 36.75934860603118 48197.4
-116.60200820965568 36.759348332982654 48197.6
-116.60202998918926 36.75934803393334 48197.6
-116.60205133142456 36.759347701680845 48197.9
-116.60207228392412 36.75934734371933 48199.1
-116.60209287805864 36.75934697072724 48200.5
-116.60211320307856 36.75934660943292 48201.4
-116.6021333719444 36.75934631672779 48201.5
-116.60215353094034 36.75934612979941 48201.2
-116.60217382134816 36.75934607158464 48202.8
-116.6021943650074 36.759346150105074 48204.7
-116.60221527222204 36.75934636664343 48205.3
-116.6022365108862 36.759346662946655 48205.5
-116.60225809450968 36.75934699152099 48206.0
-116.60227999129708 36.75934730888716 48206.2
-116.60230220013416 36.75934757083133 48206.0
-116.60232464738944 36.75934776939303 48205.4
-116.60234727612011 36.75934790748703 48204.7
-116.6023700430026 36.759347995938086 48204.1
-116.60239292842348 36.75934804422868 48203.5
-116.60241588738712 36.75934807049075 48202.7
-116.60243889240876 36.75934808252176 48202.1
-116.60246193354484 36.75934808235208 48201.6
-116.6024850134063 36.759348069523774 48200.8
-116.60250812740304 36.759348049500176 48199.6
-116.60253127877276 36.75934802890408 48198.1
-116.60255448342336 36.75934801753923 48196.3
-116.602577769541 36.75934802909283 48195.1
-116.6026011340468 36.75934806440996 48194.0
-116.60262458634811 36.75934810914793 48192.1
-116.60264811901868 36.75934814067722 48189.5
-116.60267172988384 36.75934812578544 48187.7
-116.60269550427996 36.7593480607156 48186.4
-116.602719237302 36.75934796743408 48184.2
-116.602743024874 36.75934787696506 48180.5
-116.6027668646539 36.75934782773818 48177.0
-116.60279073704824 36.75934784030616 48174.6
-116.602814637675 36.759347926528086 48171.5
-116.60283856553096 36.75934808822257 48168.0
-116.60286249222143 36.75934832963706 48164.7
-116.60288640605032 36.75934863025963 48162.5
-116.60291031341184 36.75934897510357 48161.0
-116.60293421988868 36.759349349279375 48158.7
-116.602958127078 36.75934973366102 48155.6
-116.60298206009436 36.759350095755806 48153.0
-116.60300604581572 36.759350403114965 48151.6
-116.60303009392868 36.75935062497312 48150.5
-116.60305425689192 36.75935072460889 48149.0
-116.60307851565716 36.75935071713067 48146.9
-116.60310282813984 36.75935061310866 48144.4
-116.60312713951429 36.75935042244527 48143.2
-116.60315141029976 36.75935013582148 48143.2
-116.60317560909 36.75934977161596 48143.1
-116.60319970973944 36.759349345540805 48143.0
-116.6032237120993 36.75934888532 48143.1
-116.60324761901812 36.75934842702089 48143.4
-116.60327145598691 36.75934799654421 48144.8
-116.60329523221796 36.75934760542374 48146.3
-116.60331895276256 36.75934725946091 48147.0
-116.60334259269344 36.75934697137031 48148.4
-116.60336616664 36.75934673180007 48151.6
-116.6033897035394 36.75934653569031 48155.6
-116.60341324345032 36.75934638111636 48160.2
-116.603436805875 36.759346283486494 48164.9
-116.60346037153089 36.7593462532756 48169.4
-116.60348388089602 36.759346304387904 48173.7
-116.60350722305432 36.75934644112101 48178.3
-116.60353007799854 36.75934665236552 48183.2
-116.60355218389374 36.75934686026956 48187.7
-116.60357321615156 36.75934695919927 48189.9
-116.60367622764296 36.75922449894876 48206.8
-116.6036735169434 36.759206978771466 48209.4
-116.60367087633496 36.75918888746087 48207.0
-116.60366840807288 36.759170474250496 48201.8
-116.60366612223211 36.75915206193992 48193.4
-116.60366393808653 36.75913418765484 48184.0
-116.60366164927954 36.75911718358315 48175.8
-116.60354967979433 36.75903430579433 48166.6
-116.60353174415827 36.75903614779832 48157.8
-116.60351233288776 36.75903833109949 48151.1
-116.60349174158428 36.75904057644737 48145.6
-116.6034700485344 36.75904274451416 48142.1
-116.60344729390552 36.759044763512 48138.5
-116.6034235484952 36.759046568227696 48136.3
-116.6033991435961 36.759048213879154 48134.8
-116.6033742544072 36.759049744142274 48131.1
-116.60334908033968 36.75905119303454 48125.7
-116.60332386500065 36.75905257665103 48122.3
-116.60329882685012 36.7590539064823 48122.4
-116.6032741069538 36.759055162605534 48122.7
-116.60324979296486 36.75905631870752 48122.9
-116.6032260360791 36.75905731864122 48125.2
-116.60320276888947 36.759058145459406 48127.6
-116.60317991474965 36.75905877852782 48128.9
-116.60315735262176 36.759059214666365 48130.9
-116.60313503560307 36.75905944577888 48134.0
-116.60311281248973 36.75905953595649 48138.1
-116.60309056771402 36.75905952544623 48143.0
-116.60306821708276 36.75905944937705 48148.3
-116.6030456649705 36.759059331700016 48152.7
-116.60302286768624 36.7590591911196 48155.8
-116.60299977345976 36.759059030239314 48159.1
-116.60297633882529 36.759058845231934 48163.5
-116.6029524927078 36.75905862935238 48167.7
-116.60292830182168 36.75905839968009 48171.6
-116.6029038082318 36.75905817242288 48176.7
-116.60287908398628 36.759057970369646 48180.9
-116.60285417701613 36.7590578315232 48183.7
-116.60282919385516 36.75905777380186 48186.5
-116.60280420996143 36.7590578135994 48189.1
-116.60277929853916 36.75905795302415 48192.1
-116.60275450647488 36.75905819622815 48194.1
-116.60272984488834 36.75905850531357 48195.2
-116.6027053307811 36.75905885395628 48195.6
-116.6026809593392 36.75905921886968 48195.8
-116.60265672971724 36.759059578391344 48196.0
-116.6026325984256 36.759059915162666 48196.2
-116.60260853524127 36.75906022149002 48196.4
-116.60258450929784 36.759060495892605 48195.5
-116.60256051159364 36.75906073865611 48194.8
-116.60253652779114 36.759060962437474 48195.0
-116.60251254825988 36.75906117607594 48195.7
-116.60248856737452 36.7590613881136 48196.5
-116.60246456881164 36.75906160875788 48196.6
-116.60244053768696 36.75906183952436 48197.2
-116.6024164616142 36.75906208076666 48197.6
-116.6023923278894 36.75906233098408 48197.7
-116.60236811813732 36.75906259301608 48197.7
-116.60234383647143 36.759062873827965 48197.7
-116.60231948361336 36.759063173329565 48197.8
-116.6022950679762 36.75906348772347 48198.5
-116.60227059120132 36.75906380895325 48199.1
-116.60224607782376 36.75906412802659 48198.8
-116.60222153936112 36.75906444586337 48199.1
-116.60219698718493 36.75906477113927 48199.5
-116.60217242530264 36.75906511371212 48199.7
-116.602147860338 36.75906546711226 48199.3
-116.60212330180887 36.759065822071896 48198.6
-116.6020987507416 36.75906617320473 48198.1
-116.60207420311076 36.759066514667296 48197.6
-116.60204965814636 36.759066843696594 48197.3
-116.60202511966364 36.759067154958245 48196.4
-116.60200058593524 36.759067441188655 48194.9
-116.60197606942516 36.75906769265614 48193.8
-116.60195157340505 36.75906791774016 48192.5
-116.601927090043 36.75906812617948 48191.5
-116.60190261038277 36.759068325515976 48190.7
-116.6018781315039 36.75906852667139 48190.1
-116.60185365091893 36.759068735834255 48189.5
-116.60182916700766 36.75906895311004 48188.9
-116.60180467441448 36.759069173943246 48188.3
-116.6017801717095 36.75906938680866 48187.6
-116.60175566522788 36.75906959053855 48187.2
-116.60173115139088 36.759069791386445 48187.0
-116.60170662339836 36.75906999728375 48186.7
-116.60168205712068 36.75907022238472 48187.1
-116.60165744085197 36.759070470876566 48188.5
-116.60163277380228 36.75907073853599 48189.9
-116.60160805485908 36.759071006096846 48190.5
-116.60158329240603 36.75907122929922 48190.4
-116.60155852634668 36.75907137932449 48190.4
-116.60153377656636 36.759071449741214 48191.1
-116.6015090527208 36.75907144981039 48192.2
-116.60148439520124 36.75907139692611 48192.9
-116.60145979948096 36.75907133090484 48194.2
-116.60143526308764 36.75907128106434 48196.1
-116.6014107863746 36.75907127466966 48197.3
-116.6013862358891 36.759071331683856 48198.0
-116.60136177433856 36.75907143611896 48199.2
-116.60133729365164 36.75907157479214 48200.5
-116.60131278252214 36.759071740213365 48201.6
-116.60128821677344 36.75907192787644 48202.9
-116.60126360737952 36.75907213102528 48204.5
-116.6012389672722 36.75907234703365 48206.0
-116.6012143089392 36.75907256982504 48206.9
-116.60118964405297 36.75907278801967 48207.0
-116.60116498443314 36.759072990245926 48208.3
-116.60114034134828 36.75907316739107 48209.7
-116.6011157253932 36.75907331729178 48210.1
-116.60109116980568 36.75907343702571 48209.5
-116.60106667310372 36.75907354310307 48210.3
-116.60104222902888 36.759073652512896 48211.6
-116.60101782645876 36.759073778510405 48211.9
-116.60099343023651 36.75907393242749 48209.7
-116.60096901311628 36.75907410984623 48206.5
-116.60094455772668 36.75907429385111 48203.4
-116.60092004801994 36.7590744613083 48199.9
-116.60089548792428 36.75907458826899 48196.9
-116.60087088485908 36.75907467830576 48195.1
-116.60084623234977 36.759074742054445 48194.6
-116.6008215196994 36.759074791955776 48193.1
-116.6007967279542 36.75907483313076 48190.5
-116.600771867513 36.75907486286233 48188.6
-116.60074694363918 36.75907487909661 48189.4
-116.60072197232856 36.759074884566296 48191.2
-116.6006969726496 36.75907489905234 48194.0
-116.60067196761914 36.75907494244388 48198.2
-116.6006469737799 36.75907502443154 48202.3
-116.60062200819098 36.75907514778434 48206.8
-116.60059706269443 36.759075315899295 48212.7
-116.60057213104488 36.75907551073588 48219.7
-116.60054721113586 36.75907571084505 48227.1
-116.60052230098212 36.759075893178014 48235.2
-116.60049742031876 36.75907603952112 48244.1
-116.6004725631134 36.7590761601576 48252.3
-116.6004477239032 36.75907626941369 48259.8
-116.600422902772 36.75907638390667 48267.1
-116.60039809608377 36.75907652395672 48274.7
-116.60037330791016 36.75907669442237 48282.5
-116.60034854363836 36.759076900016666 48290.1
-116.60032380896672 36.75907714257065 48295.5
-116.6002990918836 36.759077424826806 48300.3
-116.60027438628948 36.759077735994495 48304.6
-116.6002496813721 36.75907805537963 48308.4
-116.6002249554691 36.75907835403943 48310.9
-116.60020020969328 36.75907860677485 48313.3
-116.60017544058768 36.75907881613074 48315.7
-116.600150643804 36.759078987047104 48316.9
-116.6001258102506 36.75907912769304 48316.8
-116.60010094267211 36.75907924462759 48316.4
-116.60007604443324 36.75907935362872 48316.0
-116.6000511220874 36.759079459206674 48315.4
-116.60002617995352 36.759079556137344 48314.9
-116.60000123850796 36.7590796232849 48314.0
-116.59997631557708 36.759079649796256 48312.1
-116.59995142618484 36.75907963522162 48309.2
-116.5999265814432 36.75907959016516 48306.7
-116.59990180433977 36.75907952556173 48304.0
-116.59987708442075 36.759079456412096 48301.1
-116.59985241932031 36.75907939220692 48298.2
-116.59982781723436 36.75907934258208 48295.6
-116.59980327035468 36.75907933313393 48292.7
-116.5997787541226 36.75907937446451 48288.7
-116.59975425295724 36.759079474459966 48284.6
-116.59972976482652 36.75907963350956 48279.5
-116.5997052502914 36.759079847252096 48274.7
-116.59968072020632 36.759080084660205 48269.8
-116.5996561826322 36.759080332828326 48264.5
-116.59963163761658 36.75908058163 48258.5
-116.59960708774956 36.75908081207994 48252.1
-116.59958253297648 36.75908101266728 48245.3
-116.59955797349656 36.759081172129406 48238.5
-116.59953340204672 36.75908128170417 48232.2
-116.59950884991748 36.759081319679225 48225.2
-116.59948431906876 36.759081292256354 48217.9
-116.5994598079051 36.75908120537809 48211.2
-116.59943530574203 36.7590810693572 48204.8
-116.59941081668396 36.759080900618784 48198.1
-116.5993863107076 36.759080733397866 48191.3
-116.59936176457468 36.75908058891729 48185.1
-116.59933717019416 36.7590804759674 48178.2
-116.59931250408589 36.75908039860703 48170.8
-116.59928778853048 36.759080346660014 48164.0
-116.59926303282192 36.75908032001297 48157.6
-116.59923825312416 36.75908032036314 48151.8
-116.59921344841636 36.759080352524286 48146.8
-116.59918863896948 36.75908040933156 48141.7
-116.59916383269612 36.75908049445796 48136.4
-116.59913903332294 36.759080606775605 48132.0
-116.59911423486696 36.75908073953255 48127.5
-116.59908944323882 36.759080876133645 48123.7
-116.599064655268 36.75908100837346 48121.0
-116.5990398571512 36.759081136305895 48119.4
-116.5990150258677 36.75908126913991 48117.9
-116.59899014816293 36.759081411916185 48116.8
-116.5989652169246 36.75908156105106 48115.9
-116.59894022210048 36.759081708054936 48116.6
-116.59891515757856 36.75908183724077 48117.4
-116.59889003764756 36.75908193868095 48117.4
-116.59886486976272 36.75908200641746 48116.7
-116.59883967197788 36.75908204365624 48116.7
-116.59881451631068 36.75908206467367 48118.3
-116.59878951300712 36.75908210398567 48120.7
-116.59876483698363 36.759082187831936 48122.6
-116.59874075639112 36.75908233146864 48123.9
-116.59871776254532 36.7590825395484 48125.4
-116.5986961146682 36.75908275841273 48127.5
-116.59858567753012 36.75898793466005 48111.6
-116.59858763443924 36.758970949955774 48100.4
-116.59858972490916 36.75895260321232 48098.9
-116.59859168172004 36.75893322378444 48095.9
-116.59859332280818 36.75891303986673 48092.2
-116.59859452018132 36.75889241510068 48088.0
-116.59859512619408 36.75887164363014 48083.3
-116.5985952501703 36.75885127353964 48078.7
-116.5985949960736 36.758831784985766 48072.0
-116.5986926067605 36.75873230385881 48065.1
-116.59870973392232 36.75873325918618 48069.4
-116.59872755071322 36.75873419125644 48071.7
-116.59874593310984 36.75873498289422 48072.6
-116.59876472357352 36.758735558184206 48074.5
-116.59878407512198 36.758735840187136 48077.0
-116.59880385449976 36.75873589304718 48078.7
-116.59882402964872 36.758735767105534 48079.1
-116.59884459597528 36.75873551911288 48079.1
-116.59886569775692 36.758735204682345 48079.0
-116.59888727842396 36.75873488746696 48079.3
-116.5989093416306 36.75873458474192 48079.6
-116.5989318563922 36.75873429015461 48079.7
-116.59895480278496 36.75873397630375 48079.9
-116.598978015863 36.75873361936632 48079.8
-116.59900139323196 36.75873320532068 48080.6
-116.5990248374164 36.75873273329481 48081.7
-116.59904841235664 36.75873220008923 48082.7
-116.59907181680052 36.75873164248293 48083.8
-116.59909534220633 36.75873107806417 48085.1
-116.599119020548 36.75873052614428 48086.1
-116.59914268889705 36.75873001149387 48088.0
-116.59916645764376 36.758729528864045 48090.1
-116.59919033029264 36.758729073679454 48093.0
-116.5992143026334 36.758728638194405 48096.1
-116.59923835899748 36.758728221520464 48098.9
-116.5992624699257 36.75872781806505 48102.1
-116.59928661803204 36.7587274252794 48106.1
-116.59931079167151 36.75872704318192 48110.8
-116.59933496544008 36.75872668324909 48115.8
-116.5993591302388 36.75872635511049 48120.7
-116.59938327607784 36.75872607177529 48125.5
-116.59940739998729 36.75872583913419 48130.4
-116.59943144921588 36.75872565991944 48136.7
-116.59945543668344 36.75872550821024 48143.8
-116.59947935786252 36.75872536682884 48150.6
-116.5995032042249 36.75872522419478 48157.7
-116.59952695753076 36.75872507373419 48165.5
-116.59955062670956 36.75872491569167 48173.1
-116.59957422930532 36.7587247499532 48180.4
-116.59959778825365 36.7587245714021 48188.3
-116.59962136850872 36.75872436023062 48196.6
-116.59964501497888 36.75872410065172 48204.9
-116.5996687583913 36.75872377474931 48212.5
-116.59969258471357 36.7587233751804 48219.5
-116.59971653203245 36.75872289011298 48226.9
-116.59974053091923 36.75872235027782 48234.3
-116.59976455041244 36.758721780118144 48241.5
-116.59978856828884 36.75872120910881 48248.5
-116.5998125395865 36.75872067725732 48254.2
-116.59983645786372 36.75872020590327 48259.7
-116.59986032216216 36.758719802090894 48265.4
-116.59988415549844 36.758719457058525 48271.5
-116.59990795091832 36.758719162614334 48277.6
-116.59993175427336 36.75871889365806 48283.1
-116.59995557846293 36.75871864001834 48288.1
-116.5999794216952 36.758718394699386 48292.3
-116.60000325871874 36.758718158958615 48295.8
-116.600027057413 36.758717935178346 48298.9
-116.6000507970434 36.758717723719045 48301.6
-116.60007447143803 36.75871752228211 48304.5
-116.60009807692676 36.75871732697139 48308.5
-116.6001216399194 36.75871713800657 48310.1
-116.6001451632087 36.75871696646272 48310.0
-116.6001686500908 36.75871682264049 48310.0
-116.60019206612093 36.75871671087803 48310.1
-116.60021541646448 36.75871661300621 48310.5
-116.60023868954296 36.7587165158424 48310.1
-116.60026188053315 36.758716414535 48308.4
-116.60028498904964 36.75871631248647 48306.4
-116.60030803856512 36.75871621629532 48304.1
-116.60033103755924 36.7587161284883 48301.2
-116.60035399322564 36.7587160473464 48297.8
-116.6003768990728 36.758715970839454 48293.9
-116.60039976310236 36.758715892074406 48289.7
-116.6004225889406 36.75871580506291 48285.3
-116.60044538044656 36.75871571069559 48280.3
-116.60046813336004 36.75871561503703 48274.7
-116.60049084920982 36.75871551976916 48268.7
-116.60051351751731 36.7587154159752 48262.9
-116.60053612124436 36.75871529226114 48257.2
-116.6005586616188 36.75871513544303 48251.6
-116.60058114196303 36.75871495140254 48245.6
-116.60060356388736 36.75871474708708 48239.3
-116.60062592269628 36.75871453023182 48233.0
-116.60064820462104 36.75871430239954 48226.4
-116.6006704072335 36.75871405869796 48220.0
-116.60069251195668 36.75871379015298 48214.8
-116.60071447001806 36.75871348829537 48209.9
-116.60073621425964 36.75871312881743 48203.5
-116.6007576838864 36.75871270345812 48197.2
-116.60077880613017 36.758712196092645 48192.2
-116.600799485926 36.75871159804051 48188.3
-116.60081968195492 36.75871089235791 48184.8
-116.60083943767415 36.758710122038806 48182.1
-116.6008587975852 36.75870932264625 48179.7
-116.60087785990352 36.75870854006168 48177.1
-116.6008966555488 36.758707853143285 48174.6
-116.60091533447104 36.75870730539588 48172.8
-116.60093398046362 36.75870693652515 48171.2
-116.60095274906814 36.75870676658488 48169.6
-116.60097160059432 36.758706843702846 48168.9
-116.60099065747292 36.75870710666034 48168.9
-116.60100995961386 36.7587075174616 48168.5
-116.60102953494436 36.75870802677814 48167.4
-116.60104939227146 36.75870857771566 48166.2
-116.60106949748732 36.75870910532748 48165.7
-116.60108982927456 36.75870957217042 48165.8
-116.6011103288436 36.75870995410394 48165.7
-116.60113105694276 36.758710220496816 48165.7
-116.6011519190566 36.75871038933112 48165.9
-116.60117288951515 36.758710472176766 48166.4
-116.60119394938742 36.75871048812705 48167.1
-116.6012151528775 36.75871045884423 48167.7
-116.6012364767707 36.75871042174473 48168.1
-116.60125793096144 36.75871040048823 48168.9
-116.60127952970971 36.75871040850312 48169.9
-116.6013012727967 36.75871045204356 48171.3
-116.6013231337264 36.7587105165686 48172.9
-116.60134509731796 36.75871058854669 48174.7
-116.6013671488622 36.75871065567454 48176.9
-116.6013893024277 36.75871071023544 48179.0
-116.60141153154886 36.75871075673211 48180.7
-116.60143382222552 36.75871079887892 48182.8
-116.60145615943132 36.75871083448597 48185.4
-116.6014785481271 36.75871085446474 48187.9
-116.60150097535345 36.75871085401588 48190.0
-116.6015234409464 36.7587108316144 48192.6
-116.601545943569 36.75871079069744 48195.3
-116.60156849631632 36.75871074013346 48197.7
-116.60159109225212 36.75871069426758 48199.6
-116.60161373439142 36.7587106641756 48201.3
-116.60163642829744 36.75871065737432 48202.8
-116.60165916665112 36.75871067881194 48204.4
-116.60168196134912 36.758710714027856 48205.7
-116.60170482854085 36.758710753413126 48206.9
-116.6017277769326 36.75871079104151 48207.7
-116.60175082809782 36.75871082194647 48208.0
-116.60177395721522 36.758710849491685 48208.0
-116.60179714644528 36.7587108777063 48207.7
-116.60182038001416 36.75871091546096 48207.3
-116.60184363288522 36.758710968186094 48207.0
-116.60186689284218 36.7587110288271 48206.7
-116.60189015573016 36.758711091932895 48205.9
-116.6019134227966 36.758711152633126 48204.4
-116.60193671051472 36.7587112069287 48202.9
-116.60196003423864 36.758711259188495 48201.2
-116.60198341112942 36.75871131679829 48199.2
-116.60200685336488 36.758711384777705 48197.4
-116.6020303701409 36.75871145949819 48195.7
-116.60205394729812 36.758711529286096 48193.8
-116.60207757843716 36.75871158406772 48192.1
-116.60210125420848 36.75871161464388 48190.2
-116.60212499663844 36.758711612888725 48188.0
-116.60214878404044 36.758711583842974 48185.4
-116.60217260910278 36.75871152830988 48182.7
-116.60219646618336 36.75871144926163 48180.9
-116.60222036819792 36.75871135256737 48179.8
-116.60224430267756 36.75871125879127 48178.1
-116.60226827351684 36.758711184176185 48176.1
-116.60229229782486 36.758711138347934 48174.4
-116.60231637579297 36.758711129774966 48172.9
-116.6023405107198 36.75871115007729 48171.6
-116.60236469624422 36.75871119146753 48170.4
-116.60238891919616 36.75871124493604 48169.6
-116.60241315446324 36.75871130366263 48169.3
-116.6024373735996 36.75871136367689 48169.3
-116.60246155721164 36.75871142673516 48169.1
-116.60248569566888 36.75871149126738 48169.2
-116.60250977809687 36.75871155358789 48169.8
-116.602533814994 36.75871161054432 48170.5
-116.60255781659272 36.75871166208463 48171.2
-116.60258179824994 36.758711708812505 48172.0
-116.60260577997576 36.75871175566528 48173.1
-116.60262977676256 36.75871181259773 48174.5
-116.60265379481568 36.75871188732236 48175.6
-116.60267783858878 36.758711982375104 48176.4
-116.60270188856418 36.75871209874531 48177.4
-116.60272593629072 36.7587122208689 48178.1
-116.60274997525111 36.75871233270459 48178.9
-116.60277399678964 36.75871241810674 48179.9
-116.60279803830832 36.75871245403987 48180.9
-116.60282210888128 36.758712437550486 48181.5
-116.6028463175722 36.75871236748944 48181.5
-116.60287046895932 36.75871224909904 48181.3
-116.60289469643013 36.75871207727118 48181.0
-116.6029189734136 36.75871186501157 48179.9
-116.6029432904098 36.75871161718601 48178.4
-116.60296763110816 36.7587113395747 48176.9
-116.60299199765898 36.758711036660834 48175.2
-116.60301636436331 36.758710720622695 48173.2
-116.60304071600343 36.75871040135641 48170.8
-116.60306504535136 36.758710091968375 48167.9
-116.60308932158875 36.75870981215374 48165.0
-116.60311354499626 36.75870957255595 48162.2
-116.60313771446958 36.75870938393186 48159.1
-116.6031618581942 36.75870925492488 48155.7
-116.60318595412076 36.758709206403545 48152.5
-116.60321004857492 36.75870922769305 48149.6
-116.603234164326 36.75870931567762 48146.9
-116.60325833376533 36.758709462111575 48144.2
-116.60328256933865 36.75870965554272 48141.7
-116.6033068981437 36.75870986721769 48139.8
-116.603331337531 36.75871008147158 48138.2
-116.60335589682856 36.75871029065896 48136.5
-116.60338059818672 36.7587104941441 48135.2
-116.60340539063031 36.758710693149936 48133.9
-116.6034302138098 36.75871088023723 48132.5
-116.60345494215818 36.75871103769487 48132.5
-116.60347936261168 36.75871111549101 48133.3
-116.6035032182038 36.75871107954927 48134.0
-116.60352617944304 36.75871088772457 48133.3
-116.60355087398943 36.7587210207516 48132.7
-116.60353339112264 36.75872288062379 48148.6
-116.60351480745308 36.75872467937632 48148.1
-116.6034952269466 36.75872635638999 48146.7
-116.603474646869 36.75872788168327 48145.1
-116.6034530832346 36.75872920024974 48143.4
-116.6034305686993 36.75873036799128 48142.7
-116.60340708282828 36.758731414922416 48143.0
-116.60338264855 36.75873238010412 48143.5
-116.60335731368376 36.75873330768712 48144.2
-116.60333140556205 36.758734259462045 48145.3
-116.60330517367136 36.758735280428525 48146.8
-116.60327891980728 36.758736406103296 48148.2
-116.60325291612536 36.75873769324235 48150.8
-116.6032274220697 36.75873913752953 48153.9
-116.6032026198604 36.75874073924611 48157.2
-116.60317867543104 36.75874246574383 48160.5
-116.60315570934743 36.75874427478046 48163.5
-116.60313360208842 36.758746068087966 48165.9
-116.60311226076732 36.75874776979976 48168.0
-116.60309147955684 36.758749318372686 48170.8
-116.6030712096386 36.75875061112232 48173.1
-116.60305110588948 36.758751657352455 48175.4
-116.60303097050272 36.75875245257038 48178.7
-116.60301054817864 36.75875301787966 48182.3
-116.60298973197176 36.75875334530468 48185.8
-116.6029683858716 36.75875351597672 48189.0
-116.602946448721 36.75875356948463 48191.8
-116.60292389178376 36.75875355497304 48194.3
-116.6029006589146 36.75875352892771 48197.0
-116.60287690256628 36.75875355020057 48200.0
-116.60285271395684 36.7587536616854 48201.8
-116.60282823243108 36.758753892934 48202.7
-116.6028034617434 36.758754293481765 48203.5
-116.60277857023564 36.75875483757668 48203.6
-116.6027536271352 36.758755514828565 48203.2
-116.60272870991716 36.758756307068495 48202.2
-116.60270380666216 36.75875720988597 48201.3
-116.60267895664356 36.758758175064266 48199.9
-116.60265416418126 36.758759172173534 48197.7
-116.6026294175966 36.75876017276569 48195.5
-116.60260472561689 36.75876113771174 48193.9
-116.60258007805308 36.75876204891475 48192.5
-116.60255548274752 36.75876290310795 48191.0
-116.60253093848428 36.75876370946753 48189.7
-116.60250648897376 36.758764452106256 48189.1
-116.60248210700468 36.758765119680405 48189.0
-116.60245777723732 36.7587656969956 48188.7
-116.60243345646852 36.75876618199936 48188.2
-116.60240916847432 36.75876657153904 48188.3
-116.60238486358551 36.75876691235312 48189.6
-116.60236052322333 36.75876723939833 48189.6
-116.60233614622751 36.758767581809096 48189.3
-116.60231170412852 36.75876797458029 48189.2
-116.60228721918683 36.75876842670253 48189.2
-116.60226269966844 36.758768946087926 48189.7
-116.60223817834743 36.75876953714851 48190.4
-116.60221363280765 36.75877021864999 48191.6
-116.60218909978433 36.75877096565824 48192.7
-116.6021645819564 36.758771759168816 48193.3
-116.60214007316368 36.75877257593245 48194.4
-116.60211555848652 36.75877339278871 48196.0
-116.6020910307604 36.75877419391891 48198.6
-116.60206648836612 36.75877497338011 48200.6
-116.60204193275892 36.758775730189626 48201.9
-116.60201738865392 36.75877646162732 48203.8
-116.6019928654926 36.75877717235623 48206.7
-116.6019683780128 36.75877785641724 48208.7
-116.60194391044595 36.75877849903685 48210.1
-116.60191948708204 36.758779075020186 48211.2
-116.60189506857876 36.75877959822963 48211.9
-116.60187063665332 36.758780078387296 48212.6
-116.60184616784528 36.75878052722222 48213.4
-116.60182165932208 36.75878094594847 48214.2
-116.6017971154748 36.75878133888499 48215.1
-116.60177254736516 36.75878170604218 48215.9
-116.60174797119916 36.75878204957984 48216.8
-116.60172342288716 36.7587823799928 48217.8
-116.60169890239844 36.75878271440912 48217.6
-116.60167440014716 36.75878306246396 48216.7
-116.60164990077983 36.758783429777225 48215.5
-116.60162536020717 36.758783821333935 48214.2
-116.6016007646473 36.75878423132509 48213.0
-116.6015761061168 36.75878465947877 48212.3
-116.60155140210996 36.75878511193888 48211.7
-116.60152665505863 36.75878560380536 48211.5
-116.60150190011066 36.75878612742965 48209.2
-116.60147715460684 36.75878667606916 48206.4
-116.60145244130784 36.75878724276406 48205.5
-116.60142777872372 36.75878782657666 48204.5
-116.60140317813156 36.75878842092312 48201.3
-116.60137864266432 36.758789017292784 48198.3
-116.60135415645615 36.758789597977234 48195.6
-116.6013297337525 36.75879013648713 48193.2
-116.6013053443506 36.75879063290084 48191.4
-116.60128097514468 36.758791090222594 48190.3
-116.60125661464068 36.758791515476645 48189.5
-116.60123228062888 36.758791921232735 48188.2
-116.601207959652 36.75879232888706 48186.4
-116.60118364479165 36.75879275154218 48185.3
-116.60115933015337 36.75879320034388 48184.1
-116.60113496651252 36.75879369570385 48183.3
-116.6011105355442 36.75879424378934 48182.8
-116.6010860148544 36.75879485265132 48181.5
-116.60106141637752 36.758795527447006 48180.8
-116.6010366980686 36.75879628646656 48180.9
-116.6010119165459 36.75879710305197 48180.6
-116.60098710692192 36.758797949932415 48180.5
-116.60096230269043 36.75879880445213 48181.1
-116.60093753152584 36.75879965604236 48181.4
-116.60091279384804 36.75880050979121 48182.2
-116.60088809671936 36.75880135801078 48183.3
-116.6008634478768 36.75880218707569 48184.1
-116.6008388861038 36.758802974693616 48186.0
-116.60081439383424 36.7588037151007 48189.2
-116.6007899557964 36.75880440644121 48192.5
-116.60076553777408 36.75880505116268 48195.5
-116.6007410330601 36.75880565219576 48198.8
-116.60071660166524 36.75880622259713 48202.9
-116.60069213833673 36.75880677227157 48207.7
-116.60066763735574 36.758807301027815 48213.6
-116.6006431163308 36.75880779795958 48219.0
-116.60061857606172 36.758808259167154 48225.3
-116.60059401428371 36.758808676464206 48232.7
-116.60056941442367 36.758809044051176 48239.3
-116.6005447961927 36.75880935350333 48245.8
-116.6005201551132 36.75880963148034 48253.0
-116.60049549506378 36.75880990621869 48260.6
-116.60047082394485 36.7588102057596 48268.2
-116.60044610878776 36.758810558206726 48275.3
-116.60042136404572 36.75881096392423 48282.1
-116.60039659636784 36.75881141728415 48289.2
-116.6003718180372 36.75881190113478 48295.6
-116.60034704025676 36.7588123936093 48301.4
-116.6003222813066 36.7588128723929 48306.9
-116.60029754009268 36.75881332743856 48312.2
-116.60027280190718 36.75881375331189 48316.6
-116.60024806870784 36.75881414643358 48320.3
-116.600223325997 36.75881452340329 48323.4
-116.60019857581626 36.7588149075757 48325.7
-116.60017383054962 36.75881531943631 48328.2
-116.60014908249084 36.7588157742811 48330.3
-116.60012435506894 36.758816267427605 48331.7
-116.60009965571577 36.7588167952968 48332.5
-116.60007498903354 36.75881734403405 48332.6
-116.60005034486328 36.758817896150006 48331.9
-116.600025702312 36.75881843493481 48330.8
-116.60000104129402 36.7588189520742 48329.2
-116.59997634438184 36.7588194484649 48326.5
-116.59995159226877 36.758819933831646 48323.2
-116.59992677642856 36.758820427738414 48319.7
-116.59990189942512 36.75882094741496 48316.0
-116.59987698082 36.75882150734275 48313.4
-116.5998520075544 36.758822125450095 48309.4
-116.5998270247756 36.75882278728071 48302.5
-116.59980205825744 36.75882348077174 48296.4
-116.59977712732524 36.75882418670076 48290.2
-116.59975225687376 36.7588248816311 48283.0
-116.59972744302436 36.758825554890485 48276.4
-116.59970268257666 36.75882620228663 48269.2
-116.59967796177862 36.75882682342318 48260.9
-116.59965328234216 36.75882741597563 48252.1
-116.5996286143258 36.75882799029854 48243.4
-116.5996039396088 36.7588285535271 48234.9
-116.59957923321052 36.75882911163944 48226.6
-116.59955445178645 36.75882966642168 48217.5
-116.59952957165012 36.75883021693664 48208.2
-116.5995045749668 36.75883076222411 48199.2
-116.5994794674381 36.75883130503357 48190.5
-116.59945430230935 36.758831852092975 48182.1
-116.59942923160764 36.7588324116136 48173.7
-116.59940448890283 36.758832994100864 48165.5
-116.5993804564565 36.75883361466971 48157.9
