Long Lat Mag_nT
-116.59845952175915 36.75472753472144 48447.4
-116.59843645959572 36.754729244453806 48446.2
-116.59841272618188 36.75473091329296 48446.5
-116.5983882907355 36.75473242794568 48446.7
-116.59836340463433 36.75473373523972 48447.2
-116.59833813048763 36.75473482066094 48447.6
-116.5983125633378 36.75473570030288 48447.1
-116.59828678736324 36.75473638483216 48445.8
-116.5982609855571 36.754736933269214 48444.5
-116.59823519346068 36.75473738204499 48443.7
-116.59820946144237 36.75473774803304 48443.7
-116.59818385650416 36.75473803223056 48443.9
-116.59815843226076 36.75473826526846 48443.3
-116.59813321192856 36.75473846953592 48442.5
-116.59810823456372 36.7547386556524 48441.5
-116.59808358051612 36.75473882206239 48441.3
-116.59805923831668 36.75473896724027 48441.3
-116.59803519243852 36.75473909032327 48441.4
-116.5980113980238 36.75473918639379 48440.4
-116.5979877932862 36.754739239497965 48438.4
-116.59796427074824 36.7547392435156 48437.0
-116.5979407323068 36.75473919227053 48435.8
-116.59791710828276 36.75473908545538 48436.0
-116.5978933224022 36.754738926699055 48437.6
-116.59786937257176 36.75473874117136 48437.3
-116.59784523989988 36.75473854639025 48437.0
-116.59782093240597 36.75473835031469 48436.3
-116.59779645655404 36.75473815655467 48435.7
-116.59777187515787 36.7547379705929 48434.4
-116.59774723551062 36.754737804075184 48433.4
-116.59772258522212 36.75473767258956 48433.3
-116.59769796813872 36.75473760313799 48434.2
-116.59767337326208 36.75473760167257 48435.6
-116.59764882048106 36.7547376669468 48435.6
-116.59762431787088 36.754737789036895 48434.6
-116.5975998775777 36.754737952899966 48434.3
-116.59757548020644 36.75473812841172 48433.6
-116.59755112028267 36.75473829072849 48432.0
-116.5975267796536 36.754738419914965 48430.7
-116.59750243134548 36.754738497978245 48430.5
-116.59747806717589 36.754738520767575 48431.1
-116.59745365923436 36.754738486366335 48431.3
-116.59742919857872 36.754738401113286 48431.2
-116.59740468214208 36.75473827421492 48431.9
-116.59738013881578 36.75473813291863 48432.9
-116.5973555753325 36.75473799922528 48432.6
-116.5973310048078 36.754737886992686 48431.6
-116.59730643339476 36.7547378028614 48431.0
-116.59728185983978 36.75473773685341 48430.6
-116.59725729309258 36.754737675237934 48429.6
-116.59723274039216 36.75473760395168 48428.7
-116.59720821405313 36.75473751755648 48428.7
-116.5971837159042 36.75473742773244 48428.4
-116.59715923311433 36.75473734176884 48427.5
-116.59713475804328 36.754737260829245 48426.8
-116.5971102791462 36.75473718314196 48426.8
-116.59708578535492 36.75473710195937 48426.5
-116.59706127173772 36.75473700852288 48425.8
-116.59703673680596 36.75473689977821 48426.3
-116.59701216968288 36.75473677576487 48427.0
-116.59698756586111 36.75473663997787 48427.4
-116.59696291625748 36.75473649238928 48427.8
-116.59693821876104 36.75473633287484 48427.8
-116.59691347448796 36.7547361557463 48427.7
-116.59688871908445 36.75473595497232 48426.6
-116.59686397823532 36.75473572766019 48424.3
-116.59683927194855 36.75473547568592 48422.9
-116.596814619924 36.754735207843375 48423.5
-116.5967900145986 36.75473494871903 48425.1
-116.59676543977498 36.75473471618647 48425.1
-116.59674088193128 36.75473451769676 48424.5
-116.5967163233592 36.75473435095427 48424.0
-116.59669174216592 36.75473420413831 48422.8
-116.59666714269189 36.75473407213098 48421.4
-116.59664253239958 36.75473395894228 48420.9
-116.59661793263837 36.75473389756592 48420.2
-116.59659333749336 36.754733911868776 48419.3
-116.59656877917088 36.754734017332176 48418.7
-116.59654427640648 36.75473421413118 48418.3
-116.59651984447989 36.754734489267406 48418.2
-116.59649544764164 36.754734792219466 48418.0
-116.59647108664576 36.754735076481616 48417.0
-116.59644674680844 36.75473530883553 48416.2
-116.59642239662024 36.75473545996449 48416.4
-116.59639803774776 36.75473553542303 48417.0
-116.59637363432763 36.754735550522014 48417.4
-116.59634916636072 36.75473551958414 48417.8
-116.5963246161854 36.75473546177039 48417.6
-116.59630000461294 36.75473541205002 48416.6
-116.59627534696668 36.7547353910081 48415.4
-116.59625066860112 36.75473540576737 48415.1
-116.5962259939118 36.75473545959311 48415.6
-116.5962013263426 36.75473553702907 48416.3
-116.59617668282723 36.75473562811373 48417.2
-116.59615206620542 36.754735732187136 48417.4
-116.59612746755325 36.75473584937564 48417.0
-116.59610286131308 36.754735965937336 48416.5
-116.59607822970467 36.75473605799161 48416.1
-116.596053558342 36.75473609815337 48415.5
-116.5960288305774 36.754736058039406 48415.4
-116.59600408319108 36.75473595170149 48415.2
-116.5959793063408 36.75473579886427 48414.7
-116.59595450775468 36.754735622315614 48414.5
-116.5959297052576 36.75473545642025 48414.3
-116.59590490499404 36.75473533237592 48413.8
-116.5958801197105 36.75473527221376 48413.2
-116.5958553613935 36.75473528924752 48413.2
-116.59583063981567 36.75473539137512 48413.1
-116.59580582445432 36.754735550613006 48412.8
-116.5957812254542 36.7547357359289 48412.3
-116.5957565415176 36.754735926292845 48412.1
-116.5957318611633 36.75473609852403 48412.0
-116.5957070810392 36.754736241593534 48412.3
-116.59568238336963 36.75473634904018 48412.1
-116.59565765894504 36.754736418623935 48411.3
-116.59563290747134 36.75473644295553 48410.4
-116.5956081508782 36.7547364282327 48409.4
-116.59558340182656 36.75473638912838 48408.0
-116.59555868312272 36.75473634932005 48406.4
-116.5955340093463 36.754736334823946 48406.1
-116.59550936624728 36.754736345718456 48406.4
-116.59548474742938 36.75473637644642 48406.2
-116.59546013948184 36.75473641618216 48405.8
-116.59543553274976 36.75473644976998 48405.4
-116.59541092800929 36.754736469483575 48404.7
-116.59538632474283 36.75473647374832 48404.1
-116.5953617254264 36.7547364648168 48404.4
-116.5953371414674 36.75473645545652 48404.8
-116.59531256975497 36.75473646464567 48405.1
-116.59528800555216 36.75473650596514 48405.7
-116.595263445899 36.75473658551185 48407.3
-116.59523887893268 36.7547367056612 48409.2
-116.59521429648083 36.75473684800191 48409.7
-116.59518970192764 36.75473699385997 48409.5
-116.5951650877668 36.75473712324916 48409.0
-116.59514045387785 36.75473720881391 48408.0
-116.59511582126156 36.754737245765206 48407.1
-116.59509119778306 36.7547372387216 48407.6
-116.59506659635996 36.75473720586977 48408.7
-116.5950420239398 36.75473716725112 48408.8
-116.5950174658234 36.75473714200229 48409.0
-116.59499291696252 36.75473714101856 48409.3
-116.59496837421293 36.75473716724824 48409.6
-116.59494382457416 36.75473722006114 48409.9
-116.594919255219 36.75473729289571 48410.0
-116.59489466067258 36.75473738234367 48410.0
-116.59487003015964 36.75473748210439 48409.9
-116.59484534923028 36.754737576306844 48408.3
-116.59482062933436 36.75473765020633 48406.6
-116.59479587526536 36.75473768955047 48405.7
-116.59477109288623 36.754737679532255 48405.4
-116.59474630844736 36.75473760764461 48405.8
-116.59472154839276 36.75473748614133 48405.5
-116.59469681370626 36.754737334442176 48405.7
-116.59467210981704 36.7547371820661 48406.2
-116.5946474370584 36.75473706640522 48405.6
-116.594622769769 36.75473700262472 48404.8
-116.59459810551172 36.75473699743358 48404.6
-116.59457344403124 36.754737052538175 48404.7
-116.59454878186344 36.754737173551526 48405.1
-116.5945241174684 36.75473734682201 48405.6
-116.59449947268618 36.754737562363125 48405.5
-116.59447486207957 36.75473780895252 48405.0
-116.5944502889082 36.75473807323975 48404.4
-116.5944257352056 36.75473833112543 48404.0
-116.5944011852356 36.75473856082471 48404.7
-116.59437661026476 36.754738747390846 48404.8
-116.59435197800497 36.75473887156458 48403.9
-116.59432728945131 36.754738938258654 48403.7
-116.5943025319199 36.75473895555284 48404.5
-116.59427771563293 36.75473893592515 48404.6
-116.59425286360388 36.754738895641 48404.4
-116.59422799831566 36.75473885614108 48403.7
-116.59420312572657 36.75473883100821 48403.5
-116.59417825133302 36.754738827178976 48402.4
-116.59415337623112 36.75473884988271 48400.7
-116.59412850677148 36.75473889288156 48400.3
-116.5941036619384 36.75473895689519 48400.9
-116.59407885739095 36.754739046652325 48401.4
-116.59405410367718 36.75473916796707 48401.5
-116.59402938674286 36.75473930892009 48401.0
-116.59400470255542 36.75473944972989 48400.8
-116.59398004154843 36.75473957060867 48401.1
-116.59395540353114 36.75473965737625 48401.6
-116.59393077237952 36.754739717945725 48401.5
-116.59390612189496 36.754739752659766 48401.5
-116.5938814316148 36.75473975395264 48402.2
-116.59385668962192 36.75473970021861 48402.5
-116.59383191825984 36.75473958199456 48402.6
-116.59380711769016 36.754739384968005 48402.6
-116.59378228439256 36.75473909693027 48402.3
-116.5937574259424 36.754738702656766 48402.3
-116.59373257429743 36.7547382409459 48402.6
-116.59370772187144 36.754737759191 48402.3
-116.5936828826311 36.75473730653884 48401.8
-116.59365806797692 36.7547369413225 48401.6
-116.5936332619249 36.75473668186535 48401.7
-116.5936084906444 36.75473652856288 48402.1
-116.5935837750392 36.75473647319488 48401.9
-116.593559121583 36.75473650508224 48401.1
-116.593534508915 36.75473658474231 48401.2
-116.59350993646169 36.75473668706128 48401.3
-116.593485383396 36.75473679066904 48401.7
-116.59346082694024 36.75473687639519 48401.9
-116.59343625103068 36.75473692722089 48401.6
-116.593411634987 36.75473692161753 48401.4
-116.59338695460497 36.754736843753705 48401.5
-116.59336218682527 36.75473668129219 48401.1
-116.59333733980372 36.75473646340529 48400.5
-116.59331239062706 36.754736217975065 48401.5
-116.5932873403364 36.754735976024165 48403.1
-116.59326219342684 36.75473577420852 48404.2
-116.59323699572984 36.7547356265453 48404.3
-116.59321183180712 36.754735537777066 48404.1
-116.59318683456884 36.75473550968147 48404.2
-116.59316227890602 36.754735556476064 48403.7
-116.59313840157972 36.75473568533285 48403.3
-116.59311553380276 36.75473592775732 48404.4
-116.59309405945795 36.75473633751013 48406.5
-116.59299792453815 36.75486287949461 48408.7
-116.59300013641044 36.754878601456696 48411.7
-116.59300213119025 36.75489483958794 48415.3
-116.59300389867003 36.75491145019031 48413.6
-116.59300546262082 36.75492821193532 48408.2
-116.59300697627324 36.754944845627485 48404.4
-116.59314721249628 36.755050382788326 48393.4
-116.59316735857186 36.75504810534312 48388.3
-116.59318886035209 36.75504589611848 48388.8
-116.59321136058034 36.755043923002766 48388.5
-116.59323473406144 36.75504223406788 48387.9
-116.59325880661552 36.75504082309645 48386.1
-116.59328336033688 36.7550396860905 48384.6
-116.59330805106045 36.75503873714898 48384.9
-116.59333273192816 36.75503793687265 48385.3
-116.59335727018892 36.755037267302775 48384.6
-116.59338150605188 36.755036727247486 48383.7
-116.59340541592812 36.75503626937931 48384.5
-116.59342902653408 36.75503586189544 48385.4
-116.59345237081855 36.755035480726 48384.9
-116.59347545869656 36.75503511886216 48384.3
-116.59349845282728 36.75503478051329 48384.4
-116.59352120627533 36.75503447826879 48384.6
-116.59354384383536 36.755034217435934 48384.8
-116.59356636400346 36.7550340093086 48384.8
-116.59358881366748 36.755033844993854 48385.3
-116.59361124332204 36.75503372007511 48385.8
-116.59363370860196 36.755033632070166 48386.2
-116.5936562754241 36.75503358120105 48386.4
-116.59367898228072 36.755033548612815 48386.3
-116.59370185935836 36.75503351520422 48386.3
-116.5937249090165 36.755033462280586 48386.4
-116.59374815734436 36.75503336138731 48386.4
-116.59377156621716 36.75503319873589 48386.3
-116.59379510397432 36.755032968127246 48386.1
-116.59381873191305 36.755032671870126 48386.3
-116.59384242919349 36.75503230741932 48386.7
-116.59386613137458 36.75503189585287 48386.9
-116.59388978422692 36.7550314505384 48386.5
-116.59391333777609 36.75503099140026 48385.8
-116.59393672029051 36.755030542235446 48385.7
-116.59395992658904 36.75503012340656 48386.2
-116.59398297308876 36.75502975402405 48386.5
-116.59400591973396 36.75502945301887 48386.6
-116.59402880172344 36.75502924987985 48386.3
-116.59405166741516 36.75502913524993 48385.7
-116.594074546334 36.75502909400024 48385.8
-116.59409744175537 36.75502909990208 48386.5
-116.59412032465664 36.75502912456218 48386.3
-116.59414318021985 36.75502913687279 48386.5
-116.5941660055215 36.75502911986572 48386.8
-116.59418879076996 36.75502906077875 48387.5
-116.59421153872808 36.75502893596882 48387.0
-116.59423425423118 36.75502875185464 48386.8
-116.59425693115485 36.75502852366089 48387.8
-116.594279589045 36.75502827567972 48388.5
-116.59430225911306 36.75502803890041 48388.1
-116.5943249536056 36.7550278353495 48387.8
-116.59434766906756 36.755027678892304 48387.9
-116.59437039350692 36.755027573766704 48387.6
-116.59439309611876 36.75502751996428 48387.3
-116.59441577102322 36.75502749569792 48387.6
-116.59443841990104 36.755027486727776 48387.6
-116.59446104635228 36.75502748534036 48387.5
-116.59448364604816 36.75502749130131 48387.7
-116.59450622882004 36.755027502743886 48387.8
-116.5945288132094 36.75502751980785 48387.9
-116.59455141689337 36.75502754458006 48387.8
-116.59457405782524 36.75502757703124 48387.6
-116.5945967432014 36.75502761153568 48387.4
-116.59461947442055 36.75502764569983 48387.6
-116.59464224835332 36.755027681447054 48388.1
-116.5946650486948 36.75502773170799 48388.3
-116.5946878525302 36.75502781219094 48388.2
-116.5947106545198 36.75502793825114 48387.5
-116.59473347120712 36.7550281126453 48387.0
-116.59475633596983 36.75502833035649 48387.6
-116.5947792903878 36.75502856607034 48388.9
-116.59480236820436 36.7550288013309 48389.5
-116.59482558075727 36.755029017106864 48389.6
-116.59484897005916 36.75502918148441 48389.5
-116.59487251732592 36.755029282463454 48389.6
-116.59489619687248 36.75502931753861 48389.4
-116.59491996734636 36.7550292958608 48389.1
-116.5949437939718 36.755029224787954 48389.1
-116.59496762056804 36.75502911606241 48389.3
-116.5949914227019 36.755028964566655 48389.4
-116.59501520773064 36.755028769213645 48389.7
-116.5950390477574 36.75502853387495 48390.1
-116.59506299050994 36.75502827608966 48390.0
-116.5950870790005 36.75502800207138 48389.9
-116.59511135183068 36.755027714765234 48389.7
-116.59513586096432 36.75502742342077 48389.9
-116.59516054230076 36.75502715193357 48390.2
-116.59518533803596 36.755026924541006 48389.8
-116.59521020140852 36.75502675630244 48389.9
-116.5952350656268 36.75502666169823 48390.3
-116.59525988583128 36.755026624591736 48390.5
-116.59528465861528 36.75502663117177 48390.7
-116.59530939654007 36.75502666830545 48390.8
-116.59533409992352 36.75502673097713 48391.0
-116.595358782592 36.75502681416695 48391.1
-116.5953834622697 36.755026919264886 48391.0
-116.59540815846836 36.755027046704846 48391.0
-116.59543289804576 36.75502719309274 48391.2
-116.59545769277558 36.75502734394392 48391.9
-116.59548253965968 36.75502748700446 48392.2
-116.5955074145923 36.75502761166642 48392.2
-116.59553229516492 36.75502770679208 48392.2
-116.5955571545316 36.75502777635214 48392.3
-116.5955819753032 36.755027817371406 48392.5
-116.59560674852632 36.75502782365308 48392.8
-116.59563148564584 36.75502777971626 48393.3
-116.5956562033518 36.75502769010296 48393.6
-116.5956808956154 36.75502756601112 48393.7
-116.5957055564063 36.75502743066649 48393.7
-116.59573017600614 36.755027313002 48393.9
-116.59575476179585 36.75502722952734 48394.0
-116.5957793348162 36.755027187112205 48394.0
-116.5958039103888 36.75502718409336 48394.2
-116.59582847293316 36.755027209612 48394.8
-116.59585301411414 36.7550272344139 48395.1
-116.59587753339932 36.75502724154364 48395.4
-116.59590202610138 36.75502722850739 48395.7
-116.59592648783234 36.755027205593954 48396.1
-116.59595092269096 36.75502718413865 48396.5
-116.5959753321224 36.75502716870784 48396.5
-116.59599971769384 36.75502716099095 48396.6
-116.596024078324 36.75502716249216 48396.9
-116.5960484146318 36.75502717607477 48397.5
-116.59607272060812 36.755027203970016 48397.9
-116.59609699090626 36.755027245999095 48397.9
-116.59612121467968 36.75502730649462 48398.1
-116.59614541535892 36.75502738734027 48398.7
-116.59616962826024 36.75502748841832 48398.9
-116.59619389134664 36.75502760137677 48399.2
-116.59621826053518 36.75502771106592 48399.5
-116.59624275529517 36.755027797964686 48399.6
-116.59626737449771 36.755027847516665 48399.4
-116.59629207367412 36.7550278527072 48399.9
-116.59631679694084 36.75502780119113 48400.7
-116.5963414705198 36.75502770262823 48401.1
-116.5963660228516 36.755027576053614 48401.3
-116.5963903935222 36.75502744451673 48401.3
-116.5964145074288 36.75502732244984 48401.9
-116.59643838068132 36.755027210944405 48402.4
-116.59646202365944 36.75502710230621 48402.6
-116.5964854559342 36.75502698526751 48403.1
-116.59650869370525 36.755026844743 48403.5
-116.5965318163712 36.75502668224976 48404.2
-116.59655486096044 36.75502651409476 48404.8
-116.5965778748638 36.755026361399935 48405.3
-116.59660090216668 36.7550262474002 48405.4
-116.59662397946488 36.75502617082326 48405.3
-116.59664713136068 36.75502612265183 48405.4
-116.5966703599872 36.75502609220494 48405.5
-116.59669365540724 36.755026068605424 48405.7
-116.59671698772256 36.75502603893508 48406.2
-116.59674034802636 36.75502598776509 48406.5
-116.5967637284416 36.755025896618896 48406.8
-116.59678714936848 36.75502573882123 48407.1
-116.59681060220892 36.75502551813506 48407.2
-116.59683406094877 36.75502524105663 48407.5
-116.5968574995451 36.75502491893156 48407.7
-116.59688089639396 36.755024571848296 48407.6
-116.59690423521096 36.75502423727996 48407.7
-116.5969275094358 36.75502393977031 48408.2
-116.59695074027056 36.75502369808312 48408.6
-116.59697393132738 36.755023540154895 48408.9
-116.5969971072156 36.755023458352 48409.5
-116.59702029246696 36.755023441911135 48410.0
-116.59704349239227 36.75502347683792 48409.9
-116.59706669117357 36.755023549108415 48410.2
-116.5970898837018 36.75502363837591 48410.8
-116.59711306241172 36.75502373478281 48411.2
-116.59713621050749 36.755023828358325 48411.3
-116.59715930943538 36.755023898543605 48411.2
-116.59718237577464 36.75502393032166 48411.7
-116.59720541756316 36.755023918728206 48412.8
-116.597228531561 36.75502386769038 48413.6
-116.59725155246316 36.755023781377446 48413.7
-116.5972745831876 36.75502367204989 48413.9
-116.597297637335 36.755023544147726 48414.1
-116.59732072539924 36.75502340002088 48414.1
-116.59734387337076 36.75502323766213 48414.7
-116.59736707250426 36.75502306060956 48415.2
-116.59739032300408 36.7550228655604 48415.4
-116.59741361950825 36.75502264868513 48415.8
-116.59743695605916 36.75502241268836 48416.3
-116.5974602966048 36.75502217731742 48416.3
-116.59748362145524 36.75502196114704 48416.4
-116.59750693398776 36.75502177607677 48417.2
-116.597530227775 36.755021636975655 48417.4
-116.5975535169466 36.75502154200326 48417.1
-116.59757681806724 36.75502148428043 48417.6
-116.5976001511832 36.75502144565787 48418.5
-116.59762355230517 36.755021406962975 48419.5
-116.59764701843388 36.755021357664624 48419.4
-116.5976705332622 36.75502129218059 48419.3
-116.5976940654056 36.75502120973094 48419.6
-116.5977175821964 36.75502111578627 48419.9
-116.5977410645743 36.75502101856224 48420.1
-116.59776451036116 36.7550209243501 48420.3
-116.59778792917253 36.75502083690695 48420.6
-116.59781134650687 36.75502074667994 48421.4
-116.597834799695 36.75502064181449 48422.3
-116.59785831766072 36.7550205221014 48422.8
-116.59788192449317 36.75502040165068 48422.8
-116.59790562026753 36.75502031334182 48422.4
-116.59792937156624 36.755020276467405 48422.5
-116.59795316382628 36.755020299476186 48423.1
-116.59797700185617 36.75502037954122 48423.6
-116.59800086163382 36.7550205126266 48423.9
-116.5980247249432 36.75502067282995 48424.2
-116.59804856695384 36.75502084017316 48424.7
-116.59807235722664 36.75502098923329 48425.3
-116.5980961115257 36.75502108389078 48425.8
-116.5981198602074 36.755021118031 48426.4
-116.59814362153328 36.7550210938464 48426.9
-116.59816740554778 36.75502102904005 48427.3
-116.59819122213383 36.75502095583507 48427.4
-116.59821505083096 36.75502090780963 48427.4
-116.59823889120936 36.75502090241545 48427.8
-116.59826276733382 36.7550209435839 48428.4
-116.59828669663668 36.75502102724568 48429.1
-116.59831070171256 36.75502112680673 48429.6
-116.59833480531596 36.75502121972959 48429.7
-116.59835902287035 36.75502128033754 48430.2
-116.59838343301 36.75502126924971 48430.7
-116.59840801839889 36.75502117699013 48431.4
-116.59843274890105 36.75502099713896 48432.1
-116.59845753902609 36.75502073331983 48432.3
-116.59848225909036 36.75502037788592 48432.0
-116.59850668639116 36.755019953544206 48432.2
-116.598530551345 36.75501946988513 48432.5
-116.59855352579989 36.75501894115997 48432.4
-116.59867217577728 36.75508821516138 48437.8
-116.59866957700862 36.75510174878991 48463.1
-116.59866688351144 36.75511603172578 48463.5
-116.5986642784956 36.755130794921286 48463.4
-116.59866190516703 36.755145850650216 48462.5
-116.59865977209944 36.75516082562408 48460.3
-116.5986578542184 36.75517545089009 48457.9
-116.5986561007266 36.75518950940246 48454.8
-116.5986544808282 36.75520273389001 48449.4
-116.59865294982323 36.75521514141296 48446.1
-116.59865150226032 36.75522672237088 48447.0
-116.59865014150422 36.75523750948154 48446.9
-116.59864889427146 36.75524749757268 48447.7
-116.59864774186522 36.75525696751392 48448.9
-116.59864664470756 36.75526610938779 48447.1
-116.59846895858024 36.755349043141216 48450.2
-116.59844460290924 36.755348256520485 48453.0
-116.59841954832643 36.75534783234588 48453.7
-116.59839408448752 36.75534779321965 48453.7
-116.59836852460546 36.75534809975501 48453.1
-116.59834304687644 36.75534873915356 48452.0
-116.5983179211802 36.75534959144922 48451.6
-116.59829335211036 36.75535058920223 48451.9
-116.59826951090628 36.755351673603066 48453.9
-116.59824658525584 36.75535280558962 48454.8
-116.59822445623388 36.7553539309694 48453.4
-116.59820303181888 36.755354999157824 48453.7
-116.59818209268876 36.75535594567783 48453.1
-116.59816148946211 36.755356641737656 48451.1
-116.59814088720202 36.75535705090047 48448.6
-116.5981200287804 36.755357147502906 48446.3
-116.5980986406266 36.7553569413674 48446.4
-116.59807655920676 36.755356437962185 48447.3
-116.59805375625044 36.755355761769145 48447.5
-116.59803023837642 36.75535499749893 48447.3
-116.5980061297102 36.75535422661013 48446.9
-116.59798154121948 36.755353550365605 48446.6
-116.59795678092875 36.755353031606575 48447.0
-116.59793206253248 36.7553527140475 48447.0
-116.59790760802368 36.75535261392728 48446.2
-116.597883534796 36.75535276090908 48444.6
-116.59785988476646 36.7553530822502 48443.8
-116.59783667620032 36.755353527257135 48443.4
-116.59781386851844 36.75535404065223 48442.2
-116.5977913995994 36.75535456531316 48440.7
-116.59776910893616 36.75535504847095 48439.8
-116.59774687367344 36.75535545991345 48440.2
-116.59772454455856 36.75535578615348 48440.8
-116.59770199567572 36.75535600561509 48440.2
-116.5976791566014 36.75535613603817 48439.0
-116.59765598663012 36.75535618499851 48437.5
-116.59763247821677 36.75535616759992 48436.7
-116.59760863960102 36.75535609791504 48436.7
-116.59758456451917 36.75535600779989 48437.1
-116.5975603034 36.75535591451963 48437.0
-116.59753590579768 36.755355829360894 48435.9
-116.59751139656746 36.75535576654552 48435.0
-116.59748683405526 36.75535572928626 48434.5
-116.5974622584285 36.75535572055925 48434.3
-116.5974377116144 36.755355742776096 48434.0
-116.59741322850952 36.75535579869328 48433.5
-116.59738883842232 36.755355877402806 48433.3
-116.597364556403 36.75535596925874 48433.1
-116.5973403640716 36.75535605791647 48432.5
-116.5973162427196 36.755356111532095 48430.7
-116.59729214448777 36.75535610983569 48429.7
-116.59726804057226 36.75535604427121 48428.8
-116.5972439069802 36.75535591931943 48428.7
-116.59721975087008 36.755355757782965 48429.1
-116.59719556455488 36.755355598570105 48429.8
-116.59717134983634 36.75535546444692 48429.9
-116.59714711609408 36.755355367879645 48428.5
-116.59712282774856 36.75535532022632 48427.3
-116.59709847841746 36.75535530747906 48427.0
-116.59707396688628 36.75535530998366 48426.1
-116.59704948252204 36.75535530088524 48425.1
-116.59702495659565 36.7553552421924 48424.9
-116.5970004144829 36.75535511871678 48425.4
-116.5969758756876 36.7553549236819 48426.3
-116.59695134441148 36.75535466331919 48426.3
-116.5969268628938 36.755354355401 48424.9
-116.59690241055918 36.75535403901716 48426.8
-116.5968779857162 36.755353736776094 48429.4
-116.59685358817846 36.75535346026941 48428.9
-116.59682917441398 36.75535322006007 48427.3
-116.59680473163644 36.755353003096815 48426.0
-116.59678025615752 36.75535279207824 48425.7
-116.59675575385232 36.75535256856408 48424.7
-116.59673125723585 36.75535231467887 48423.6
-116.59670677446996 36.75535203149554 48425.0
-116.59668230512248 36.75535172378669 48427.6
-116.59665784022692 36.755351397755135 48426.9
-116.59663338080853 36.75535106123288 48423.9
-116.59660891842964 36.755350733256925 48421.8
-116.59658446002112 36.755350433326896 48423.2
-116.59656002731376 36.755350176245294 48424.9
-116.59653560641608 36.75534997929592 48425.3
-116.59651120862723 36.75534983172893 48425.4
-116.59648682975312 36.75534972286154 48425.5
-116.5964624680356 36.75534964441804 48425.9
-116.5964380944348 36.75534958768005 48425.4
-116.5964137061462 36.75534953319869 48424.0
-116.59638929993804 36.75534947318549 48422.4
-116.59636487491656 36.755349404913126 48422.4
-116.59634044448975 36.75534932780203 48422.7
-116.59631602691618 36.75534924518452 48420.6
-116.59629164029712 36.7553491591701 48420.1
-116.59626729630878 36.75534907086296 48421.0
-116.59624300559464 36.75534897797331 48420.7
-116.59621875235068 36.75534887872972 48420.5
-116.59619452982317 36.7553487750517 48420.7
-116.5961703270174 36.755348669525205 48420.8
-116.5961461288612 36.755348560636 48421.0
-116.59612191357752 36.755348444950094 48420.6
-116.59609766326771 36.75534832674129 48419.5
-116.59607337917096 36.75534822253015 48418.3
-116.5960490335288 36.75534816969036 48418.1
-116.59602465766334 36.75534818949448 48419.1
-116.5960002814672 36.75534830179434 48420.2
-116.59597596071688 36.75534851473523 48420.3
-116.59595167633724 36.755348841507725 48420.0
-116.59592746188208 36.75534924139657 48419.7
-116.5959033211655 36.755349683064246 48419.5
-116.59587923963603 36.755350130530665 48418.5
-116.59585520399592 36.755350538738426 48416.9
-116.59583115251112 36.75535088183668 48414.3
-116.5958070288754 36.7553511422564 48414.0
-116.59578276213234 36.75535131157925 48413.3
-116.59575834336016 36.75535137150289 48410.7
-116.5957337563878 36.7553513444637 48408.1
-116.59570900983108 36.75535123638412 48407.1
-116.5956841281224 36.755351055900434 48407.1
-116.59565921355748 36.755350809909366 48407.4
-116.59563433639316 36.75535053476113 48408.7
-116.59560955461303 36.755350256375856 48410.8
-116.59558490878484 36.75534999768017 48411.7
-116.59556040696792 36.75534977614699 48411.6
-116.59553601226332 36.75534958919278 48412.1
-116.59551168662 36.75534943448474 48411.2
-116.59548740317592 36.75534931139988 48410.0
-116.59546310765054 36.755349236599024 48410.2
-116.59543879283072 36.75534920994698 48411.0
-116.59541445361468 36.75534923399289 48411.7
-116.59539009693265 36.7553493035574 48411.6
-116.59536569709488 36.755349416402005 48411.7
-116.59534127871056 36.75534955285767 48410.9
-116.5953168540125 36.755349702066106 48410.0
-116.59529244061008 36.75534985697417 48409.7
-116.59526806444784 36.7553500113463 48410.3
-116.5952437331502 36.755350158836286 48411.7
-116.59521944551685 36.755350290200816 48412.2
-116.5951951867896 36.75535039564267 48412.6
-116.59517096414764 36.75535045966452 48413.6
-116.59514674974736 36.75535048777007 48413.2
-116.59512253322788 36.755350487102106 48410.9
-116.5950983123201 36.75535047176957 48410.9
-116.595074089072 36.75535046293799 48412.1
-116.59504986090596 36.7553504830932 48412.3
-116.59502562525329 36.75535054660747 48412.1
-116.59500139331898 36.75535065874743 48412.1
-116.59497713217364 36.75535082712495 48411.7
-116.5949528498953 36.75535103435698 48410.6
-116.594928536133 36.75535126920673 48410.7
-116.59490418565626 36.755351521051104 48411.7
-116.59487978419295 36.75535177639375 48412.2
-116.59485534003394 36.75535201209339 48411.6
-116.59483085215376 36.75535220452718 48411.2
-116.59480629680786 36.75535233677214 48411.0
-116.59478169859425 36.75535238898642 48410.6
-116.59475705377976 36.75535238252772 48410.9
-116.59473237677172 36.755352336446 48410.4
-116.59470768319592 36.755352270075136 48410.0
-116.59468298724748 36.75535220080625 48410.4
-116.59465829408369 36.75535213630824 48410.8
-116.59463360798152 36.7553520752279 48410.8
-116.59460893025496 36.755352012513264 48410.2
-116.5945842669177 36.75535194716485 48409.3
-116.59455961387292 36.7553518897534 48409.6
-116.59453497164684 36.75535185270296 48409.7
-116.59451035072776 36.75535184776192 48409.8
-116.59448571789916 36.75535189282313 48409.7
-116.5944610694015 36.75535198206684 48409.9
-116.59443639943412 36.75535210797969 48410.2
-116.5944117124182 36.75535225477432 48409.8
-116.59438701807868 36.75535239898019 48409.3
-116.5943623299637 36.75535252336552 48409.8
-116.59433764938 36.75535262004684 48409.7
-116.59431296554524 36.75535268673028 48408.9
-116.59428828096574 36.755352721001806 48408.1
-116.5942635734966 36.75535273132996 48407.5
-116.59423883423852 36.755352715693135 48407.6
-116.59421406074156 36.7553526755812 48408.0
-116.594189265897 36.7553526192573 48408.3
-116.5941644537006 36.75535256334041 48408.4
-116.59413962602255 36.755352514721565 48407.4
-116.59411478456856 36.755352475783184 48406.6
-116.59408992010935 36.75535245472607 48407.2
-116.59406505306129 36.75535245878201 48407.4
-116.5940402035803 36.75535249897064 48407.5
-116.5940153992214 36.755352578642 48406.9
-116.59399063667176 36.7553527059276 48406.3
-116.59396591071038 36.755352865798926 48406.0
-116.59394121104371 36.755353048343366 48405.5
-116.59391653573692 36.755353248069056 48404.6
-116.59389187987706 36.755353468569766 48404.1
-116.59386725061005 36.7553537006496 48404.5
-116.5938426477498 36.7553539360701 48404.7
-116.59381806166216 36.75535416384822 48404.9
-116.59379349661909 36.755354368110645 48404.6
-116.59376893637754 36.75535454563612 48404.0
-116.59374436862826 36.75535469875804 48403.3
-116.59371978095272 36.75535483407484 48403.4
-116.59369516195804 36.75535495845939 48403.8
-116.59367049895732 36.755355073894734 48403.8
-116.59364578443224 36.75535516586937 48403.6
-116.5936210018656 36.75535521584734 48403.8
-116.5935961782679 36.7553551976771 48403.8
-116.5935713184892 36.75535512560816 48404.0
-116.59354643822142 36.75535501902279 48404.6
-116.59352155236482 36.75535490183466 48404.9
-116.59349666239544 36.75535479176504 48404.3
-116.59347177128346 36.75535469363528 48403.9
-116.5934468798285 36.755354608895935 48404.4
-116.59342198811731 36.75535453644076 48404.4
-116.5933970799804 36.75535447350288 48404.1
-116.593372148387 36.75535441714423 48404.3
-116.59334718110956 36.755354375468 48404.5
-116.5933221736934 36.755354358735445 48405.3
-116.59329708885195 36.75535437957726 48406.1
-116.59327195940834 36.75535443027479 48406.3
-116.59324683842298 36.75535450074228 48406.5
-116.5932217187413 36.75535457896096 48406.9
-116.59319701327284 36.75535466823976 48406.7
-116.5931728224825 36.75535478958847 48406.4
-116.59314943124294 36.75535498459541 48407.1
-116.59312725152144 36.75535531282593 48408.6
-116.59316218994572 36.75565961849045 48404.8
-116.59318252986768 36.75565984934951 48389.7
-116.59320330628444 36.755659955499766 48388.9
-116.59322440930346 36.75566000348818 48388.2
-116.59324578563056 36.75566003444777 48387.3
-116.5932673116734 36.75566007085886 48386.5
-116.59328894973002 36.75566011139394 48386.0
-116.59331068173634 36.755660149413885 48386.0
-116.59333252803076 36.755660183997485 48385.9
-116.59335447943944 36.755660223879126 48385.7
-116.59337653000476 36.75566027900416 48385.8
-116.59339867667332 36.75566035825358 48385.8
-116.59342090056197 36.75566046499168 48385.3
-116.59344319652152 36.7556605815162 48385.1
-116.5934655706876 36.755660696951296 48385.7
-116.59348802911228 36.755660806268686 48386.2
-116.59351059631464 36.75566090803549 48386.4
-116.59353325960714 36.7556610023497 48386.3
-116.593556017595 36.75566108505546 48385.9
-116.59357885350715 36.75566115382666 48385.5
-116.5936017603224 36.75566121232445 48385.4
-116.5936247063768 36.75566126597208 48385.3
-116.59364768599242 36.755661308454734 48385.6
-116.5936706934492 36.75566133460262 48385.8
-116.59369372971044 36.75566135145888 48385.9
-116.5937167745299 36.75566137673104 48385.8
-116.59373983161356 36.75566142222597 48385.9
-116.59376292437172 36.7556614954902 48386.1
-116.5937860624748 36.755661603208544 48386.0
-116.59380927400468 36.755661732632014 48386.2
-116.5938325786934 36.75566187955945 48386.3
-116.59385598971896 36.75566204234225 48386.3
-116.59387951405996 36.75566222335977 48386.0
-116.59390313226396 36.75566241609119 48385.7
-116.59392683756496 36.75566261410716 48385.7
-116.5939506206828 36.75566280911272 48385.8
-116.59397450064874 36.75566298684716 48386.0
-116.59399846616552 36.75566313906485 48386.0
-116.59402251013364 36.755663264922006 48385.7
-116.59404661422629 36.75566337070842 48385.6
-116.59407077355397 36.75566346291533 48385.6
-116.59409496723256 36.75566354954577 48385.7
-116.59411918755652 36.755663634807966 48385.6
-116.59414343227968 36.755663718723454 48385.3
-116.59416771952591 36.75566379633201 48385.1
-116.59419205813607 36.75566386087621 48385.3
-116.5942164538545 36.75566390751007 48385.4
-116.59424089981768 36.75566393972281 48385.5
-116.5942653857908 36.7556639670325 48385.7
-116.5942898807377 36.75566400361826 48385.7
-116.59431436222266 36.755664063005455 48385.5
-116.59433882401052 36.75566414868339 48385.6
-116.5943632440152 36.755664260126565 48385.7
-116.5943876349534 36.75566438706716 48386.3
-116.59441200236397 36.75566452760384 48386.4
-116.59443636005363 36.7556646829221 48386.2
-116.5944607095778 36.755664861306975 48386.3
-116.59448506225064 36.755665068350034 48386.4
-116.59450942540892 36.75566530817613 48386.3
-116.59453381467652 36.75566557949047 48386.2
-116.594558239986 36.75566587453535 48386.5
-116.59458272794691 36.75566616259039 48386.7
-116.59460728519528 36.75566641393 48387.1
-116.59463186966627 36.755666605376334 48387.4
-116.59465647574024 36.755666705408416 48387.2
-116.59468104128293 36.75566671825461 48387.0
-116.5947055537441 36.75566663534832 48387.1
-116.5947299841554 36.755666452884455 48387.6
-116.59475438055124 36.75566615561486 48388.2
-116.59477871460744 36.7556657820675 48388.6
-116.59480296324456 36.755665362599885 48388.0
-116.5948271031569 36.75566492834112 48387.7
-116.59485110467983 36.75566450943119 48388.6
-116.5948749858452 36.75566413172003 48389.1
-116.5948987395326 36.75566382162874 48388.9
-116.59492238391148 36.75566360044517 48388.6
-116.59494585293952 36.7556634986508 48388.6
-116.59496922011944 36.755663497755975 48388.4
-116.59499251370694 36.7556635871657 48388.4
-116.5950157794402 36.75566375006544 48388.6
-116.59503902636386 36.75566397068831 48389.3
-116.5950623117002 36.755664215207226 48389.8
-116.59508565374308 36.75566446303759 48390.1
-116.59510905073788 36.755664697216496 48389.8
-116.5951325198012 36.755664900263206 48389.6
-116.59515604121378 36.755665069856285 48390.0
-116.59517962660568 36.75566520510015 48390.0
-116.59520329605226 36.755665311586334 48389.8
-116.59522710272874 36.755665398217126 48389.3
-116.59525102212304 36.75566548524764 48389.1
-116.59527503966524 36.75566558289866 48389.2
-116.59529913836091 36.75566569238035 48389.8
-116.595323307364 36.75566580575968 48390.3
-116.59534751973464 36.75566590962015 48390.6
-116.59537175742835 36.75566599414187 48391.0
-116.59539599904116 36.75566605574184 48390.8
-116.5954202333055 36.75566609417811 48390.6
-116.59544443783128 36.7556661207378 48390.7
-116.59546861020527 36.755666143868574 48391.1
-116.5954927593564 36.755666172062575 48391.9
-116.59551688549392 36.75566621664801 48392.2
-116.59554100149244 36.75566627915621 48392.2
-116.59556511608676 36.75566635309287 48392.2
-116.59558923501233 36.75566642868549 48392.3
-116.5956133727207 36.7556664963162 48392.6
-116.59563753626657 36.755666550578574 48392.9
-116.5956617280592 36.75566658660376 48393.5
-116.59568593778502 36.755666606832 48393.3
-116.59571015157012 36.755666618183405 48393.7
-116.5957343474774 36.755666629726974 48394.2
-116.59575851378776 36.755666640600055 48394.6
-116.59578264399944 36.755666642283735 48394.5
-116.5958067531182 36.75566661699641 48394.6
-116.59583083387326 36.75566656048506 48395.1
-116.59585486889576 36.75566646961189 48395.6
-116.595878920085 36.75566634790343 48395.7
-116.59590275758984 36.75566619815345 48395.3
-116.59592644830153 36.75566602760792 48395.1
-116.59594995938312 36.755665836242464 48396.4
-116.59597326681607 36.755665628575294 48397.5
-116.59599632224666 36.75566542507224 48397.6
-116.5960191545879 36.75566524730204 48397.7
-116.59604177419564 36.75566510623442 48398.0
-116.59606420529629 36.75566500312295 48398.5
-116.59608643747433 36.7556649367455 48398.8
-116.59610855738777 36.75566489155136 48399.2
-116.59613060573147 36.75566485987538 48399.6
-116.59615261156854 36.75566483707464 48399.9
-116.59617457648412 36.75566482461109 48400.3
-116.596196515852 36.7556648199835 48400.7
-116.5962184357982 36.755664820624624 48400.7
-116.59624032773056 36.75566481901632 48400.7
-116.5962621878718 36.755664799325935 48401.0
-116.59628401717336 36.75566475763132 48401.6
-116.59630582112132 36.755664693708006 48401.9
-116.59632760658847 36.75566460540946 48402.0
-116.59634940648202 36.75566448598308 48401.9
-116.5963712247366 36.755664333740256 48401.7
-116.5963930724994 36.75566413898671 48402.0
-116.59641494212552 36.75566389099129 48402.6
-116.59643688583088 36.75566356691555 48403.7
-116.59645887388687 36.755663180434816 48403.8
-116.59648089115376 36.755662746422416 48402.9
-116.59650291638395 36.75566228162542 48402.7
-116.5965249550762 36.75566180023433 48403.0
-116.5965469940354 36.75566132130796 48403.4
-116.59656902683903 36.755660855474254 48403.6
-116.59659105410942 36.755660411798864 48403.4
-116.59661303115072 36.75566000943044 48403.1
-116.59663494100188 36.755659653690095 48403.8
-116.59665677879272 36.75565934345674 48405.4
-116.59667857292736 36.755659079479216 48406.7
-116.5967002972563 36.75565887918837 48407.1
-116.59672197241396 36.75565873452038 48406.7
-116.5967435809618 36.755658640086494 48405.5
-116.59676510781632 36.755658585253045 48404.5
-116.59678649913756 36.75565855457035 48404.4
-116.59680777019052 36.755658517169614 48405.7
-116.59682891232328 36.75565844717915 48406.9
-116.59684989326064 36.75565832461663 48407.4
-116.59687071717266 36.755658122795694 48407.3
-116.59689137131724 36.75565784845889 48407.0
-116.59691183750496 36.75565750404655 48406.9
-116.59693207957253 36.755657098250616 48406.6
-116.59695208399904 36.755656640646365 48406.8
-116.59697185034553 36.75565617505463 48407.4
-116.59699137793751 36.755655735245575 48407.9
-116.59701071712932 36.7556553515229 48408.4
-116.59702984100448 36.75565507642808 48408.9
-116.59704887869748 36.75565491594946 48409.2
-116.59706792015588 36.75565487332807 48409.4
-116.5970870878916 36.75565493754967 48409.8
-116.5971064418081 36.75565509882725 48410.4
-116.5971260479544 36.75565531559154 48410.9
-116.59714593074835 36.75565556766176 48411.2
-116.5971660932566 36.755655837573 48411.7
-116.59718656470592 36.75565610671513 48412.3
-116.59720728026709 36.75565636185513 48412.5
-116.59722821449436 36.75565659722504 48412.7
-116.59724934012992 36.75565681164636 48413.2
-116.59727069386103 36.755656998395615 48413.6
-116.59729223210088 36.755657158020014 48413.9
-116.59731394588373 36.7556572874786 48413.9
-116.59733581310677 36.755657382535695 48414.3
-116.5973578727876 36.75565742893115 48414.6
-116.59738006496218 36.75565743617289 48414.5
-116.5974023655751 36.75565740864181 48414.5
-116.59742474485807 36.75565735200983 48414.9
-116.5974472147192 36.75565726495184 48415.6
-116.59746975055177 36.75565715826652 48415.9
-116.59749234928576 36.75565703395912 48416.0
-116.5975150060792 36.75565688889486 48416.1
-116.597537737591 36.75565671242464 48416.4
-116.5975605148711 36.75565650182799 48417.1
-116.59758331293716 36.75565626001912 48417.5
-116.5976060960199 36.75565599956258 48417.9
-116.5976288163248 36.75565574237429 48418.2
-116.59765145911156 36.7556555093325 48418.4
-116.59767402927936 36.75565531668727 48418.5
-116.59769656555036 36.75565517404472 48418.7
-116.5977190613216 36.75565509412217 48418.7
-116.59774155469889 36.75565505884804 48419.1
-116.5977640505684 36.7556550534808 48419.6
-116.59778655042535 36.755655058689456 48419.9
-116.59780906832376 36.75565505899406 48420.8
-116.59783160649371 36.75565505240855 48421.7
-116.59785416899592 36.755655040794736 48422.3
-116.59787676107194 36.75565502933731 48422.2
-116.59789938932708 36.75565502334072 48421.8
-116.59792205378965 36.75565502219204 48422.1
-116.59794475757698 36.755655022664456 48422.5
-116.59796750194496 36.75565501871748 48423.0
-116.59799031265122 36.7556549976588 48423.5
-116.59801318722216 36.75565495643605 48424.0
-116.59803612808298 36.75565489404963 48424.3
-116.59805913197953 36.75565480979559 48424.6
-116.59808221691854 36.75565470295209 48424.9
-116.59810535750071 36.755654586966486 48425.2
-116.5981285434218 36.75565447321796 48425.7
-116.5981517660487 36.75565437093631 48426.0
-116.59817500545184 36.75565428710308 48426.5
-116.59819825158765 36.7556542243028 48426.9
-116.5982215023578 36.75565418530444 48427.6
-116.59824476864203 36.75565416815929 48428.1
-116.59826805891024 36.75565417019744 48428.3
-116.59829139171138 36.75565418013042 48428.2
-116.59831478135683 36.75565418823447 48428.4
-116.59833823248228 36.75565418250889 48428.8
-116.59836179389436 36.75565414044243 48429.6
-116.59838546211977 36.755654055260095 48430.1
-116.59840923727334 36.755653924376894 48430.3
-116.59843308199564 36.75565375263021 48430.5
-116.5984569269858 36.75565354994887 48430.9
-116.5984806377144 36.75565333081121 48431.0
-116.59850406617744 36.75565309188974 48431.0
-116.59852700082912 36.755652828556485 48431.8
-116.5985490417604 36.75565254293552 48432.0
-116.59856995782958 36.75565227428728 48429.6
-116.59867152721368 36.75575261119008 48446.6
-116.59866894515253 36.75576784472712 48458.7
-116.5986664210134 36.75578347889059 48457.8
-116.598664063523 36.75579917274242 48455.7
-116.59866192232188 36.75581472123599 48453.3
-116.59866001375444 36.75582991820186 48451.0
-116.59865838608587 36.75584465659514 48447.9
-116.59865702351902 36.75585889899476 48443.7
-116.5986559412322 36.75587264987209 48440.2
-116.5986551278292 36.755885918784486 48438.3
-116.59865453650256 36.75589886719096 48438.6
-116.598653976332 36.75591157273247 48440.9
-116.59853294344236 36.755990713492416 48443.4
-116.59851166008428 36.75598881161663 48446.0
-116.5984886504812 36.75598708658112 48448.3
-116.59846441380397 36.75598569286828 48449.2
-116.5984391771356 36.75598469045552 48449.6
-116.59841325219188 36.75598407579714 48449.3
-116.59838664795 36.755983848173805 48448.3
-116.59835980784884 36.755983880226985 48447.8
-116.59833296325284 36.75598410425174 48448.0
-116.59830636880686 36.755984459795805 48447.8
-116.5982803029005 36.755984907759 48447.2
-116.5982549379873 36.75598539728978 48446.1
-116.59823041480652 36.755985912783565 48445.5
-116.59820683492654 36.75598644514243 48445.4
-116.59818431404496 36.75598699099466 48445.0
-116.59816261762764 36.75598753771855 48444.5
-116.59814158569466 36.75598806363863 48443.8
-116.59812100071512 36.75598853683489 48443.1
-116.59810069402496 36.75598891095567 48442.3
-116.59808036885852 36.755989181725006 48441.8
-116.59805983435116 36.755989344410914 48441.6
-116.59803890300005 36.7559894044484 48441.3
-116.59801744593943 36.75598935989256 48441.6
-116.59799545328724 36.7559892442553 48442.0
-116.59797293309008 36.755989079989305 48442.8
-116.59794993955173 36.755988892342 48443.1
-116.59792651077848 36.75598870477024 48442.4
-116.59790280243848 36.755988532412566 48442.1
-116.59787890553022 36.755988386515845 48443.3
-116.59785491217876 36.75598827538688 48443.2
-116.59783085837792 36.75598821546699 48441.6
-116.59780678872248 36.75598820469262 48441.3
-116.5977827033095 36.75598823999925 48440.7
-116.5977585981349 36.75598831125637 48439.1
-116.5977344448418 36.75598841288989 48438.1
-116.5977102651378 36.75598852850954 48437.9
-116.5976860713034 36.75598864847491 48437.6
-116.59766187718736 36.755988768143965 48438.0
-116.59763769485252 36.75598889404864 48437.9
-116.59761352767292 36.755989038022165 48437.8
-116.59758937597196 36.75598921083216 48437.9
-116.59756524547836 36.755989416119085 48437.7
-116.59754111625271 36.755989651873165 48436.5
-116.5975169913209 36.75598990290245 48435.2
-116.59749287264452 36.75599015971701 48435.2
-116.59746876225968 36.75599041224272 48435.3
-116.59744467210136 36.75599064427448 48435.1
-116.597420590796 36.75599085230646 48435.3
-116.59739650203332 36.755991033991606 48434.4
-116.59737238647844 36.755991188670095 48432.5
-116.59734823782972 36.75599131966746 48432.1
-116.59732403996392 36.75599144149079 48432.3
-116.59729978102796 36.75599156661119 48431.5
-116.59727544934567 36.755991701179454 48430.4
-116.59725103007712 36.75599183970253 48429.6
-116.59722655228036 36.75599196662981 48429.1
-116.59720203970332 36.755992067724726 48428.6
-116.59717750227288 36.75599213679596 48427.6
-116.59715296356084 36.755992169565694 48427.1
-116.5971284166946 36.75599217176958 48426.2
-116.59710386382967 36.755992148704735 48425.3
-116.59707930465385 36.75599211184326 48424.4
-116.59705474636873 36.75599207926729 48423.6
-116.59703019399828 36.755992072471706 48423.2
-116.59700565512576 36.75599210730689 48423.1
-116.59698114676246 36.75599219085312 48423.4
-116.59695664619213 36.75599232808272 48422.5
-116.596932156206 36.7559925054972 48421.4
-116.59690766225287 36.75599271535586 48421.3
-116.59688315255812 36.755992948259376 48421.3
-116.59685860148583 36.75599318637576 48420.9
-116.59683401020936 36.75599340636448 48419.7
-116.5968093802484 36.755993591773645 48418.3
-116.59678471624036 36.75599373315455 48417.7
-116.5967600753551 36.755993826565714 48418.0
-116.59673546634316 36.75599389202039 48418.9
-116.5967109006352 36.7559939469921 48419.2
-116.5966863840385 36.75599401251339 48418.2
-116.5966618972778 36.755994107029856 48417.9
-116.59663743531848 36.755994224764464 48418.0
-116.59661299374632 36.75599435215788 48417.2
-116.59658856154122 36.75599446787656 48416.2
-116.5965641586854 36.75599454821625 48416.0
-116.59653977774624 36.755994593365024 48416.6
-116.5965154261404 36.755994610973445 48417.1
-116.59649111552288 36.755994618432574 48416.8
-116.5964668509133 36.75599464414031 48417.0
-116.59644262531806 36.75599470734707 48417.3
-116.59641843359634 36.75599481448664 48416.6
-116.59639426398763 36.75599495714514 48415.8
-116.59637007883916 36.755995117022174 48414.6
-116.59634586108704 36.755995266181856 48413.7
-116.59632159779808 36.755995384193646 48413.7
-116.59629727488944 36.75599546030461 48413.7
-116.59627291446284 36.75599548439977 48413.7
-116.59624852028308 36.755995469756016 48414.1
-116.59622410438132 36.755995430192726 48414.1
-116.59619968359092 36.75599538341494 48413.8
-116.596175263062 36.7559953520008 48413.4
-116.59615084285376 36.75599534437202 48413.4
-116.59612641083044 36.75599535789068 48413.7
-116.59610194738478 36.75599538425856 48413.7
-116.59607742029236 36.75599540599188 48412.9
-116.5960528307755 36.75599540900387 48412.1
-116.59602818585496 36.75599539544628 48411.3
-116.5960035041845 36.75599537804916 48411.1
-116.59597879268296 36.75599537667457 48412.1
-116.59595407304488 36.75599540512084 48413.0
-116.59592935955853 36.75599547004919 48413.5
-116.59590466297342 36.75599556952693 48412.2
-116.59587996693236 36.75599569264305 48411.1
-116.59585528501684 36.75599582247983 48410.6
-116.595830629462 36.755995946535045 48409.9
-116.59580601769945 36.75599606297458 48409.8
-116.59578147539504 36.755996179496535 48409.5
-116.59575699447852 36.75599630332398 48409.4
-116.59573256091944 36.75599643710899 48409.4
-116.5957081532096 36.75599657969356 48409.0
-116.59568374073709 36.75599672376233 48408.2
-116.59565929600907 36.75599685383204 48406.8
-116.59563479611556 36.755996957869485 48406.1
-116.59561021459044 36.755997029411006 48405.3
-116.59558555239806 36.755997060680016 48404.5
-116.59556081989572 36.755997057663805 48405.0
-116.59553603268776 36.755997020234304 48405.9
-116.59551121252582 36.75599695204529 48406.4
-116.59548641586376 36.75599685897891 48407.0
-116.5954616681349 36.755996758643846 48407.0
-116.59543698531532 36.75599666268245 48406.7
-116.59541237514928 36.7559965771603 48406.7
-116.59538783867949 36.75599650452404 48406.6
-116.59536336237808 36.755996442038494 48406.5
-116.59533893715428 36.75599638867824 48406.7
-116.595314547247 36.75599634093141 48406.5
-116.5952901833678 36.75599629503376 48407.0
-116.5952658439024 36.75599624947268 48406.6
-116.59524152932788 36.75599620515527 48406.1
-116.59521723820512 36.755996161699 48405.2
-116.59519296155408 36.75599611988779 48405.0
-116.59516867256735 36.75599608358704 48405.8
-116.59514433904756 36.75599605880552 48405.4
-116.5951199383782 36.75599605394026 48403.9
-116.59509541574604 36.7559960797805 48402.2
-116.59507079040664 36.755996127964885 48401.0
-116.59504608307384 36.75599618504637 48399.5
-116.59502132081012 36.75599623422032 48399.6
-116.594996559281 36.755996260764256 48400.2
-116.59497183453732 36.755996259873726 48400.9
-116.59494717263152 36.75599623045607 48401.4
-116.59492258812364 36.755996177399936 48403.1
-116.59489811054677 36.75599611413585 48404.3
-116.59487372026416 36.75599606789692 48405.2
-116.59484940878669 36.75599606172752 48406.0
-116.59482516628432 36.755996106303805 48405.7
-116.59480093069686 36.75599620145648 48404.7
-116.59477657732242 36.755996314763244 48403.6
-116.59475236786518 36.75599642420504 48402.7
-116.5947278846335 36.755996518159606 48402.3
-116.59470341302668 36.75599658473112 48401.8
-116.59467886678593 36.75599663192174 48402.0
-116.59465425714596 36.75599667014452 48402.1
-116.59462959703696 36.75599671009181 48401.9
-116.59460488979803 36.755996765080766 48401.8
-116.59458016230153 36.75599683861399 48402.2
-116.59455543009882 36.75599693260189 48402.9
-116.59453070549216 36.75599704352323 48403.3
-116.59450599241944 36.7559971635316 48402.6
-116.594481293219 36.75599728270926 48402.2
-116.59445660085424 36.75599739870564 48402.4
-116.59443190659684 36.7559975140337 48402.8
-116.59440719911429 36.755997638932776 48403.3
-116.59438248500248 36.75599778325596 48403.4
-116.59435777352012 36.75599795527408 48402.9
-116.5943330823453 36.75599816029037 48401.8
-116.59430840835304 36.755998403569286 48401.5
-116.59428376179184 36.75599867259612 48401.6
-116.5942591361189 36.75599895386535 48401.3
-116.594234513275 36.75599922845452 48401.4
-116.59420989251844 36.7559994776493 48401.1
-116.59418525835753 36.75599969983264 48400.7
-116.59416060600508 36.75599989661984 48401.0
-116.59413592690882 36.75600007068821 48401.1
-116.59411123096498 36.75600021818644 48401.1
-116.59408651589904 36.75600034223245 48400.9
-116.59406178269292 36.7560004445816 48401.2
-116.5940370307046 36.75600052913409 48401.8
-116.59401226196556 36.75600060190145 48401.2
-116.59398746512636 36.75600067393675 48400.0
-116.593962637488 36.7560007538584 48400.2
-116.59393779495468 36.756000852427725 48400.5
-116.593912930701 36.756000984957566 48399.9
-116.5938880692569 36.75600114892089 48399.0
-116.59386322032763 36.75600133258515 48398.4
-116.59383837567628 36.75600151220716 48397.9
-116.59381354351828 36.756001653234485 48397.4
-116.59378871456263 36.75600174114156 48397.1
-116.5937638937682 36.75600176494893 48397.6
-116.59373906981192 36.756001720487845 48397.3
-116.5937142817275 36.75600160640344 48397.5
-116.59368950514026 36.75600145172952 48398.4
-116.59366473845397 36.7560012800001 48398.9
-116.59363999436732 36.756001119530055 48399.1
-116.59361526067684 36.756001000871294 48399.7
-116.59359054585796 36.75600093059289 48400.4
-116.59356585865478 36.75600091077755 48400.3
-116.59354122781036 36.756000937637566 48399.9
-116.5935166578278 36.75600101142187 48399.8
-116.59349215829204 36.7560011114188 48400.5
-116.59346771289428 36.75600122613265 48401.1
-116.59344329796672 36.75600134529124 48400.8
-116.59341888484748 36.756001463296144 48400.2
-116.59339443972128 36.75600157743711 48400.0
-116.59336993375376 36.75600168705726 48399.7
-116.5933453345309 36.75600179434268 48399.2
-116.5933206067192 36.75600189450353 48399.0
-116.5932957713818 36.75600198850721 48399.3
-116.59327086363024 36.75600208106505 48400.1
-116.59324595073346 36.75600217224864 48400.6
-116.59322119372364 36.75600225624115 48400.2
-116.59319678782148 36.7560023261839 48399.6
-116.5931730021844 36.75600238351406 48399.8
-116.59315020546208 36.756002447580656 48401.4
-116.59312896655628 36.75600259016757 48403.7
-116.5931094393556 36.75600291073744 48404.7
-116.59319757987669 36.75629708577256 48396.5
-116.59321570089648 36.75629731251128 48392.3
-116.59323413759329 36.7562974944421 48393.1
-116.59325282166952 36.75629772415821 48393.0
-116.59327176859888 36.756298036645006 48392.7
-116.59329102119008 36.75629844325183 48391.7
-116.5933105722939 36.75629895128896 48390.8
-116.59333041651212 36.75629953020218 48390.2
-116.59335056657818 36.7563001637579 48389.6
-116.59337104375612 36.75630083655944 48389.3
-116.59339189527395 36.756301540606174 48388.4
-116.59341308332796 36.75630226080416 48387.8
-116.59343460546808 36.75630298916225 48387.5
-116.59345644334982 36.75630371929786 48387.1
-116.59347860294108 36.75630445141961 48386.6
-116.59350100044294 36.75630518971658 48385.8
-116.5935236037297 36.756305936326406 48385.6
-116.59354637762226 36.756306686541606 48386.2
-116.59356932276528 36.756307418231565 48386.6
-116.59359240115704 36.756308109291766 48386.5
-116.5936156076474 36.75630874038367 48386.5
-116.5936389157877 36.756309300396815 48386.4
-116.59366237651648 36.75630977447005 48386.2
-116.59368595007044 36.75631017943483 48386.6
-116.59370963293968 36.75631052500173 48386.8
-116.59373341503648 36.756310826062325 48386.4
-116.59375741772033 36.75631110047664 48386.2
-116.59378131890196 36.756311367762656 48386.4
-116.59380539246231 36.75631163956351 48386.1
-116.5938296227662 36.75631191305177 48385.9
-116.5938538102974 36.75631216797578 48386.1
-116.59387802273032 36.75631238531837 48386.1
-116.59390223439486 36.75631254759033 48386.0
-116.5939264031868 36.75631264828612 48386.1
-116.59395053236592 36.756312686257935 48386.0
-116.59397460119196 36.75631268669338 48385.7
-116.59399861290964 36.7563126695666 48385.8
-116.59402259650824 36.756312659787 48385.0
-116.59404657637384 36.75631268360431 48383.9
-116.59407060789768 36.756312739529285 48384.5
-116.59409472565822 36.756312820798655 48385.0
-116.59411893898978 36.75631291143576 48384.4
-116.594143246314 36.756312983116935 48384.2
-116.59416759173592 36.75631301586694 48384.0
-116.59419192390776 36.75631299661135 48383.3
-116.59421618669712 36.75631292114787 48383.1
-116.59424038567722 36.75631279535279 48383.2
-116.59426454292752 36.75631265781114 48383.0
-116.59428869482912 36.75631254317063 48382.4
-116.59431289458628 36.75631248864386 48381.6
-116.59433711718098 36.75631254228923 48381.6
-116.59436137201816 36.75631270114684 48381.7
-116.59438562312948 36.756312953990616 48381.4
-116.59440981436228 36.75631326677217 48382.7
-116.594433867829 36.75631357623368 48383.9
-116.59445779682824 36.756313814276126 48384.5
-116.59448161237746 36.756313938044414 48385.5
-116.59450529492037 36.75631393435416 48387.0
-116.59452890681771 36.75631380421598 48387.2
-116.59455243957564 36.75631360433528 48386.3
-116.59457591170144 36.756313372662525 48385.9
-116.59459935472012 36.75631314041727 48386.6
-116.59462280052236 36.75631292815118 48387.2
-116.59464629658169 36.75631273970112 48387.0
-116.59466987279605 36.75631257664728 48386.8
-116.59469354970028 36.75631243138803 48385.9
-116.59471734851276 36.75631227984225 48385.0
-116.59474126829888 36.75631208730748 48385.6
-116.5947653086958 36.75631183347439 48386.7
-116.59478943456804 36.75631152289912 48387.1
-116.59481358059853 36.75631119272952 48386.9
-116.5948376675742 36.756310881870135 48386.8
-116.5948616693165 36.75631060820466 48386.7
-116.59488559067196 36.75631038158184 48386.7
-116.59490940515782 36.75631021528957 48387.2
-116.59493316289613 36.75631009958655 48387.5
-116.5949568859291 36.75631002937051 48387.2
-116.59498059857448 36.7563099968845 48387.3
-116.59500431171888 36.75630998611875 48387.6
-116.5950280513862 36.756309972572616 48388.4
-116.5950518078492 36.756309944003725 48389.0
-116.59507555150614 36.75630989908625 48388.6
-116.595099239001 36.756309847885575 48387.8
-116.5951228538428 36.75630979972481 48387.8
-116.5951463975349 36.75630975616669 48388.4
-116.59516988809897 36.75630971455215 48389.2
-116.59519335998787 36.75630966641777 48389.5
-116.59521685443828 36.75630959988344 48389.9
-116.59524040437223 36.75630950452854 48390.2
-116.59526402324408 36.75630937879039 48390.4
-116.59528773860288 36.75630922692744 48390.3
-116.59531152969892 36.7563090655215 48389.9
-116.59533539405837 36.75630890417765 48389.6
-116.59535932766832 36.75630874367519 48389.7
-116.59538333587606 36.75630857644656 48390.4
-116.5954074060051 36.75630839365903 48390.8
-116.5954315210702 36.75630819726623 48390.9
-116.59545564745945 36.75630799992218 48391.1
-116.59547973264335 36.75630781907587 48391.4
-116.59550376014198 36.75630765881377 48391.7
-116.59552772475612 36.75630752039188 48391.8
-116.59555163832898 36.756307399649344 48392.1
-116.59557550972605 36.75630728861447 48392.8
-116.5955993734778 36.75630717201198 48392.8
-116.59562324527607 36.75630703784789 48393.2
-116.59564713290403 36.75630688351868 48393.3
-116.59567103201854 36.75630672180632 48393.2
-116.59569491845404 36.75630657208644 48392.6
-116.59571878066404 36.756306443883936 48392.2
-116.59574261979375 36.75630633761672 48392.7
-116.59576642442036 36.75630625353768 48393.4
-116.59579021574118 36.756306184654775 48394.2
-116.59581400698148 36.756306129554055 48394.7
-116.59583781364536 36.75630608793338 48394.5
-116.59586164302571 36.75630606121141 48394.5
-116.59588550075748 36.756306048715565 48394.9
-116.59590938584948 36.75630605499648 48395.4
-116.59593329857525 36.75630608434621 48395.5
-116.59595721146958 36.756306146060325 48395.5
-116.59598112230796 36.75630623456892 48395.2
-116.59600503869352 36.756306342065656 48395.4
-116.59602897291032 36.75630645957504 48396.2
-116.59605294220825 36.756306581956665 48397.1
-116.59607695312955 36.75630671063732 48397.4
-116.59610101484871 36.75630684969916 48396.9
-116.59612513184688 36.75630699927747 48396.0
-116.5961493160318 36.75630714758553 48397.4
-116.59617357722084 36.756307278987286 48398.2
-116.59619793729516 36.75630738069151 48397.7
-116.59622241117728 36.75630744426391 48397.9
-116.59624705748422 36.75630745807972 48398.2
-116.5962718525834 36.75630742557559 48398.3
-116.59629679620576 36.75630734378088 48398.8
-116.59632186112104 36.756307215057646 48399.4
-116.59634702821648 36.756307045917936 48399.7
-116.59637221479493 36.75630685905895 48399.6
-116.59639737107577 36.75630666844616 48399.4
-116.59642246269787 36.75630648494881 48399.4
-116.59644744942416 36.7563063230084 48399.4
-116.59647235608476 36.756306183165904 48399.5
-116.59649720177636 36.75630606397765 48399.7
-116.59652200945196 36.75630596520567 48400.0
-116.59654676306324 36.75630588911606 48399.9
-116.5965714610821 36.756305823032456 48400.4
-116.59659608466336 36.756305753567695 48400.8
-116.5966206019792 36.756305669732974 48401.0
-116.59664498563676 36.75630556014819 48401.7
-116.59666924456916 36.756305420160494 48402.4
-116.59669339133436 36.756305245949584 48402.4
-116.59671744349863 36.75630503931793 48402.9
-116.59674147344823 36.75630480433808 48403.8
-116.59676553276807 36.75630456458104 48404.6
-116.5967896482674 36.75630434083908 48405.0
-116.59681383186054 36.75630414900024 48405.1
-116.59683804486347 36.756304003309445 48405.0
-116.59686226052972 36.756303891207565 48404.7
-116.59688645019445 36.75630378911382 48404.6
-116.5969105684066 36.7563036611348 48405.4
-116.59693460906448 36.756303460391365 48406.5
-116.59695855092372 36.75630318489634 48406.4
-116.59698239405432 36.75630284486804 48407.3
-116.59700615032976 36.756302463192206 48408.2
-116.59702984861477 36.756302076113954 48408.5
-116.59705350823003 36.75630172337909 48408.3
-116.59707713014984 36.75630143719751 48408.1
-116.59710073095108 36.75630124140977 48407.7
-116.59712424980953 36.756301149206806 48407.9
-116.5971477389226 36.756301118527965 48408.9
-116.59717122050051 36.75630111760584 48410.1
-116.59719470092476 36.756301122715776 48410.4
-116.59721816365864 36.75630111824994 48409.8
-116.59724158654768 36.75630109344873 48409.8
-116.59726495605676 36.75630104100984 48411.2
-116.59728825716924 36.75630096666434 48412.1
-116.59731146906786 36.75630089377522 48411.1
-116.5973346071398 36.75630084477688 48410.3
-116.59735771729471 36.75630082688927 48411.9
-116.5973808807286 36.75630083720132 48413.9
-116.59740418758152 36.756300871955226 48414.3
-116.59742767228668 36.75630093171896 48413.4
-116.59745134565608 36.75630102227266 48412.9
-116.59747521719974 36.75630114299412 48412.5
-116.59749927645676 36.7563012826226 48412.2
-116.59752347490038 36.75630141565209 48413.1
-116.59754777043352 36.75630152984744 48414.7
-116.59757210246956 36.7563016264714 48415.7
-116.59759641404122 36.756301711102736 48415.3
-116.5976206687948 36.75630179262559 48414.7
-116.5976449605029 36.75630187321769 48415.1
-116.5976691160224 36.75630195019351 48416.4
-116.59769326884708 36.7563020218437 48416.3
-116.59771745527308 36.75630208011634 48416.6
-116.597741716196 36.75630210831883 48417.4
-116.59776608281192 36.75630208770901 48418.0
-116.59779063612504 36.756301994457225 48418.1
-116.59781531834288 36.7563018272723 48418.7
-116.59784006960976 36.75630157520572 48418.9
-116.59786478673148 36.75630123323021 48419.1
-116.59788941390568 36.756300798265045 48419.3
-116.59791387904242 36.756300313257405 48419.0
-116.59793816496284 36.75629981489372 48419.2
-116.59796229581164 36.75629933887358 48419.1
-116.59798628673327 36.75629892197992 48418.2
-116.59801021450964 36.75629857909135 48417.7
-116.5980341071516 36.75629832204099 48418.4
-116.59805799501213 36.756298145654206 48419.4
-116.59808183563383 36.756298041576976 48421.3
-116.5981056310967 36.756297979752674 48422.2
-116.59812934988712 36.75629794403445 48422.0
-116.59815296814624 36.756297917245824 48422.1
-116.59817646957052 36.7562978800679 48422.6
-116.5981998715027 36.7562978266328 48423.2
-116.5982231926258 36.75629776037339 48424.0
-116.5982464706216 36.75629769086403 48424.5
-116.59826973285386 36.75629763620322 48424.4
-116.59829299028488 36.756297614268334 48424.0
-116.59831624548616 36.7562976396944 48424.3
-116.59833952147368 36.756297716238336 48425.0
-116.59836283687756 36.756297834139176 48425.9
-116.59838624692432 36.75629796306456 48426.4
-116.59840979207785 36.7562980763928 48427.0
-116.59843347885231 36.75629815089324 48427.3
-116.59845732832368 36.75629816157176 48427.5
-116.59848122740752 36.756298107693 48428.1
-116.59850504916687 36.75629797985427 48428.8
-116.59852856529008 36.75629776943044 48429.5
-116.5985514285782 36.7562974695804 48429.6
-116.59852911226488 36.75660787781256 48436.8
-116.59851018226216 36.75660946004153 48446.6
-116.59849051887818 36.75661097080396 48445.7
-116.5984702443712 36.75661235141883 48444.7
-116.59844947473351 36.75661361076394 48444.2
-116.598428265321 36.75661475201937 48445.0
-116.59840662776892 36.7566157883474 48444.3
-116.59838462990572 36.75661672070671 48443.1
-116.59836231771996 36.75661758031742 48444.9
-116.5983397138356 36.75661837459118 48448.2
-116.598316807959 36.75661910633985 48448.3
-116.59829362834776 36.7566197500532 48447.5
-116.59827022194249 36.75662030033501 48447.0
-116.59824662130649 36.7566207377268 48446.8
-116.59822283120728 36.756621046590105 48447.2
-116.59819897788144 36.75662121031868 48447.0
-116.59817510187456 36.75662128064506 48446.7
-116.59815126402847 36.75662130014939 48446.5
-116.59812752755012 36.756621312624986 48447.3
-116.59810392779656 36.75662136053016 48445.6
-116.59808045097692 36.756621452922026 48446.1
-116.5980570695328 36.75662158036627 48447.0
-116.59803372669354 36.75662171881661 48445.9
-116.5980103536476 36.75662182304592 48444.6
-116.59798687951516 36.756621857927136 48443.5
-116.59796324902744 36.75662180219951 48440.8
-116.5979394116802 36.75662165888871 48438.5
-116.59791538594808 36.75662146199654 48438.5
-116.59789123204736 36.75662128115912 48439.1
-116.59786702744388 36.75662116909015 48440.4
-116.59784288649531 36.7566211607455 48441.5
-116.59781882828857 36.75662127975004 48441.2
-116.59779489957543 36.75662148825215 48439.4
-116.597771093466 36.7566217530724 48437.5
-116.59774736982116 36.756622036401176 48436.0
-116.59772368236052 36.756622295646 48434.7
-116.59769997593592 36.7566225123132 48435.0
-116.59767621566743 36.75662268306641 48434.9
-116.59765237692174 36.75662281810759 48434.0
-116.59762845726638 36.75662293200591 48433.7
-116.5976044657138 36.756623041487934 48433.6
-116.5975804123862 36.75662315857589 48433.6
-116.5975563122669 36.756623296020685 48434.6
-116.59753215683789 36.75662345883968 48435.4
-116.59750796838868 36.75662362653812 48434.6
-116.5974837466442 36.756623781352594 48433.9
-116.59745947659736 36.756623905924 48434.5
-116.59743516541884 36.75662398417632 48435.3
-116.59741080420532 36.7566240220204 48434.9
-116.59738640101124 36.75662402568606 48432.5
-116.59736196985406 36.75662400670841 48431.1
-116.59733754830616 36.75662397901984 48431.0
-116.59731315842193 36.75662395976465 48430.9
-116.59728880935128 36.75662395890362 48430.1
-116.59726449521428 36.75662398323603 48428.5
-116.5972401720746 36.75662404049351 48428.2
-116.59721583867434 36.756624125502846 48428.8
-116.59719150677226 36.756624240625136 48428.8
-116.59716719956012 36.75662439281712 48428.7
-116.59714290383845 36.75662458880056 48428.4
-116.59711863168936 36.75662481474583 48426.6
-116.5970943925534 36.756625063560186 48424.7
-116.59707019945212 36.75662532775216 48425.1
-116.59704604573248 36.756625596405485 48426.4
-116.5970219120597 36.756625854968405 48425.9
-116.5969977812559 36.75662609275872 48423.1
-116.5969736301339 36.75662629668581 48421.7
-116.59694947964552 36.75662644468754 48420.4
-116.59692533413424 36.75662654423752 48417.6
-116.59690111111144 36.756626614150015 48419.5
-116.59687701654984 36.75662667689177 48421.0
-116.59685295226164 36.7566267511218 48421.0
-116.59682890978031 36.756626842813056 48420.3
-116.59680488286828 36.75662694838807 48419.4
-116.59678085901548 36.75662705472349 48418.8
-116.59675683969928 36.75662713791382 48418.4
-116.596732824385 36.75662718068845 48417.8
-116.5967088304172 36.756627174721686 48417.6
-116.596684886929 36.75662712481868 48419.2
-116.5966610716877 36.756627037389535 48420.6
-116.59663738570634 36.756626924605726 48420.1
-116.59661382541547 36.756626785691466 48420.3
-116.59659035763056 36.75662662197959 48421.3
-116.59656694784272 36.75662644837279 48421.6
-116.5965435297332 36.756626291822805 48421.6
-116.59652005978262 36.756626180117486 48422.6
-116.59649652016824 36.7566261304948 48421.9
-116.59647284055616 36.75662615475343 48422.4
-116.59644906022592 36.756626238321495 48422.3
-116.5964251940079 36.75662637482661 48421.1
-116.596401263086 36.75662655738928 48420.4
-116.59637724051753 36.75662678061331 48420.0
-116.59635314247022 36.75662701991656 48417.5
-116.59632895788724 36.75662725203436 48414.1
-116.59630465470208 36.756627455117325 48410.6
-116.59628023059382 36.756627605073 48409.4
-116.59625570294598 36.75662771273377 48413.6
-116.59623110376792 36.756627796028674 48416.5
-116.59620648551147 36.756627877230365 48417.9
-116.59618189951284 36.75662797134172 48418.6
-116.59615738285892 36.75662806464752 48416.9
-116.5961329541262 36.75662813021315 48413.1
-116.5961085966289 36.75662814011627 48411.3
-116.59608433840089 36.75662807226752 48412.0
-116.59606012281814 36.7566279483648 48414.0
-116.5960359256846 36.75662778951132 48414.9
-116.59601174061244 36.756627617896974 48414.9
-116.5959875669478 36.756627458741285 48415.1
-116.59596340106263 36.75662732978781 48415.1
-116.59593923973227 36.75662724213153 48414.1
-116.5959150936262 36.75662720231113 48413.6
-116.5958909304068 36.75662722271848 48414.6
-116.5958667645233 36.756627292562285 48416.3
-116.59584259692042 36.756627400725 48418.7
-116.59581842923892 36.756627528990805 48418.0
-116.59579426508138 36.75662765270135 48415.2
-116.59577011434553 36.75662775027356 48414.3
-116.59574598386575 36.75662780514242 48415.0
-116.5957218654501 36.7566278027645 48415.6
-116.59569781931592 36.75662773003626 48415.5
-116.59567384181253 36.756627603932806 48415.4
-116.59564994529148 36.756627432029326 48415.4
-116.595626124179 36.75662722303649 48416.7
-116.59560239457632 36.75662697663441 48414.5
-116.59557871499103 36.7566267003488 48411.6
-116.59555506626468 36.756626401171886 48411.0
-116.59553144353288 36.75662609482789 48411.9
-116.5955078525466 36.756625812868485 48413.3
-116.59548431164144 36.75662558518568 48415.2
-116.59546084338862 36.7566254322464 48415.7
-116.59543748742128 36.75662536209813 48415.8
-116.59541420679278 36.75662537415303 48413.6
-116.59539098492986 36.75662542755448 48412.1
-116.59536777560068 36.75662548242349 48410.6
-116.59534451101064 36.75662549655876 48409.2
-116.59532119121673 36.756625436398345 48409.5
-116.5952978052642 36.756625313969394 48409.9
-116.59527436775916 36.75662515160058 48409.5
-116.59525091539558 36.75662498293468 48410.1
-116.5952274787336 36.756624849578905 48410.3
-116.59520408518289 36.75662476953156 48409.9
-116.59518074004512 36.75662474812214 48411.1
-116.59515744926756 36.75662478104808 48411.2
-116.5951341828198 36.75662485788377 48409.9
-116.59511094016088 36.75662495289717 48410.0
-116.59508771997636 36.756625049575376 48410.5
-116.59506452089316 36.75662513214084 48410.4
-116.59504136833648 36.75662518606392 48409.8
-116.59501825487187 36.75662521007593 48410.1
-116.5949951728776 36.756625201533126 48411.3
-116.5949720920424 36.75662515794901 48412.4
-116.5949489930124 36.75662506512221 48411.6
-116.5949258297376 36.75662491619539 48410.1
-116.59490257029614 36.75662469587516 48411.3
-116.5948791732832 36.75662438627343 48411.4
-116.59485570753812 36.75662396676936 48409.1
-116.59483221878376 36.75662347345921 48407.2
-116.5948087735072 36.75662295327935 48408.0
-116.5947854621066 36.75662246135892 48409.1
-116.59476233236902 36.75662206287426 48410.1
-116.59473941396988 36.75662177747289 48410.4
-116.5947167194028 36.75662161091064 48409.4
-116.59469426947376 36.756621551586335 48409.1
-116.59467200079489 36.756621583647984 48409.6
-116.59464986709412 36.756621658899405 48409.9
-116.59462781538046 36.75662174356109 48410.8
-116.5946057742418 36.75662180249864 48408.3
-116.59458371686476 36.75662179424122 48404.5
-116.5945615976666 36.756621719221535 48402.5
-116.59453939335658 36.756621594173644 48402.1
-116.59451709762342 36.7566214516914 48401.7
-116.59449468693512 36.75662135366693 48400.1
-116.59447218820912 36.756621353168725 48403.9
-116.59444962007956 36.75662147975616 48405.5
-116.5944270199826 36.75662173044197 48403.7
-116.59440432578016 36.75662207828492 48402.2
-116.59438158049844 36.7566224510305 48400.0
-116.5943587828606 36.756622801716446 48399.1
-116.59433590905864 36.7566230956152 48398.7
-116.59431300900532 36.75662330201232 48397.9
-116.594290091405 36.75662343853621 48398.8
-116.59426718216736 36.75662352331732 48402.0
-116.594244308753 36.756623579851606 48403.2
-116.59422150399207 36.75662362946902 48402.9
-116.59419875323664 36.756623683867325 48403.8
-116.59417602946289 36.75662373996691 48403.9
-116.59415328601906 36.75662378473925 48402.0
-116.59413048321387 36.756623802276096 48400.6
-116.59410758645124 36.75662379236299 48400.1
-116.59408458334944 36.756623764026834 48401.6
-116.59406148369234 36.756623734696085 48403.5
-116.59403829509344 36.75662372778152 48405.1
-116.5940150593502 36.75662375960911 48405.7
-116.59399179482764 36.75662384386971 48405.9
-116.59396852915376 36.75662398513536 48406.3
-116.59394523445955 36.756624185321485 48406.2
-116.5939219174312 36.75662441645641 48406.0
-116.59389856609576 36.75662465075562 48405.9
-116.593875149108 36.75662485490669 48405.5
-116.59385169104516 36.75662498123191 48404.8
-116.59382819462144 36.756625022064725 48405.0
-116.59380466968388 36.75662498194062 48406.0
-116.59378111814412 36.75662488212352 48406.4
-116.5937575630118 36.75662475394702 48406.4
-116.59373398912382 36.7566246342109 48406.5
-116.59371038465808 36.75662453998248 48406.6
-116.59368674653912 36.75662447724099 48406.7
-116.59366304548136 36.75662445524478 48407.4
-116.59363930515964 36.756624474791735 48407.2
-116.59361553705192 36.75662453856648 48407.5
-116.59359175674436 36.7566246415686 48407.1
-116.59356795809003 36.75662477732812 48405.8
-116.59354415686724 36.75662493529575 48405.6
-116.59352034675705 36.75662511809589 48406.0
-116.59349651682795 36.756625330212046 48405.2
-116.59347261796265 36.7566255745885 48404.6
-116.59344863738283 36.75662583891418 48403.8
-116.59342455219284 36.75662611466486 48403.0
-116.59340033759564 36.756626395648695 48403.2
-116.59337596394242 36.75662666853962 48403.6
-116.59335144617076 36.75662691824146 48403.8
-116.59332679385048 36.75662712188173 48403.9
-116.5933020065316 36.756627254589965 48403.0
-116.5932771873271 36.75662728611908 48403.0
-116.59325243069053 36.756627232023455 48403.6
-116.59322789339326 36.756627115953535 48405.3
-116.59320383376637 36.75662698484575 48406.6
-116.59318067505286 36.75662692896415 48406.8
-116.59317217525012 36.75692240219932 48401.4
-116.59319011161146 36.75692310085206 48393.8
-116.59320859809968 36.756923654704615 48391.9
-116.59322763539048 36.75692417950465 48389.9
-116.5932470715073 36.756924731016525 48388.1
-116.59326687204091 36.75692531594519 48386.5
-116.59328699936276 36.75692592509509 48386.1
-116.59330744205414 36.75692653712239 48386.3
-116.59332813042874 36.75692713144664 48386.3
-116.59334903805612 36.756927693128254 48386.5
-116.5933701297232 36.75692821037921 48387.0
-116.59339143479816 36.75692866592507 48387.2
-116.59341288853436 36.75692906162551 48387.2
-116.59343446829902 36.75692939769382 48387.0
-116.59345614435829 36.75692968073418 48387.0
-116.5934779399396 36.75692991463769 48386.9
-116.59349981608187 36.75693011478408 48386.3
-116.59352176154172 36.75693029300962 48385.9
-116.593543760282 36.75693045756713 48385.1
-116.59356581253827 36.756930603467374 48384.4
-116.59358789428092 36.75693072106761 48384.4
-116.5936099875247 36.75693079454482 48384.7
-116.59363203954403 36.75693080678426 48384.8
-116.5936540364662 36.756930727686914 48385.1
-116.59367590746366 36.75693055083954 48385.0
-116.5936976004131 36.756930263326176 48385.0
-116.59371903645584 36.75692986301832 48384.9
-116.59374023157964 36.756929349738925 48384.9
-116.59376118281553 36.75692877662923 48384.7
-116.5937819061052 36.75692819290983 48384.2
-116.59380246239184 36.7569276564354 48383.4
-116.5938228250431 36.7569272539641 48383.0
-116.59384309102884 36.7569270237731 48382.9
-116.59386331351033 36.756926996257775 48383.3
-116.59388360973 36.756927182039696 48384.0
-116.59390392280515 36.75692759261527 48384.5
-116.5939243795838 36.75692816578427 48385.0
-116.59394503988166 36.75692885693105 48385.9
-116.59396595346648 36.756929612705605 48386.8
-116.59398714581988 36.75693037462448 48386.9
-116.5940085660119 36.756931087834175 48386.9
-116.59403018952852 36.756931712682096 48387.7
-116.5940519586429 36.75693222123899 48388.4
-116.59407394937276 36.75693258448938 48388.4
-116.5940960740884 36.7569328244392 48387.5
-116.59411830434856 36.75693295356793 48386.9
-116.59414059615132 36.75693298598205 48387.2
-116.59416298312262 36.75693292926045 48387.2
-116.59418541287332 36.75693282080224 48386.9
-116.59420787351756 36.75693269330497 48386.4
-116.59423036772444 36.75693258628912 48385.3
-116.59425284611396 36.75693254417799 48384.3
-116.59427530846745 36.756932577964655 48384.2
-116.594297752255 36.75693269175537 48384.7
-116.59432019209576 36.75693287703543 48384.6
-116.59434260223344 36.75693311367712 48384.6
-116.5943650146882 36.75693336395057 48385.2
-116.59438743837136 36.75693360282423 48385.5
-116.5944098686642 36.75693380926799 48385.5
-116.59443234021052 36.756933962586686 48385.7
-116.5944548416432 36.75693406506043 48386.0
-116.59447737039214 36.756934120363056 48386.1
-116.59449991556832 36.75693413466768 48385.8
-116.59452249819104 36.75693411785952 48385.8
-116.59454509946586 36.75693408919892 48385.8
-116.5945677111816 36.75693405943091 48385.9
-116.59459031927528 36.756934033281446 48386.2
-116.59461289543476 36.756934010459496 48386.5
-116.5946354261994 36.75693398537887 48386.4
-116.59465789713896 36.756933950823445 48386.3
-116.59468029343732 36.7569338980525 48386.3
-116.5947026088094 36.7569338139021 48386.1
-116.59472482469369 36.75693369728181 48386.1
-116.59474691167031 36.75693354811156 48386.1
-116.59476883160204 36.75693337053057 48386.0
-116.59479056465484 36.75693317396976 48386.1
-116.59481213395844 36.756932978071205 48386.4
-116.59483356019769 36.756932798721685 48386.5
-116.59485488270656 36.75693264723551 48386.4
-116.59487612087864 36.75693253393645 48386.2
-116.59489734025342 36.75693245737915 48386.3
-116.59491857541056 36.756932422555245 48386.7
-116.59493986998174 36.7569324310344 48387.5
-116.59496123242988 36.756932489090985 48388.0
-116.59498269170876 36.75693258935669 48388.3
-116.5950042783983 36.756932724553415 48388.5
-116.5950260351655 36.75693288553589 48388.7
-116.59504799933806 36.756933064383446 48388.9
-116.59507015786032 36.75693324717747 48389.3
-116.595092497203 36.75693342850398 48389.4
-116.59511499404132 36.75693360905071 48389.4
-116.59513762846856 36.75693379262034 48389.7
-116.59516036086092 36.756933983345405 48389.8
-116.59518317639213 36.7569341844994 48389.8
-116.59520606710149 36.75693439452108 48389.9
-116.5952290270696 36.75693460575603 48390.1
-116.59525213876462 36.75693480527366 48390.2
-116.5952751332312 36.75693497657934 48390.7
-116.59529828443878 36.756935110544354 48391.0
-116.59532153092532 36.7569351946594 48390.8
-116.59534483805956 36.75693523912917 48390.8
-116.5953681801929 36.75693525224565 48391.2
-116.59539162188165 36.75693524452716 48391.6
-116.59541497502347 36.75693522333994 48391.9
-116.59543833180146 36.756935200292425 48392.1
-116.59546170249244 36.75693518462415 48392.0
-116.59548511137736 36.756935182338246 48391.8
-116.59550858071482 36.75693519861351 48392.1
-116.5955321356872 36.756935230449145 48392.6
-116.5955558024244 36.75693527649812 48393.0
-116.59557961061384 36.756935338575175 48393.1
-116.59560356856072 36.75693542174798 48393.0
-116.59562761944925 36.75693552294015 48392.9
-116.5956516626842 36.7569356321302 48392.7
-116.5956754907294 36.75693571977577 48392.9
-116.59569874553117 36.75693572039671 48393.2
-116.5957210261144 36.75693557469434 48393.7
-116.5957418038142 36.75693520768365 48393.4
