Long Lat Mag_nT
-116.6003866495346 36.76893344140744 48408.7
-116.60038935856964 36.7689170764732 48414.3
-116.6003921189411 36.76889966626145 48419.4
-116.60039456033653 36.76888123975641 48421.3
-116.60039650587576 36.76886220210677 48422.1
-116.60039786108224 36.768842924265314 48423.0
-116.60039861599884 36.7688238452232 48423.9
-116.60039876632236 36.76880545326757 48424.2
-116.600398575677 36.76878810826249 48423.8
-116.600466264324 36.768712689123966 48416.2
-116.6004826637064 36.7687145387215 48414.0
-116.60050089026498 36.76871684452647 48417.9
-116.60052071842335 36.76871925237346 48420.6
-116.60054207530835 36.768721563509374 48420.2
-116.60056476476343 36.768723643744615 48418.1
-116.60058888111828 36.76872537179842 48415.4
-116.60061400698332 36.76872676441823 48412.9
-116.60063983299035 36.76872782300871 48409.6
-116.60066604050488 36.76872856486836 48405.4
-116.60069239702564 36.76872898434946 48401.5
-116.60071859059532 36.76872917080407 48397.7
-116.6007443638884 36.76872916924396 48394.2
-116.60076951114428 36.768729017260384 48391.0
-116.60079379440243 36.768728723908445 48387.7
-116.60081726255372 36.768728339540765 48384.2
-116.60083991786644 36.76872789944671 48381.2
-116.60086183291908 36.76872744334335 48378.5
-116.60088306648557 36.76872702036265 48376.6
-116.6009039045043 36.76872667187232 48375.5
-116.6009245631297 36.768726433264526 48374.6
-116.60094529018224 36.76872633333066 48373.8
-116.60096640244996 36.76872641975504 48373.1
-116.60098786207728 36.768726664477775 48372.5
-116.60100987045855 36.76872704107713 48371.7
-116.60103246682549 36.76872750723416 48370.6
-116.60105568740904 36.76872800691165 48368.6
-116.60107936701544 36.76872847002262 48365.9
-116.60110340532768 36.76872884600208 48363.6
-116.60112767199162 36.76872910402989 48361.5
-116.6011521413736 36.768729207647645 48358.8
-116.6011766912446 36.768729185706334 48356.7
-116.6012012578297 36.76872905877754 48355.2
-116.60122579648512 36.76872885603133 48353.4
-116.60125029490496 36.76872860801835 48351.5
-116.60127473832796 36.768728350593065 48349.5
-116.60129912343264 36.76872809976816 48347.9
-116.60132345738651 36.76872786469742 48346.5
-116.60134773188076 36.76872765443028 48344.8
-116.6013719651811 36.768727468192665 48343.2
-116.60139616860344 36.76872730984713 48341.7
-116.60142036646695 36.76872718263626 48340.4
-116.60144456436768 36.768727092500896 48338.8
-116.6014687796806 36.76872703054176 48337.1
-116.60149301922549 36.76872699504394 48335.7
-116.60151728136604 36.76872698489064 48334.3
-116.60154155399472 36.76872700188918 48333.0
-116.60156583781364 36.76872704589183 48331.7
-116.60159013851694 36.76872712635612 48330.3
-116.60161447022136 36.768727252215605 48329.0
-116.6016388199792 36.768727440229846 48327.6
-116.60166318734392 36.76872768260116 48326.2
-116.60168757093744 36.76872797387379 48324.9
-116.60171197230748 36.76872830570203 48324.0
-116.60173637008788 36.76872867013586 48323.0
-116.60176075995352 36.7687290418589 48321.8
-116.60178513307956 36.768729403515394 48320.7
-116.60180947187858 36.76872974175328 48319.7
-116.60183377577816 36.768730035652816 48318.9
-116.6018580436958 36.768730279890896 48317.9
-116.60188227745596 36.76873047066688 48316.9
-116.6019064789726 36.76873060867194 48316.1
-116.60193069506872 36.76873069217293 48315.8
-116.60195494535756 36.76873074313788 48315.3
-116.60197924073832 36.768730771631326 48314.6
-116.60200357692996 36.768730782205296 48313.9
-116.60202794976232 36.768730768112434 48313.5
-116.60205233268564 36.76873072857489 48313.3
-116.60207670969592 36.7687306613572 48313.2
-116.60210106347348 36.768730567358986 48312.9
-116.6021253884464 36.76873044396845 48312.6
-116.60214968464176 36.76873029928064 48312.4
-116.60217395620325 36.76873013852327 48312.6
-116.6021982131642 36.76872997039594 48312.8
-116.602222464145 36.76872980758839 48313.0
-116.60224672032992 36.768729662781936 48313.4
-116.60227099066408 36.768729552716 48313.6
-116.6022952927658 36.7687294956641 48313.5
-116.6023195999404 36.768729516949605 48313.6
-116.6023439137604 36.76872960586801 48313.8
-116.60236824325077 36.76872975308756 48314.2
-116.60239260641478 36.76872994627431 48314.6
-116.60241700064724 36.76873017704131 48315.2
-116.6024414273564 36.76873042592037 48315.6
-116.60246588249748 36.76873067961564 48315.7
-116.60249034910385 36.7687309263851 48315.9
-116.6025148200658 36.76873115453402 48316.1
-116.60253928508976 36.76873136562672 48316.1
-116.60256373971502 36.76873156010775 48315.9
-116.60258818073596 36.76873173877871 48316.1
-116.60261262025392 36.76873189429634 48316.5
-116.60263706860133 36.76873202896351 48316.8
-116.60266152664344 36.768732149839785 48316.8
-116.60268599258518 36.76873226423391 48316.8
-116.6027104525882 36.7687323857993 48316.6
-116.60273488445644 36.76873252174684 48316.6
-116.6027592729803 36.768732676176846 48316.6
-116.602783615558 36.768732850077605 48316.7
-116.60280790352816 36.76873304091015 48316.9
-116.60283216790609 36.76873323105255 48317.5
-116.602856436417 36.76873340405371 48318.3
-116.60288072654356 36.768733546547104 48319.0
-116.60290507721524 36.76873363913335 48319.6
-116.6029294831894 36.76873368178364 48320.1
-116.60295393850528 36.76873367599105 48320.7
-116.6029784339378 36.76873362840658 48321.7
-116.6030029947562 36.7687335478668 48322.6
-116.60302761311684 36.76873346155968 48323.6
-116.60305228924008 36.7687333885343 48325.0
-116.6030770290945 36.76873334310265 48326.0
-116.60310181304278 36.76873334752521 48327.3
-116.6031266103218 36.76873340235362 48328.4
-116.60315139662796 36.76873349769456 48329.7
-116.60317615752686 36.76873361844688 48331.4
-116.6032008715148 36.76873375391889 48333.2
-116.6032255469472 36.768733890962174 48334.8
-116.60325018186904 36.76873402106232 48336.3
-116.60327476693072 36.768734135203445 48337.6
-116.60329929960608 36.76873421368119 48338.9
-116.60332379278132 36.76873424219479 48340.7
-116.60334825234 36.76873421197673 48342.3
-116.60337267217275 36.7687341172432 48343.7
-116.60339708853374 36.76873394272562 48345.2
-116.6034215142876 36.76873370799375 48346.9
-116.6034459620229 36.76873343369736 48348.5
-116.60347044286716 36.76873314420688 48349.6
-116.60349496089572 36.76873285955432 48350.6
-116.60351950477228 36.768732587782495 48351.7
-116.60354406615669 36.76873233365705 48353.0
-116.60356864536811 36.76873210723416 48354.1
-116.60359322292568 36.768731932341296 48354.7
-116.60361779740528 36.76873181679397 48355.4
-116.6036423712866 36.76873176746634 48356.1
-116.6036669608105 36.76873178596172 48356.6
-116.60369154618668 36.76873187780328 48357.3
-116.60371614076504 36.76873201820423 48357.8
-116.6037407510731 36.768732194414746 48358.4
-116.60376537906626 36.76873239872872 48358.9
-116.6037900138422 36.76873262970181 48359.3
-116.60381465188956 36.768732881106125 48359.5
-116.60383928553183 36.768733152333134 48359.9
-116.60386390599736 36.76873343872192 48359.8
-116.6038885025152 36.76873371514523 48359.5
-116.60391308967952 36.76873395944149 48359.6
-116.60393767238924 36.76873416958748 48359.4
-116.60396225174472 36.76873435494701 48359.1
-116.60398683850616 36.76873452521318 48358.9
-116.6040114349426 36.76873469079874 48358.3
-116.6040360468772 36.76873485466553 48357.7
-116.60406067855553 36.76873501645865 48357.4
-116.60408532918689 36.768735172619735 48357.0
-116.60410998898362 36.768735323649125 48356.6
-116.60413465042588 36.76873546681716 48356.2
-116.60415930788514 36.76873559775336 48355.8
-116.60418396063116 36.76873571516664 48355.1
-116.60420860609038 36.768735825329536 48354.2
-116.60423324806028 36.76873593533641 48353.4
-116.60425789594191 36.76873605050923 48352.7
-116.60428255124005 36.76873617662196 48352.4
-116.6043072045157 36.768736312488535 48352.0
-116.60433183932298 36.76873645481352 48351.2
-116.60435644378676 36.768736599171405 48350.5
-116.60438100186632 36.76873674020011 48350.1
-116.6044055105898 36.76873686681803 48349.9
-116.60442996864316 36.76873696779997 48349.3
-116.60445436958578 36.76873703654369 48348.5
-116.60447872379656 36.768737057973205 48348.3
-116.60450304379074 36.768737034481056 48348.2
-116.60452733402184 36.76873696627312 48348.1
-116.60455159600684 36.768736857862606 48348.2
-116.60457585361148 36.768736716725385 48348.2
-116.60460011615775 36.76873655899736 48348.1
-116.60462439855225 36.76873639089855 48348.2
-116.6046487198941 36.7687362214778 48348.4
-116.6046731005581 36.76873606323064 48348.6
-116.60469753256592 36.76873591990204 48348.7
-116.60472200587776 36.76873579131491 48348.9
-116.60474650351716 36.768735671739776 48348.8
-116.6047710132016 36.768735551135386 48348.6
-116.60479553348388 36.76873542499943 48348.6
-116.60482007148472 36.76873529404023 48349.1
-116.60484463487568 36.76873516446096 48349.5
-116.6048692274036 36.76873504134024 48349.7
-116.604893839552 36.7687349236756 48349.7
-116.60491846644292 36.76873480501971 48349.7
-116.6049430933412 36.76873466979 48350.0
-116.60496773282024 36.76873448241095 48350.0
-116.60499237807072 36.76873423608739 48349.8
-116.60501711763644 36.7687339399472 48349.5
-116.60504175525878 36.7687336242694 48349.3
-116.60506637269827 36.7687333454263 48349.1
-116.60509096850332 36.768733132098056 48348.8
-116.6051155475308 36.76873299164932 48348.7
-116.60514011783692 36.76873291150274 48348.6
-116.60516465009545 36.76873287068059 48348.5
-116.60518915715478 36.76873284371687 48348.1
-116.60521363614312 36.76873282704499 48347.6
-116.60523808398948 36.76873281880241 48347.0
-116.60526249867992 36.768732812487634 48346.9
-116.605286899357 36.76873280723501 48346.8
-116.60531129831764 36.76873281019533 48346.6
-116.605335703469 36.76873283133564 48346.4
-116.6053600897006 36.768732886109085 48346.0
-116.60538445842934 36.76873297065144 48345.5
-116.6054088082613 36.768733083078175 48345.2
-116.60543314640252 36.768733220621606 48345.4
-116.60545746151558 36.76873338451552 48345.4
-116.60548177015764 36.76873356968999 48345.2
-116.60550608279966 36.768733773086176 48345.1
-116.60553041384496 36.768733990125234 48345.0
-116.60555477762956 36.76873421545649 48345.0
-116.60557917440404 36.76873443889964 48345.1
-116.60560359605392 36.768734649976246 48345.0
-116.60562801903588 36.768734835604974 48344.7
-116.6056524522638 36.76873497443605 48344.7
-116.60567688004056 36.76873506102237 48344.2
-116.60570130666372 36.76873509373729 48343.6
-116.60572572623128 36.76873507842528 48343.2
-116.60575017049884 36.768735015029016 48343.0
-116.60577463147668 36.76873492026934 48342.8
-116.60579911110948 36.7687348002003 48342.5
-116.60582359761104 36.76873465562476 48341.7
-116.60584810728724 36.76873447750486 48341.0
-116.6058726277232 36.76873427415756 48340.2
-116.60589715751456 36.76873405693468 48339.0
-116.60592169580958 36.76873384193188 48337.8
-116.6059462229694 36.76873364823114 48336.3
-116.605970725344 36.76873348534279 48334.3
-116.60599518980754 36.76873336109265 48332.1
-116.60601962491572 36.76873328134797 48330.2
-116.60604399442556 36.76873326395586 48327.9
-116.60606831965308 36.76873331325627 48325.3
-116.6060926034424 36.76873344338679 48322.4
-116.6061168811025 36.76873366631124 48319.0
-116.60614110248916 36.76873400662097 48315.4
-116.60616531416896 36.76873443256199 48311.7
-116.60618953478728 36.76873491862892 48307.3
-116.60621377928815 36.7687354363614 48302.7
-116.60623806831664 36.76873595056679 48297.9
-116.60626241439404 36.76873642772596 48292.7
-116.60628682214772 36.76873684197198 48287.1
-116.60631126985724 36.76873717334758 48281.4
-116.60633580262748 36.76873740505634 48275.2
-116.60636037233924 36.76873757084196 48268.4
-116.6063849714304 36.76873769791204 48261.1
-116.60640959893648 36.768737812108974 48253.3
-116.6064342562578 36.7687379293162 48245.3
-116.60645893419618 36.76873804709316 48237.2
-116.60648362678648 36.768738157775424 48229.1
-116.60650831904182 36.76873825367797 48221.2
-116.6065330134425 36.768738319674 48213.1
-116.6065576935964 36.7687383522568 48205.0
-116.60658234106546 36.768738350999975 48196.6
-116.60660693531082 36.76873832065285 48188.3
-116.60663146602356 36.76873826827008 48180.1
-116.60665593093634 36.76873820488867 48172.3
-116.60668034302184 36.76873812253574 48165.1
-116.60670471470344 36.7687380063903 48158.3
-116.6067291026814 36.76873783639832 48151.9
-116.60675351753775 36.768737625373454 48146.0
-116.60677796328876 36.76873738770876 48140.6
-116.60680242976268 36.76873713813792 48135.8
-116.60682690688348 36.76873688398351 48131.5
-116.6068513858688 36.76873663161563 48127.7
-116.60687587366536 36.76873638788116 48124.8
-116.60690039617536 36.76873616642322 48122.5
-116.60692494988211 36.76873599589423 48120.7
-116.60694953045108 36.76873588432482 48119.5
-116.60697412624616 36.768735830611526 48119.1
-116.60699874084438 36.768735817508464 48119.4
-116.60702337231044 36.76873582390906 48120.1
-116.60704802570676 36.7687358266143 48121.2
-116.60707269996944 36.76873580997543 48122.7
-116.6070973883572 36.768735764919086 48124.6
-116.60712211024872 36.76873568332647 48127.0
-116.60714684747788 36.7687355787781 48129.7
-116.60717159061105 36.76873546474889 48132.4
-116.60719633198586 36.76873535672444 48135.5
-116.60722104018352 36.76873527525549 48138.9
-116.60724570468813 36.76873522259651 48142.0
-116.60727032527316 36.76873519631306 48145.2
-116.60729491708956 36.76873518937021 48148.8
-116.60731949100044 36.76873519201209 48152.1
-116.60734406840868 36.76873519716906 48155.1
-116.60736866124752 36.76873521034203 48157.7
-116.60739328505866 36.768735237407896 48160.4
-116.6074179436076 36.768735283369416 48163.0
-116.60744264244218 36.7687353422138 48165.2
-116.60746739046196 36.76873541084952 48167.1
-116.60749218832387 36.76873548393897 48168.7
-116.60751703187957 36.76873554748855 48169.8
-116.60754188516488 36.76873558686064 48170.6
-116.60756672545402 36.768735586282496 48171.5
-116.60759152371988 36.76873553627966 48172.2
-116.60761629455652 36.76873542765673 48172.8
-116.6076410237096 36.76873528389669 48173.2
-116.60766569905924 36.768735126041264 48173.5
-116.60769031698185 36.76873497902204 48173.3
-116.60771484332886 36.768734867435626 48173.0
-116.6077393063431 36.76873478711814 48173.2
-116.60776372877596 36.76873473437849 48173.3
-116.6077881426624 36.76873470551772 48173.4
-116.60781256632409 36.76873469690061 48173.8
-116.60783702450568 36.76873469519206 48174.2
-116.60786153737642 36.76873469568561 48174.5
-116.60788612585726 36.768734698047474 48174.9
-116.60791081265916 36.768734708181725 48175.7
-116.60793557562114 36.76873472718263 48176.4
-116.60796039287308 36.76873475265728 48176.8
-116.60798523732709 36.76873478123736 48177.9
-116.6080100768256 36.76873481172552 48179.2
-116.6080348848835 36.76873484291709 48180.5
-116.60805964665003 36.76873487296847 48182.2
-116.60808435056488 36.768734897782885 48184.1
-116.6081089885312 36.7687349125787 48186.3
-116.60813357973429 36.76873491942664 48188.8
-116.60815814874508 36.768734921222105 48191.8
-116.60818272611056 36.768734922565486 48194.6
-116.60820734092552 36.76873493148828 48197.0
-116.60823200673047 36.76873494967252 48199.6
-116.608256730772 36.76873498020334 48202.3
-116.60828151739112 36.76873502631243 48205.3
-116.6083063599486 36.76873509509337 48208.6
-116.6083312418371 36.76873518839727 48211.1
-116.60835614609871 36.76873530154594 48213.5
-116.60838104800976 36.768735411917326 48216.4
-116.60840595151724 36.76873548350828 48218.9
-116.60843084785854 36.768735505046415 48221.4
-116.60845574011245 36.76873547708836 48223.7
-116.6084806302286 36.768735410057424 48225.8
-116.60850555529154 36.7687353126932 48227.6
-116.6085305251114 36.76873520493992 48229.1
-116.60855555886272 36.76873509701638 48230.2
-116.60858067629418 36.76873499535115 48230.8
-116.60860589467782 36.768734904455 48231.1
-116.6086311870252 36.76873482128532 48231.6
-116.6086565233671 36.76873473669838 48231.5
-116.60868184073236 36.76873463323462 48230.9
-116.60870705182928 36.76873447468872 48230.2
-116.6087320311326 36.7687342346936 48229.2
-116.60875661412668 36.768733859473656 48227.8
-116.6087805006195 36.76873329007356 48225.5
-116.60880338136678 36.76873239274308 48221.8
-116.6088250091167 36.76873116106479 48217.1
-116.6088451021288 36.76872954967418 48212.6
-116.60893425375605 36.76867152649251 48205.1
-116.60893474070612 36.768659464516 48204.6
-116.60893433864082 36.76864605792637 48205.0
-116.60893332642014 36.7686316439072 48203.0
-116.6089319604678 36.7686163029851 48198.8
-116.60893043536612 36.76860004041396 48196.6
-116.6089289290097 36.76858317301839 48196.1
-116.60892753188423 36.76856594357904 48195.6
-116.60892627894448 36.76854863151079 48194.6
-116.60892513043189 36.768531689682646 48192.4
-116.6089239247692 36.76851550749207 48188.9
-116.60892245050792 36.76850040337761 48185.4
-116.60884931357953 36.768437884758725 48207.5
-116.60883372993248 36.76843918430115 48213.2
-116.6088164815884 36.76844132295092 48212.9
-116.60879801262254 36.76844396197576 48211.9
-116.60877838714369 36.76844682737145 48211.6
-116.60875745547008 36.76844965407941 48211.9
-116.60873556322773 36.768452228413736 48212.9
-116.6087127481017 36.768454467741066 48214.2
-116.60868909788655 36.76845634191524 48215.1
-116.60866466438364 36.768457822517526 48215.6
-116.60863988165724 36.768459004416925 48215.5
-116.60861486310196 36.76845996818291 48215.7
-116.60858978063224 36.76846078046093 48216.0
-116.60856483711213 36.76846149547963 48216.0
-116.60854019296316 36.76846216974225 48215.8
-116.60851594683304 36.768462821766406 48215.7
-116.60849218671248 36.76846345698423 48214.9
-116.60846905643216 36.76846407444788 48213.9
-116.60844649365998 36.76846467402428 48212.7
-116.60842445245233 36.7684652574265 48211.5
-116.60840284571115 36.76846582750454 48210.1
-116.6083815656143 36.76846637704574 48208.1
-116.608360404433 36.76846688760626 48205.9
-116.6083392069713 36.76846733560305 48203.9
-116.6083178349228 36.76846770435501 48201.5
-116.60829611111708 36.768467969154734 48198.8
-116.6082740294837 36.768468145312326 48196.2
-116.60825152694316 36.76846825299161 48194.3
-116.60822859291272 36.76846831666218 48192.4
-116.6082052062727 36.76846837040374 48190.3
-116.60818149736996 36.76846845433887 48188.4
-116.6081575573664 36.76846859790193 48186.3
-116.60813347499165 36.76846882683983 48184.6
-116.6081093054846 36.768469159691065 48183.1
-116.60808505502465 36.768469555761286 48181.3
-116.60806074960988 36.76846996588664 48180.0
-116.60803640469106 36.76847035023168 48179.4
-116.60801204182172 36.76847067416183 48178.9
-116.60798771029492 36.76847092992749 48177.7
-116.6079634068181 36.768471119727614 48177.1
-116.60793912631048 36.76847125366303 48177.3
-116.6079148618662 36.768471343218415 48177.2
-116.60789060940748 36.76847140909387 48177.0
-116.60786635974864 36.768471462473485 48177.2
-116.60784212621988 36.76847151252444 48178.2
-116.60781793774044 36.768471572786616 48179.5
-116.60779379521456 36.7684716555459 48181.0
-116.60776970122951 36.76847176307143 48183.0
-116.607745646304 36.76847188545283 48184.8
-116.60772161206124 36.76847200294316 48185.5
-116.60769756954242 36.76847210216224 48186.5
-116.60767348634228 36.76847217683955 48188.0
-116.6076493380431 36.76847222608757 48189.7
-116.60762510530104 36.768472247927576 48191.4
-116.6076008173834 36.7684722467223 48193.1
-116.60757648725496 36.76847222578117 48194.5
-116.607552131925 36.76847219436151 48195.6
-116.60752776522575 36.76847216657847 48196.6
-116.60750338916226 36.76847215774015 48198.1
-116.6074790009752 36.768472181394806 48199.2
-116.6074545997914 36.76847224628136 48199.9
-116.6074301844408 36.768472361394345 48200.3
-116.60740574182228 36.76847251233973 48200.5
-116.60738128735684 36.7684726763913 48200.8
-116.6073568245236 36.768472825885645 48200.8
-116.60733235159029 36.76847292971952 48200.0
-116.60730788530223 36.7684729784604 48199.3
-116.60728340556196 36.768472967829176 48198.6
-116.60725889507536 36.76847289615071 48197.9
-116.6072343297952 36.768472757975935 48196.9
-116.6072097283354 36.768472571908006 48195.7
-116.60718508062598 36.768472354457074 48195.1
-116.60716039173757 36.768472120410784 48193.8
-116.60713566770528 36.768471880016335 48192.1
-116.60711093200756 36.76847163395745 48190.4
-116.60708620643568 36.7684713748547 48188.8
-116.60706150749624 36.768471095812 48187.1
-116.6070368531342 36.768470795436414 48185.6
-116.60701224584832 36.768470485902576 48184.0
-116.60698767363358 36.76847017734639 48182.5
-116.60696312972668 36.76846987914505 48181.1
-116.60693860926764 36.768469604021 48179.8
-116.60691409244684 36.768469360283525 48178.9
-116.6068895692363 36.76846915832641 48178.2
-116.60686502789692 36.768469006605045 48177.5
-116.6068404599314 36.76846891983147 48177.4
-116.60681584727472 36.76846889053343 48177.3
-116.60679121125906 36.76846890702393 48177.9
-116.60676656934454 36.76846895482437 48179.0
-116.60674194289216 36.768469019370336 48180.2
-116.60671734680471 36.768469085404895 48181.8
-116.6066927943327 36.76846914554001 48184.0
-116.60666828342232 36.76846919899015 48186.6
-116.60664380458188 36.76846924878307 48189.1
-116.60661932998488 36.76846930028852 48191.9
-116.60659483105309 36.768469356427694 48195.2
-116.60657028355511 36.76846941637448 48199.6
-116.60654565952557 36.768469471427245 48204.2
-116.60652097124364 36.76846951168798 48209.3
-116.60649623189572 36.76846953191158 48214.3
-116.60647146839509 36.7684695324358 48220.0
-116.60644671466792 36.76846952340416 48226.6
-116.60642198328031 36.76846952546244 48233.2
-116.60639727523 36.76846955028106 48240.0
-116.60637259279808 36.76846959922896 48245.7
-116.60634794506728 36.76846966452212 48251.5
-116.60632332772585 36.76846973895434 48259.2
-116.60629873598242 36.76846982838711 48266.9
-116.6062741586022 36.768469942095855 48273.4
-116.60624957982544 36.76847008143017 48279.7
-116.60622498673187 36.768470221762 48285.9
-116.606200384512 36.76847033697749 48292.5
-116.60617577069536 36.768470408996265 48298.7
-116.6061511379758 36.76847042324249 48304.6
-116.60612650146344 36.76847039370812 48310.6
-116.60610183934612 36.76847033379664 48316.2
-116.60607714293415 36.768470255411415 48321.5
-116.60605240874555 36.76847016772776 48326.5
-116.60602765271052 36.76847007868739 48331.1
-116.60600288800464 36.76846998937126 48335.1
-116.60597812826964 36.768469899653496 48338.0
-116.60595338257517 36.768469807365456 48340.6
-116.6059286508336 36.76846971634007 48343.5
-116.60590392943053 36.76846963486999 48346.0
-116.60587921322151 36.76846957172536 48347.5
-116.60585449878508 36.76846953569161 48349.3
-116.60582977499556 36.76846952642112 48351.5
-116.60580505458684 36.76846953846935 48352.7
-116.60578034713876 36.76846956059418 48353.2
-116.60575566005248 36.76846957686367 48354.0
-116.60573100082708 36.768469571910266 48354.8
-116.60570637549904 36.76846953374397 48355.1
-116.60568178514832 36.76846945726946 48355.1
-116.60565722707052 36.76846934192551 48355.5
-116.60563269100754 36.76846920296439 48355.9
-116.60560815135985 36.76846905145849 48355.7
-116.60558359723464 36.768468894936426 48355.7
-116.60555901428512 36.76846873553741 48356.0
-116.60553439729723 36.76846857402548 48355.7
-116.6055097393573 36.76846841099909 48355.4
-116.60548503549272 36.768468250223656 48355.0
-116.60546027950924 36.76846809860085 48354.8
-116.60543547685344 36.768467959653286 48354.7
-116.60541063856884 36.76846783558808 48354.9
-116.60538568156502 36.76846772910428 48355.0
-116.60536081829602 36.768467644452095 48354.9
-116.60533596079009 36.76846757669776 48354.8
-116.60531112163332 36.76846751989832 48354.7
-116.60528631038224 36.76846746748238 48354.5
-116.60526153429424 36.76846741390659 48353.6
-116.60523678941296 36.76846735726312 48353.3
-116.6052120720857 36.768467295316846 48353.7
-116.60518738248024 36.76846722731933 48353.9
-116.60516272348092 36.76846715030105 48353.8
-116.6051380836244 36.76846706327768 48353.0
-116.60511344900408 36.76846696567584 48352.7
-116.605088810979 36.768466860157794 48352.2
-116.60506415736172 36.76846675816704 48351.5
-116.60503947823597 36.76846667432052 48351.4
-116.60501477008394 36.768466622853495 48350.9
-116.60499003723169 36.7684666086967 48350.3
-116.60496527680898 36.76846662861182 48349.5
-116.6049404957001 36.76846666054228 48348.3
-116.60491570071866 36.76846669149696 48346.9
-116.60489089078318 36.76846671195714 48346.0
-116.60486606384056 36.76846670968366 48345.8
-116.60484123111353 36.76846668051879 48345.6
-116.60481639533776 36.76846662486676 48344.1
-116.60479155592726 36.76846654478052 48342.7
-116.60476671242536 36.768466444707606 48341.9
-116.604741863407 36.76846633727202 48341.7
-116.60471700296172 36.76846623474504 48341.0
-116.60469213337008 36.768466147654806 48339.7
-116.60466725518263 36.76846609068917 48339.8
-116.60464236644384 36.768466067466655 48339.4
-116.60461747446595 36.76846607894955 48338.4
-116.60459258870796 36.76846611821305 48337.5
-116.60456771810983 36.76846617509735 48336.9
-116.60454286742896 36.768466232450265 48336.7
-116.60451804077034 36.76846627855134 48336.8
-116.60449323396772 36.76846630161816 48336.2
-116.60446845787948 36.7684662857558 48335.7
-116.60444372373168 36.76846623021881 48336.2
-116.60441902970906 36.76846613660192 48336.1
-116.60439437330596 36.768466013325614 48335.5
-116.60436975373536 36.768465869086526 48335.1
-116.60434515810996 36.768465719110125 48335.3
-116.60432057379592 36.768465573859565 48336.1
-116.604295992784 36.76846543990749 48336.5
-116.6042714026996 36.7684653192032 48336.6
-116.60424679563826 36.76846520713799 48336.8
-116.60422217012916 36.768465104505935 48337.4
-116.60419752699968 36.76846501691697 48338.3
-116.6041728649748 36.76846495404264 48339.1
-116.604148185353 36.76846491363227 48340.0
-116.6041234979732 36.76846489231404 48340.3
-116.6040988076177 36.768464885905885 48340.5
-116.60407411577924 36.76846489190768 48341.1
-116.60404942001244 36.768464910712446 48342.6
-116.60402472175664 36.768464944335854 48343.7
-116.60400002497006 36.76846499383456 48344.5
-116.60397532937368 36.76846505941065 48345.5
-116.60395063530216 36.76846513242584 48345.8
-116.6039259478208 36.76846520565446 48346.2
-116.6039012667328 36.76846527229485 48347.3
-116.603876586487 36.768465324178 48348.0
-116.60385190183278 36.7684653598862 48348.1
-116.60382720435048 36.768465375180845 48348.0
-116.6038024888922 36.7684653669793 48348.7
-116.6037777553271 36.7684653347164 48349.1
-116.60375300443016 36.768465285830445 48349.3
-116.60372823452671 36.76846522236271 48349.9
-116.60370344646972 36.76846514707836 48349.9
-116.60367864696627 36.768465060820624 48349.9
-116.60365384972852 36.76846496395643 48350.2
-116.6036290602774 36.76846485558296 48350.6
-116.60360428373228 36.76846473524842 48350.6
-116.60357953714458 36.76846460182264 48350.8
-116.60355482539816 36.76846445894088 48349.9
-116.60353014146152 36.76846431222312 48348.8
-116.60350548036278 36.76846417152882 48349.2
-116.6034808300963 36.7684640518436 48349.8
-116.60345617081694 36.76846395627923 48349.4
-116.60343149779943 36.76846388147685 48348.9
-116.6034068058416 36.768463821282005 48348.7
-116.60338208336888 36.768463770470326 48347.7
-116.60335732390315 36.76846372521914 48346.2
-116.603332521401 36.768463686490506 48345.7
-116.60330767600604 36.76846365518672 48345.3
-116.60328278322646 36.76846363610262 48344.7
-116.60325784767754 36.7684636331201 48344.1
-116.60323287497916 36.76846364714359 48342.2
-116.60320787592532 36.76846367557615 48341.1
-116.6031828681491 36.76846371841448 48341.6
-116.60315787136209 36.76846377459266 48341.9
-116.60313289939332 36.76846384453404 48340.8
-116.60310796141148 36.76846392998276 48339.4
-116.60308306132085 36.768464039548974 48338.8
-116.60305817755902 36.76846417928928 48338.4
-116.60303330189316 36.768464349205935 48337.7
-116.6030084240076 36.76846453983913 48337.0
-116.60298352637923 36.76846473111109 48336.2
-116.602958609824 36.7684649023398 48335.6
-116.60293368221124 36.7684650451527 48335.5
-116.60290875141564 36.768465158279085 48335.3
-116.60288383636004 36.76846524304607 48335.1
-116.602858951843 36.76846531215909 48334.0
-116.60283409975207 36.76846537309781 48333.3
-116.60280927917492 36.76846542866552 48332.8
-116.60278449125732 36.768465478680014 48333.2
-116.60275972586852 36.768465521986734 48333.6
-116.6027349747214 36.76846555510088 48333.1
-116.60271022585368 36.76846557599877 48332.6
-116.60268546882496 36.76846558727909 48332.7
-116.60266069419124 36.76846560113943 48332.9
-116.60263589660688 36.76846562642368 48333.0
-116.60261107956607 36.768465669533526 48332.8
-116.60258624869918 36.76846573780188 48332.4
-116.60256140815126 36.76846583130741 48332.5
-116.60253656111033 36.76846594334033 48332.4
-116.60251170529057 36.768466062218685 48332.1
-116.6024868336887 36.76846617074037 48331.3
-116.60246195435452 36.768466253152745 48330.9
-116.60243707200564 36.76846629966316 48330.7
-116.60241219002054 36.76846630672583 48330.2
-116.60238732120236 36.76846626916888 48329.5
-116.60236247343197 36.76846619848103 48328.8
-116.602337638558 36.76846610716829 48328.5
-116.60231281418169 36.768466012051945 48328.4
-116.60228799880704 36.76846593510904 48327.6
-116.60226318290267 36.7684658948448 48326.3
-116.60223836871448 36.76846590706076 48325.5
-116.60221355944893 36.76846598342263 48325.2
-116.60218874302907 36.768466137312735 48325.0
-116.60216390104746 36.76846634625948 48324.3
-116.60213904552327 36.76846658062132 48323.3
-116.60211417959444 36.768466809771255 48322.7
-116.60208931215892 36.76846699956048 48322.3
-116.6020644645544 36.76846713753813 48322.1
-116.60203963832772 36.76846722079232 48321.9
-116.60201483519008 36.7684672534755 48321.7
-116.60199006102124 36.768467236746 48321.7
-116.60196531126408 36.76846718302817 48321.8
-116.60194056444996 36.76846709814071 48321.7
-116.6019158034868 36.768466989030806 48321.6
-116.60189101466972 36.768466861966274 48321.9
-116.60186620201551 36.7684667303436 48322.9
-116.60184136965296 36.768466603675456 48323.3
-116.60181652755792 36.768466487089135 48323.7
-116.60179169171856 36.76846638488841 48324.2
-116.60176687453816 36.76846629384658 48324.9
-116.60174208553968 36.76846620981103 48325.8
-116.60171732756548 36.76846612561723 48326.5
-116.60169260455386 36.76846603263041 48327.4
-116.60166790746416 36.76846592832096 48328.5
-116.60164322591672 36.768465811823056 48329.3
-116.6016185466855 36.76846568438955 48330.4
-116.60159384975836 36.76846554378628 48331.6
-116.60156911973256 36.76846539169419 48332.8
-116.60154434078969 36.76846522714566 48333.4
-116.6015195049411 36.76846504897374 48334.5
-116.6014946116358 36.7684648570899 48336.3
-116.60146968494496 36.76846466367121 48337.3
-116.60144473092043 36.768464486589885 48338.4
-116.60141975722576 36.76846434622749 48341.2
-116.6013947661482 36.76846427836691 48343.5
-116.601369749549 36.76846429543856 48344.7
-116.6013447219635 36.768464403207005 48347.1
-116.60131969883152 36.76846460048425 48350.4
-116.60129467274912 36.76846488965528 48352.8
-116.60126954161218 36.76846523651297 48354.4
-116.60124452648986 36.76846560203912 48356.7
-116.60121953167996 36.768465948317534 48358.9
-116.60119458451368 36.76846622733658 48360.7
-116.60116969353372 36.76846641896893 48362.6
-116.60114484741575 36.76846651418655 48365.1
-116.601120023487 36.76846651381221 48367.8
-116.60109523646103 36.768466415140736 48370.3
-116.60107047853424 36.76846624826513 48372.1
-116.60104573763364 36.76846603399068 48374.1
-116.6010210113633 36.76846579491204 48376.3
-116.60099629781296 36.7684655605806 48378.5
-116.60097158157689 36.768465355911566 48380.7
-116.60094685624944 36.76846519269982 48382.8
-116.600922123726 36.768465072657165 48384.7
-116.60089736165553 36.768464995499286 48386.2
-116.6008725624376 36.76846493970951 48388.1
-116.6008477286528 36.768464888070255 48390.2
-116.60082285617706 36.76846482561059 48391.9
-116.60079794504809 36.76846473700122 48393.5
-116.60077300725104 36.76846461993997 48395.4
-116.60074804407964 36.76846447784563 48397.2
-116.60072305930632 36.76846432255254 48399.5
-116.60069804932982 36.76846417601576 48401.4
-116.60067300416348 36.768464062367016 48403.1
-116.60064791545037 36.76846400097235 48404.7
-116.60062279353016 36.76846400268598 48406.6
-116.60059765002524 36.7684640856569 48409.0
-116.60057256333162 36.768464240142094 48411.3
-116.60054767271556 36.76846446595504 48412.9
-116.600523187842 36.76846476201258 48415.0
-116.60049951942024 36.768465130723 48417.5
-116.60047694100037 36.76846553486544 48420.4
-116.60045578815604 36.768465928648695 48423.7
-116.60043632389694 36.76846624460382 48426.0
-116.60034901998448 36.76839726254632 48424.9
-116.60035068554704 36.76838245958088 48424.0
-116.60035265812724 36.76836635226903 48426.8
-116.6003546799448 36.768349085816205 48428.4
-116.60035649259312 36.76833066775116 48427.8
-116.6003579586954 36.76831151681109 48426.5
-116.60035899011996 36.76829199826327 48424.6
-116.60035955431448 36.768272554386144 48422.1
-116.60035961757391 36.76825370986589 48419.1
-116.60035937386948 36.76823588209554 48415.2
-116.60043549202216 36.76815896041819 48400.5
-116.60045248317164 36.768161144937736 48395.0
-116.60047131246456 36.76816354998618 48399.0
-116.60049176410088 36.76816590247956 48400.5
-116.6005137458496 36.76816805170023 48399.2
-116.60053706421594 36.768169902006015 48397.1
-116.60056181505551 36.76817134542653 48395.0
-116.60058757191922 36.76817241876554 48392.3
-116.60061401791964 36.76817313821453 48388.9
-116.6006408334364 36.76817354011073 48385.0
-116.60066776936752 36.76817363192014 48381.6
-116.60069449733824 36.768173505438845 48378.7
-116.6007207330505 36.76817320566092 48376.2
-116.6007462263146 36.76817276664889 48373.6
-116.6007706515591 36.768172193817065 48370.6
-116.60079402998356 36.768171529309576 48368.0
-116.60081633261414 36.768170802153165 48366.0
-116.6008376195212 36.76817005253604 48364.1
-116.60085793615758 36.76816934796437 48363.0
-116.60087764638313 36.76816875457375 48361.9
-116.60089702615588 36.768168329615854 48361.0
-116.60091640732564 36.768168107850926 48361.0
-116.60093607893212 36.76816814181883 48361.9
-116.60095624874486 36.768168383943234 48362.7
-116.60097711900848 36.76816880441014 48363.5
-116.60099880196132 36.76816936771353 48364.5
-116.6010214071389 36.768170040248926 48363.7
-116.60104472084076 36.76817075172317 48361.1
-116.60106860199224 36.7681714483775 48358.2
-116.60109287875268 36.76817208276314 48355.8
-116.6011174609696 36.76817259624119 48354.2
-116.60114219909676 36.76817298291128 48352.5
-116.6011669971276 36.7681732447392 48350.5
-116.6011917747378 36.76817339344073 48348.9
-116.60121649774916 36.7681734351356 48347.4
-116.60124115162064 36.768173410410725 48345.7
-116.60126572390485 36.768173342284165 48343.9
-116.601290219262 36.76817324738356 48342.3
-116.60131464147406 36.768173132181694 48340.7
-116.60133901049988 36.768173001796654 48339.3
-116.60136333080438 36.76817285830781 48338.1
-116.60138760776388 36.76817270563814 48337.0
-116.60141184739123 36.76817255344341 48335.7
-116.60143606159826 36.76817241700715 48334.4
-116.6014602553398 36.768172311414766 48333.2
-116.60148444338893 36.76817224592703 48332.3
-116.60150862621268 36.768172227441696 48331.6
-116.60153281590736 36.76817224220909 48330.7
-116.6015570260122 36.768172277589535 48330.2
-116.60158126185524 36.76817231983304 48329.8
-116.60160553489972 36.76817235360912 48329.4
-116.6016298418914 36.76817237191373 48328.9
-116.60165417545856 36.76817237340394 48328.6
-116.6016785224106 36.76817235711126 48328.4
-116.60170287596274 36.76817231290038 48328.1
-116.60172722555566 36.768172236281366 48327.8
-116.60175156331005 36.76817212474539 48327.7
-116.601775886119 36.768171981974085 48327.5
-116.60180020875892 36.768171821888 48327.4
-116.60182453637108 36.76817167089702 48327.2
-116.60184887026668 36.76817154741412 48326.9
-116.60187321224676 36.76817145982725 48326.8
-116.60189755350488 36.76817141493528 48326.8
-116.60192189272044 36.76817139938917 48326.7
-116.60194623832828 36.76817140214198 48326.6
-116.6019705953674 36.76817141532201 48326.4
-116.60199496584367 36.76817143416807 48326.0
-116.60201934765536 36.7681714547812 48325.8
-116.60204373880649 36.76817147563798 48325.8
-116.60206813839577 36.768171495460045 48325.6
-116.60209255660196 36.76817151200905 48325.4
-116.60211700263754 36.76817152964005 48325.0
-116.6021414799552 36.768171557753845 48324.6
-116.60216599342432 36.768171609808896 48323.9
-116.60219053001856 36.76817170530452 48323.3
-116.60221507335255 36.76817184257867 48323.2
-116.60223961957068 36.76817201423467 48323.4
-116.6022641669484 36.7681722105496 48323.4
-116.60228870975298 36.7681724273509 48323.3
-116.60231324697853 36.76817265729824 48322.9
-116.60233778388364 36.768172891707536 48322.6
-116.6023623210538 36.76817312037404 48322.5
-116.6023868613272 36.7681733309062 48322.5
-116.60241140415584 36.76817352193547 48322.2
-116.60243594563012 36.76817369117354 48322.0
-116.60246048210529 36.76817383702301 48321.8
-116.60248501758394 36.76817395690541 48321.4
-116.60250954823294 36.76817406079383 48321.0
-116.602534066998 36.768174152025225 48320.6
-116.60255857771077 36.76817423243925 48320.5
-116.60258308459582 36.76817430555003 48320.0
-116.60260758912132 36.76817437850913 48319.5
-116.60263208706697 36.76817445603488 48318.8
-116.6026565733452 36.76817453873764 48317.9
-116.602681044496 36.76817461873343 48317.2
-116.60270551508464 36.768174691558464 48316.8
-116.60272999799147 36.76817476138493 48316.1
-116.60275450698056 36.76817483684157 48315.5
-116.6027790545716 36.76817492599637 48314.6
-116.6028036414272 36.7681750282984 48313.8
-116.6028283705297 36.76817514081357 48313.0
-116.60285304740036 36.768175259801446 48312.0
-116.602877770819 36.76817538293859 48311.3
-116.6029025205355 36.768175506008646 48310.3
-116.60292728067104 36.76817562383189 48309.1
-116.60295202954596 36.76817572924439 48308.2
-116.60297675663531 36.768175807021336 48307.8
-116.60300145923068 36.76817585180338 48307.3
-116.6030261388578 36.76817585499813 48306.6
-116.6030507951424 36.7681758093982 48306.1
-116.6030754663197 36.76817570946023 48305.6
-116.60310015963016 36.76817557548774 48305.2
-116.60312487650329 36.7681754212041 48304.8
-116.60314961821602 36.7681752586447 48304.4
-116.60317438623063 36.76817509757809 48304.3
-116.60319917238212 36.76817494769589 48304.3
-116.60322397072242 36.768174817032495 48304.4
-116.6032487737564 36.76817471011766 48304.4
-116.60327354520516 36.76817463525072 48304.4
-116.60329826989955 36.76817458794894 48304.8
-116.6033229402589 36.76817456469367 48305.3
-116.60334756044358 36.76817455981188 48305.7
-116.60337212718984 36.76817456671788 48306.5
-116.60339666607616 36.768174576943565 48307.2
-116.6034211947063 36.76817458758813 48307.7
-116.60344572592584 36.76817459802142 48308.3
-116.60347027501624 36.768174609976604 48309.0
-116.6034948496918 36.76817462638133 48309.7
-116.6035194585367 36.76817465352814 48310.4
-116.60354411129885 36.76817470120957 48311.1
-116.6035688002853 36.76817479150649 48311.7
-116.6035935165133 36.768174931296 48312.4
-116.60361825034758 36.76817512262935 48312.8
-116.60364299243764 36.76817535708118 48313.3
-116.60366771263251 36.76817561854316 48314.0
-116.60369239516984 36.76817588421552 48314.6
-116.603717022606 36.768176142581 48315.0
-116.603741581657 36.768176385761095 48315.1
-116.6037660733456 36.76817660341204 48314.9
-116.60379052399104 36.76817679686678 48315.1
-116.60381495544073 36.76817696747772 48315.8
-116.60383938509275 36.768177120041365 48316.2
-116.603863836087 36.7681772577859 48316.3
-116.60388831452916 36.76817738857807 48316.5
-116.60391282078687 36.768177518503215 48316.5
-116.60393735643468 36.76817765271803 48316.3
-116.60396191904849 36.76817779569691 48315.9
-116.60398650472412 36.76817794741813 48315.6
-116.60401111893164 36.76817810784032 48315.4
-116.60403576844428 36.768178273463725 48315.5
-116.6040604606426 36.76817843855304 48315.6
-116.6040851807842 36.76817859830583 48315.3
-116.60410991208812 36.76817874873253 48314.5
-116.60413463032216 36.76817888330943 48313.9
-116.604159318201 36.76817898994866 48313.9
-116.60418396767344 36.76817906731654 48313.6
-116.60420857440124 36.76817911219968 48313.4
-116.60423313853757 36.76817912781863 48313.3
-116.60425767877248 36.76817912534315 48313.0
-116.60428220764209 36.76817912975073 48312.5
-116.60430672606788 36.7681791585732 48312.4
-116.60433124045448 36.768179220948085 48312.2
-116.60435573931724 36.76817932269392 48312.0
-116.60438023839028 36.76817944981716 48311.9
-116.60440475106466 36.76817958712326 48312.0
-116.60442927447812 36.76817971627131 48312.1
-116.60445382409895 36.7681798178785 48312.6
-116.6044784041716 36.76817989311368 48313.0
-116.60450302203968 36.76817994721142 48313.2
-116.60452768235376 36.76817998828392 48313.6
-116.60455238556852 36.76818002471392 48313.8
-116.6045771073994 36.7681800585331 48314.1
-116.604601840068 36.76818008947892 48314.5
-116.60462657819691 36.76818011671658 48315.2
-116.60465132511438 36.76818013007703 48315.9
-116.60467608928448 36.76818012190598 48316.9
-116.60470087857128 36.768180086534734 48318.2
-116.6047256928666 36.76818002267917 48319.5
-116.60475055363608 36.768179925629504 48320.7
-116.604775445524 36.76817980516417 48321.8
-116.6048003491446 36.76817966570952 48323.4
-116.60482523883176 36.76817951101713 48325.0
-116.60485008962368 36.76817935026332 48326.4
-116.60487488530656 36.76817919569356 48327.9
-116.604899610763 36.76817905734283 48330.1
-116.60492426155383 36.768178938002215 48331.9
-116.60494882451056 36.768178844242144 48333.3
-116.60497333216836 36.76817877203487 48334.8
-116.60499781084695 36.7681787232551 48336.5
-116.60502229032384 36.76817870054857 48338.1
-116.60504678297136 36.76817870988681 48339.7
-116.60507131138748 36.76817874476736 48341.4
-116.6050958920477 36.76817880674208 48342.5
-116.60512054033508 36.768178899328575 48343.4
-116.6051452544432 36.768179032192485 48344.5
-116.60517002397762 36.76817919635607 48345.2
-116.60519484465632 36.76817938161168 48345.7
-116.60521970689284 36.76817957838336 48346.1
-116.60524459799528 36.76817977134975 48346.5
-116.60526950164072 36.76817994662508 48347.1
-116.60529440799785 36.768180094811605 48347.4
-116.60531929417049 36.7681802074602 48347.4
-116.60534416069156 36.76818026515011 48347.3
-116.6053689931252 36.76818026788764 48346.9
-116.6053937729511 36.76818021081435 48346.4
-116.60541848151252 36.768180094319526 48346.1
-116.60544314459008 36.76817991586066 48345.6
-116.60546778347388 36.76817969594024 48344.8
-116.605492408524 36.76817945069203 48343.6
-116.60551702875908 36.76817919303717 48342.4
-116.60554165486695 36.76817893103641 48341.0
-116.60556628667707 36.768178676621616 48339.7
-116.60559092363756 36.768178437135965 48338.1
-116.60561556227408 36.768178213736526 48336.3
-116.60564018601724 36.768178004326046 48334.5
-116.60566479118656 36.7681777973549 48332.5
-116.60568937401476 36.76817758009849 48330.4
-116.60571393055716 36.76817734021162 48328.0
-116.60573847464948 36.76817706261316 48325.4
-116.60576300812994 36.768176751055655 48322.6
-116.6057875293146 36.76817641459902 48320.0
-116.60581204307732 36.768176068259685 48317.4
-116.60583653711356 36.768175728454246 48314.6
-116.60586099880749 36.76817540388708 48311.8
-116.6058854210824 36.76817509903153 48308.7
-116.60590980253237 36.768174817214685 48305.7
-116.60593413939648 36.76817456785461 48302.7
-116.60595845833016 36.768174351298335 48299.5
-116.60598277475977 36.76817417262978 48296.5
-116.60600710290178 36.76817403425519 48293.2
-116.60603143473384 36.76817393665132 48289.6
-116.60605578792278 36.768173863095605 48286.4
-116.60608017996633 36.76817380219068 48283.2
-116.6061046275014 36.7681737433404 48279.7
-116.60612915558517 36.76817367504291 48276.2
-116.60615375528036 36.768173587094864 48272.7
-116.60617841544988 36.76817347734007 48268.9
-116.6062031157594 36.76817334564037 48265.0
-116.60622784507773 36.7681731893132 48260.9
-116.60625256698472 36.76817301208502 48256.5
-116.60627725583242 36.76817281699478 48252.2
-116.60630190217988 36.76817261221327 48248.0
-116.60632649769364 36.76817241248966 48243.9
-116.60635105753929 36.7681722305676 48239.6
-116.606375601978 36.76817207053643 48235.7
-116.60640015381406 36.76817193150472 48232.0
-116.60642472520604 36.76817181273016 48228.3
-116.60644932101398 36.76817170880963 48224.4
-116.60647393242807 36.76817161950471 48220.6
-116.6064985541422 36.76817154078919 48217.0
-116.606523183544 36.768171468842986 48213.2
-116.60654782575574 36.76817139662887 48209.5
-116.6065724818478 36.76817132069623 48206.3
-116.60659713912048 36.76817123310624 48203.4
-116.60662180056072 36.76817111870056 48200.7
-116.60664646902929 36.76817097384439 48197.9
-116.60667114412796 36.7681707986734 48195.1
-116.60669581651295 36.76817059678275 48192.6
-116.60672048424328 36.76817037040596 48190.4
-116.60674514321283 36.768170133231706 48188.4
-116.6067698037232 36.768169902161766 48186.3
-116.60679450298842 36.768169697105385 48184.6
-116.60681925417796 36.7681695425541 48183.0
-116.60684405588252 36.768169433659565 48181.2
-116.60686889574916 36.768169362422334 48179.7
-116.6068937446863 36.76816931843753 48178.4
-116.60691856528456 36.76816928890017 48177.3
-116.60694345851704 36.768169260708746 48176.4
-116.60696823825464 36.76816922548146 48175.6
-116.60699301146384 36.768169172724846 48175.0
-116.60701781197876 36.768169084897295 48174.7
-116.6070426384134 36.76816896289611 48174.5
-116.60706748459909 36.76816881097977 48174.3
-116.6070923403714 36.768168637373805 48173.8
-116.607117204454 36.76816845058591 48173.5
-116.60714206128031 36.768168263127365 48173.5
-116.60716690167044 36.76816808252731 48173.4
-116.60719172206306 36.768167913738175 48173.2
-116.60721650350465 36.76816776148107 48173.1
-116.6072412571291 36.76816762594056 48173.3
-116.60726599974232 36.768167511834015 48173.4
-116.60729075374933 36.76816742373156 48173.3
-116.6073155209442 36.76816736202616 48173.4
-116.60734030972168 36.768167310470574 48173.5
-116.60736512023196 36.76816725758677 48173.6
-116.60738994792383 36.76816719885717 48173.6
-116.60741478929717 36.76816713244741 48173.6
-116.60743963876372 36.76816705847423 48173.5
-116.60746449695496 36.76816698082271 48173.2
-116.60748936422 36.76816690269862 48172.9
-116.60751424345308 36.7681668259634 48172.7
-116.60753912683892 36.768166747424125 48172.3
-116.6075640000792 36.76816666552982 48171.7
-116.6075888505044 36.76816658465209 48171.1
-116.60761366052462 36.76816651141489 48170.7
-116.60763844068752 36.76816644448496 48170.3
-116.607663205236 36.768166380945445 48169.8
-116.60768796921232 36.768166315002645 48169.3
-116.6077127629512 36.7681662326476 48169.2
-116.60773759638008 36.76816613165593 48169.0
-116.60776247003564 36.76816601700363 48168.8
-116.60778737898892 36.76816589727858 48168.5
-116.60781231543272 36.768165782345925 48168.1
-116.60783726389036 36.76816567449968 48168.1
-116.6078622172484 36.768165571717 48168.2
-116.60788717182604 36.76816547717068 48168.1
-116.60791210677743 36.768165404090006 48168.0
-116.60793701516543 36.76816535607051 48167.7
-116.60796188787252 36.76816532596472 48167.7
-116.60798672030376 36.768165299935646 48168.1
-116.60801151756723 36.76816525907228 48168.4
-116.60803629097012 36.76816520269583 48168.4
-116.60806104292122 36.76816513670365 48168.2
-116.60808577125036 36.76816506741493 48167.9
-116.60811047283184 36.768164994268126 48167.4
-116.60813515332688 36.76816491325688 48166.8
-116.60815981645187 36.76816482370247 48166.3
-116.60818447259788 36.76816472711453 48166.1
-116.60820914800948 36.76816462589809 48165.3
-116.6082338558178 36.76816452608576 48164.2
-116.6082586023177 36.768164433051766 48163.2
-116.60828338844064 36.76816435270989 48162.1
-116.60830819315603 36.7681642969311 48160.7
-116.608333001275 36.76816426805225 48159.4
-116.60835780212298 36.76816427104446 48158.3
-116.6083825948274 36.76816430781789 48156.9
-116.60840734828216 36.768164377784124 48155.4
-116.60843207391264 36.76816446036734 48154.4
-116.6084567748887 36.76816453958353 48153.5
-116.60848145431164 36.76816460345024 48152.5
-116.60850614040976 36.76816463827993 48151.4
-116.60853085127596 36.76816464280528 48150.6
-116.60855561199467 36.768164619425214 48150.6
-116.6085804510696 36.76816457740938 48150.9
-116.6086054142565 36.768164536973785 48151.2
-116.60863049068112 36.76816452119232 48151.4
-116.60865567158292 36.768164546926656 48151.8
-116.60868094069107 36.76816462372448 48152.6
-116.60870620325036 36.768164758143136 48153.4
-116.60873134860688 36.76816492613408 48154.3
-116.60875620562037 36.76816509859868 48155.1
-116.60878049808896 36.76816522662666 48156.1
-116.6088037785656 36.76816519547277 48155.6
-116.60882578919372 36.768164899177066 48154.1
-116.60884621409856 36.7681641992614 48152.2
-116.60893699256567 36.76808415684557 48157.6
-116.60893573366988 36.76806989402173 48153.7
-116.60893414932576 36.76805446135816 48147.4
-116.6089324932201 36.76803814469823 48142.7
-116.60893091291788 36.76802113498104 48138.3
-116.60892950385389 36.768003637736776 48133.7
-116.60892826407206 36.76798618727484 48128.2
-116.60892711682996 36.767969161608576 48120.7
-116.60892593449708 36.76795297456641 48111.9
-116.6089244864862 36.767938354376405 48102.4
-116.60885479715772 36.76788033486983 48095.6
-116.6088394438631 36.76788160083776 48095.8
-116.6088227719236 36.76788360875774 48092.4
-116.60880475449429 36.76788610274912 48089.0
-116.60878550480052 36.76788876663252 48086.4
-116.60876519685876 36.76789137709628 48084.2
-116.60874388320984 36.7678938018442 48082.0
-116.60872140633904 36.767895936543766 48080.2
-116.60869818434529 36.7678977433221 48078.7
-116.60867426485612 36.76789926548125 48077.0
-116.60864980734456 36.767900549073616 48074.9
-116.60862493413076 36.76790164648935 48073.7
-116.60859994939229 36.767902645299785 48072.8
-116.60857495370443 36.7679036072275 48072.9
-116.60855004692507 36.76790455805892 48073.6
-116.60852533630384 36.767905499222174 48075.0
-116.60850087130392 36.7679064106031 48076.7
-116.60847668754872 36.767907253161134 48078.5
-116.60845282352612 36.76790799043971 48081.4
-116.60842932444515 36.767908590659424 48084.4
-116.60840622989652 36.767909056948014 48087.4
-116.60838347163669 36.76790939963837 48090.6
-116.60836098244704 36.767909621063495 48094.0
-116.60833863820524 36.76790971192944 48097.2
-116.60831635538293 36.76790968128735 48100.7
-116.6082939854006 36.767909530773295 48104.7
-116.6082714324704 36.767909261734566 48108.2
-116.60824855216566 36.76790887648704 48111.9
-116.608225362119 36.76790840901248 48115.5
-116.60820182849892 36.76790789236419 48118.9
-116.60817797015405 36.76790735935029 48122.5
-116.6081538125239 36.76790684814215 48125.7
-116.6081294287139 36.7679063884012 48129.3
-116.6081049001367 36.76790599649327 48132.8
-116.60808028405944 36.767905683105965 48136.0
-116.60805565358194 36.76790546677097 48138.6
-116.60803100069838 36.767905342390335 48140.9
-116.60800636087394 36.76790529323311 48143.3
-116.60798173648416 36.7679052933125 48145.4
-116.60795712285886 36.76790530831063 48147.3
-116.60793251426168 36.76790530250677 48149.2
-116.607907906145 36.767905252842255 48150.9
-116.6078832907776 36.76790514848131 48152.2
-116.60785864364756 36.767904982065424 48153.3
-116.6078339897197 36.76790476870607 48153.7
-116.60780931299772 36.7679045237522 48154.0
-116.607784610945 36.76790425860896 48154.6
-116.6077598874148 36.76790397989164 48154.9
-116.6077351655289 36.76790369563528 48155.6
-116.6077104648134 36.76790341483056 48156.1
-116.60768580609832 36.76790314804106 48156.1
-116.60766121531894 36.76790290518216 48156.6
-116.60763667741968 36.76790268725096 48156.8
-116.60761218369352 36.76790249291525 48157.1
-116.60758771331848 36.76790232009039 48157.4
-116.60756324890392 36.767902166139045 48157.6
-116.6075387690582 36.76790202726727 48157.8
-116.60751417749476 36.76790190138952 48158.2
-116.6074896767115 36.76790179011029 48158.7
-116.6074651798222 36.76790169181195 48159.2
-116.60744068638314 36.76790159870151 48159.5
-116.60741619391366 36.767901506021374 48160.2
-116.6073916963572 36.76790141170508 48160.9
-116.60736718820404 36.76790130944401 48161.3
-116.60734268036776 36.76790119272026 48162.3
-116.60731817377932 36.767901060109 48163.6
-116.60729366440847 36.767900919069845 48164.8
-116.60726914578387 36.76790078481936 48165.6
-116.60724460611348 36.76790067084243 48167.0
-116.60722004366632 36.76790058362352 48168.2
-116.6071954589866 36.76790052471021 48169.4
-116.60717086089863 36.767900496940165 48170.8
-116.60714624837196 36.767900493051705 48172.1
-116.60712163962508 36.76790050953918 48173.2
-116.60709703855036 36.76790054338797 48174.2
-116.60707244627388 36.76790058587781 48175.4
-116.60704786009356 36.76790062454121 48176.6
-116.60702328679776 36.76790064730627 48177.6
-116.60699873724138 36.76790063914574 48178.5
-116.60697421639098 36.76790057905754 48179.4
-116.60694975196596 36.76790046768641 48180.6
-116.60692532135836 36.76790031872033 48181.5
-116.60690090791654 36.76790015204378 48182.5
-116.6068764943714 36.76789999143149 48183.4
-116.60685205686993 36.767899853814605 48183.9
-116.60682759602815 36.76789974111282 48184.4
-116.60680311725086 36.76789964958356 48184.9
-116.60677862599633 36.76789957591964 48185.3
-116.60675411956974 36.7678995159008 48185.5
-116.606729608772 36.76789946614184 48186.3
-116.60670510056802 36.76789942579222 48186.9
-116.60668060513407 36.76789939989385 48187.2
-116.60665611591126 36.767899389359286 48186.9
-116.60663163683468 36.767899389237634 48187.0
-116.60660716562444 36.76789939511492 48187.4
-116.60658269538456 36.76789940213168 48188.2
-116.60655821963304 36.76789940619125 48188.7
-116.60653373634464 36.76789941107199 48188.9
-116.60650924961348 36.76789942386196 48189.2
-116.6064847793251 36.76789945288888 48190.2
-116.60646033142504 36.767899500032215 48191.5
-116.60643591953648 36.767899558310695 48192.8
-116.60641154264438 36.76789961976639 48193.9
-116.60638718661647 36.767899675298224 48195.0
-116.60636282813348 36.76789972026397 48196.4
-116.60633843988612 36.7678997531613 48197.7
-116.60631399981705 36.767899772221504 48198.8
-116.6062894797846 36.7678997722575 48200.4
-116.60626489426228 36.767899756151245 48202.1
-116.60624024644596 36.76789972965567 48203.9
-116.60621554435464 36.7678996925652 48205.6
-116.60619080244756 36.76789963891964 48207.7
-116.6061660575269 36.767899567384944 48209.8
-116.60614132145255 36.76789948099158 48211.7
-116.60611659976534 36.76789938573869 48214.0
-116.60609189677244 36.767899292127005 48217.0
-116.60606720653472 36.76789921169068 48219.7
-116.60604253163883 36.767899148774575 48222.3
-116.60601787881052 36.76789910065062 48225.3
-116.6059932619542 36.767899065726645 48228.7
-116.60596867202136 36.76789903765041 48232.3
-116.60594411022932 36.76789900535783 48235.8
-116.60591957404614 36.767898959132175 48239.8
-116.60589505959676 36.76789888833597 48244.2
-116.6058705746258 36.76789879229775 48248.8
-116.60584610650255 36.76789867634944 48253.5
-116.60582164767744 36.76789854940437 48258.9
-116.60579719080064 36.76789842146897 48263.7
-116.60577273061082 36.7678983019586 48268.8
-116.60574826292132 36.76789819538 48274.1
-116.605723782275 36.76789810264344 48279.5
-116.60569928145632 36.76789802757825 48284.6
-116.605674744069 36.76789797024133 48289.9
-116.60565016983426 36.7678979298202 48295.1
-116.60562555618525 36.76789790246593 48299.9
-116.60560089818917 36.76789788230956 48305.0
-116.60557620365748 36.767897860921295 48309.8
-116.60555148318552 36.76789783160952 48314.3
-116.60552674173852 36.76789778924201 48318.3
-116.60550198305596 36.76789772946893 48322.4
-116.60547722945029 36.767897655392 48326.6
-116.60545248648664 36.76789756990186 48330.1
-116.60542775912688 36.76789747835348 48333.0
-116.605403052113 36.76789738903129 48335.6
-116.60537836102304 36.76789730708372 48338.3
-116.60535368260922 36.76789723421695 48340.5
-116.60532901201056 36.767897172000254 48341.9
-116.60530434328984 36.7678971268391 48343.3
-116.60527966036132 36.767897105228585 48345.0
-116.6052549600614 36.767897115413454 48346.3
-116.60523023647156 36.76789716038681 48347.2
-116.60520549118912 36.76789724023364 48347.6
-116.605180712624 36.76789734204588 48347.7
-116.6051559150087 36.76789744807032 48348.3
-116.60513110324575 36.767897539836326 48347.9
-116.6051062717034 36.76789759609242 48347.4
-116.60508144473629 36.76789760982797 48347.0
-116.6050566151682 36.76789758138749 48345.9
-116.6050317863599 36.767897514804986 48345.1
-116.60500695151052 36.7678974187947 48344.9
-116.60498211541424 36.76789731130081 48344.0
-116.60495726480345 36.76789720365355 48342.2
-116.60493238995912 36.767897102060616 48340.4
-116.6049074864368 36.76789701551628 48339.1
-116.60488255532748 36.767896950046335 48338.1
-116.6048576141904 36.76789691049681 48336.2
-116.60483267657688 36.76789689952485 48334.3
-116.6048077654483 36.76789692175723 48332.7
-116.60478287436372 36.767896967262615 48331.2
-116.6047580164352 36.7678970200315 48329.0
-116.60473319285904 36.767897065266126 48327.3
-116.60470839841275 36.76789708648053 48326.1
-116.6046836424116 36.76789707801368 48324.9
-116.60465892069372 36.76789703935946 48323.4
-116.60463423643073 36.767896967956254 48322.0
-116.60460958052684 36.76789685767092 48321.1
-116.60458495745652 36.767896714859255 48320.1
-116.60456034377933 36.76789655214694 48319.2
-116.60453572453876 36.76789638524679 48318.8
-116.60451108621524 36.76789623609404 48318.4
-116.60448639987516 36.76789611735148 48318.6
-116.60446166161272 36.76789603133059 48318.6
-116.60443686893252 36.76789597833058 48318.4
-116.60441202197477 36.7678959575403 48318.4
-116.60438712099624 36.767895956479975 48318.4
-116.60436218765432 36.76789596404282 48318.7
-116.60433723066264 36.76789597132304 48318.9
-116.60431225496674 36.76789596901564 48319.0
-116.60428727586348 36.76789595420424 48319.7
-116.60426230069504 36.76789592889486 48320.2
-116.60423734095993 36.76789589936932 48320.3
-116.60421241439856 36.767895874324815 48320.5
-116.60418751725776 36.76789586140159 48321.0
-116.60416264119816 36.767895867881855 48321.5
-116.60413777216311 36.767895902489 48321.3
-116.6041128987984 36.76789597476496 48321.0
-116.604087988751 36.76789608447777 48321.1
-116.6040630457772 36.76789622733728 48321.1
-116.60403807830748 36.76789639492355 48320.9
-116.60401311000912 36.76789657667437 48320.1
-116.60398816102452 36.767896763826414 48319.5
-116.60396325122424 36.767896950633926 48319.7
-116.6039383925436 36.7678971332714 48319.6
-116.60391359551004 36.76789730379853 48318.7
-116.6038888605706 36.76789745845336 48317.4
-116.60386417391656 36.767897597465215 48316.3
-116.60383952681345 36.76789772069871 48315.5
-116.60381491150171 36.76789783068936 48314.9
-116.6037903120356 36.76789794044804 48314.3
-116.60376570779216 36.76789806389864 48313.4
-116.60374108137287 36.767898208267766 48311.9
-116.6037164140426 36.76789837057117 48310.2
-116.6036916959914 36.7678985376268 48309.1
-116.60366692853972 36.76789870543988 48308.1
-116.60364211215268 36.767898874936805 48307.1
-116.60361724516288 36.76789904909521 48305.7
-116.60359233966356 36.76789923030804 48303.7
-116.60356741156431 36.7678994199858 48302.0
-116.60354247493628 36.767899611388586 48301.0
-116.60351754044162 36.76789978702018 48299.7
-116.60349263770009 36.76789992886324 48298.1
-116.60346777472564 36.767900027602906 48296.9
-116.60344295773564 36.76790007893192 48295.4
-116.60341818288924 36.76790008017284 48293.9
-116.60339345931725 36.767900046721216 48292.8
-116.603368660267 36.76789999555089 48291.7
-116.60334396743164 36.767899939124526 48290.1
-116.60331926987207 36.76789989086523 48288.8
-116.60329454737018 36.767899860926576 48287.3
-116.60326979976917 36.7678998500158 48286.3
-116.60324503602548 36.76789985274712 48285.9
-116.60322027382232 36.76789986256692 48285.0
-116.60319552175528 36.76789987332613 48284.3
-116.60317078626518 36.767899881363526 48283.9
-116.60314607392888 36.76789988393222 48283.5
-116.60312138805456 36.76789987807678 48283.2
-116.6030967220398 36.76789986875527 48283.4
-116.60307206045267 36.767899861498016 48283.8
-116.60304739239224 36.767899858789 48284.0
-116.60302271357564 36.76789986137086 48284.4
-116.60299802619969 36.76789986462654 48284.8
-116.6029733395021 36.7678998678813 48285.0
-116.60294865676792 36.76789987585764 48285.6
-116.60292398333252 36.76789989636132 48286.5
-116.60289930576998 36.76789993416698 48287.4
-116.60287461981368 36.76789998787185 48288.3
-116.6028499143232 36.76790005436543 48289.4
-116.60282517668064 36.76790013164358 48290.3
-116.60280039550024 36.767900215489774 48291.5
-116.6027755710281 36.7679003011114 48293.4
-116.60275070424233 36.767900384291664 48295.1
-116.60272579311696 36.767900455019216 48296.4
-116.60270086221584 36.7679005048528 48298.0
-116.60267592017514 36.76790053075327 48299.6
-116.60265097568929 36.767900531471575 48301.1
-116.60262602838688 36.76790050387307 48302.7
-116.60260109785438 36.76790045174627 48304.5
-116.60257617926598 36.76790038033157 48306.4
-116.60255127577992 36.76790029869287 48308.5
-116.602526403587 36.76790022070569 48310.7
-116.60250156841232 36.767900157799 48312.9
-116.60247677401694 36.76790011714772 48314.7
-116.60245201494126 36.76790010139747 48316.8
-116.60242728668156 36.767900106920926 48318.8
-116.6024025704434 36.767900120593005 48320.6
-116.60237786378563 36.76790013166084 48322.9
-116.60235315907704 36.76790013478463 48325.1
-116.60232844458558 36.76790012804824 48327.3
-116.60230371821773 36.767900114964206 48330.0
-116.60227897678368 36.76790009798136 48332.1
-116.60225422113092 36.76790008050751 48334.3
-116.60222945651904 36.7679000640068 48336.4
-116.6022046893236 36.76790004827434 48338.3
-116.60217992358788 36.76790003266934 48340.5
-116.60215515651632 36.76790001691615 48342.7
-116.60213037645296 36.7679000020872 48344.6
-116.60210557314684 36.767899989733785 48346.7
-116.60208074161764 36.767899978717466 48348.9
-116.60205588131176 36.7678999673375 48350.4
-116.60203099416135 36.76789994761042 48351.4
-116.60200610693168 36.76789990972143 48353.3
-116.60198123787968 36.767899849918976 48355.2
-116.60195639881064 36.7678997672966 48356.4
-116.601931588713 36.76789966039325 48357.2
-116.60190680198431 36.76789953821134 48358.2
-116.60188201183225 36.76789940933004 48359.1
-116.60185719924678 36.767899278742576 48359.2
-116.60183234710816 36.76789915050739 48359.8
-116.601807454829 36.76789902724026 48360.4
-116.60178253505944 36.76789891236084 48360.1
-116.6017576025914 36.76789881080378 48359.7
-116.60173267963224 36.76789873286062 48359.5
-116.60170775601269 36.76789868758015 48359.3
-116.6016828272642 36.76789868098321 48358.8
-116.6016578855083 36.76789871382287 48358.3
-116.60163293784366 36.76789878451424 48357.4
-116.60160798298716 36.76789888210168 48356.0
-116.60158304576454 36.767898994800255 48354.7
-116.60155814007852 36.76789910825779 48353.4
-116.6015332751862 36.767899205144445 48352.3
-116.60150845725352 36.767899276745375 48351.0
-116.60148367317744 36.767899321527054 48349.2
-116.60145891763092 36.76789933828661 48348.0
-116.60143418642744 36.767899325597895 48347.0
-116.6014094825132 36.7678992847241 48345.5
-116.60138478646664 36.76789921839398 48344.2
-116.6013600811587 36.7678991331488 48342.9
-116.60133534189464 36.76789903904613 48341.8
-116.60131055838532 36.76789895209627 48341.3
-116.6012857262601 36.76789888479977 48340.7
-116.60126085140196 36.767898842865854 48340.0
-116.60123595528924 36.767898832192245 48339.5
-116.60121105231542 36.76789884936232 48339.2
-116.60118616872175 36.76789889428338 48338.5
-116.6011613098338 36.7678989661592 48337.9
-116.60113647595196 36.767899062939314 48338.0
-116.60111164171563 36.76789917284047 48338.4
-116.60108680807636 36.76789928234514 48338.8
-116.60106197119832 36.76789938098614 48339.5
-116.60103712587453 36.767899457823056 48340.4
-116.60101229037956 36.767899512201446 48341.1
-116.60098747072306 36.767899542995465 48341.6
-116.60096267688373 36.76789955377345 48342.4
-116.60093791353644 36.767899551232695 48343.2
-116.60091317848432 36.767899545124365 48344.4
-116.600888464676 36.76789954358412 48345.6
-116.60086376664688 36.76789955474026 48346.7
-116.6008390800252 36.76789959106526 48348.1
-116.60081437249224 36.76789966068895 48349.6
-116.60078962959268 36.767899769154745 48351.2
-116.60076483189331 36.76789991795671 48352.7
-116.60073995670749 36.76790009409697 48353.8
-116.6007150078813 36.76790026095394 48355.0
-116.60069000161648 36.76790039362237 48357.0
-116.60066494724956 36.76790047756561 48359.1
-116.6006398244076 36.76790049955663 48360.9
-116.60061466715872 36.76790047052444 48362.3
-116.6005894765852 36.767900407541966 48364.1
-116.60056430406036 36.76790032932643 48365.4
-116.60053930134956 36.7679002602414 48367.1
-116.60051466669547 36.76790022753424 48369.3
-116.60049067887158 36.76790025609581 48371.3
-116.60046767856817 36.767900363167456 48373.4
-116.60044626978646 36.76790054574391 48376.5
-116.60042659972366 36.76790072746182 48379.4
-116.60040885811136 36.76790076868678 48381.6
-116.60039315234008 36.767900465043255 48384.3
-116.60034005488012 36.76783830856673 48373.4
-116.60034140124796 36.76782450129869 48370.2
-116.60034314665572 36.767809404590565 48370.5
-116.60034508713191 36.76779307690156 48372.3
-116.60034701326047 36.76777553968542 48371.6
-116.60034875784125 36.76775706139063 48369.6
-116.60035021495196 36.76773798875243 48367.2
-116.60035131303336 36.76771868558256 48364.0
-116.6003519691785 36.76769972766382 48361.0
-116.60035226240032 36.767681472084575 48357.0
-116.6003523367116 36.767664411241846 48351.0
-116.60035241326923 36.76764890923805 48344.9
-116.60041435979502 36.76759481898187 48338.1
-116.60042970499384 36.76759641625412 48336.6
-116.60044673066548 36.76759842977172 48340.5
-116.6004654033526 36.76760061539859 48345.3
-116.60048577944114 36.76760273681876 48347.5
-116.60050776545312 36.7676046512308 48346.8
-116.60053110169396 36.76760627814912 48345.4
-116.60055560673568 36.76760758141469 48344.0
-116.60058106566916 36.76760851081684 48341.9
-116.60060726694353 36.76760911525417 48338.6
-116.60063383664308 36.767609428538 48335.2
-116.60066052884513 36.767609481957855 48332.3
-116.6006870323806 36.76760929097711 48329.8
-116.60071323947676 36.767608920805664 48327.5
-116.60073894764167 36.7676084246845 48325.5
-116.60076403484558 36.7676078462796 48323.1
-116.60078840501572 36.7676072191156 48320.7
-116.60081194311572 36.76760658238518 48318.8
-116.6008347934085 36.76760595549022 48317.1
-116.6008570478538 36.76760536134828 48315.6
-116.60087881077338 36.767604829400376 48314.7
-116.60090030080264 36.767604369732766 48314.3
-116.60092172026415 36.767603992071 48314.1
-116.60094323346344 36.767603705952034 48314.2
-116.60096506517174 36.76760352900613 48314.6
-116.60098724903456 36.76760345417705 48315.0
-116.60100987314264 36.767603472085206 48315.2
-116.60103295352732 36.767603570042 48315.6
-116.60105651973772 36.76760373126544 48315.4
-116.60108042170424 36.76760391929616 48314.6
-116.60110458681189 36.76760410947666 48314.1
-116.60112894373712 36.76760428441021 48314.3
-116.60115343289162 36.76760442794928 48314.8
-116.6011779977492 36.767604531953445 48315.1
-116.60120259052358 36.76760459174676 48315.5
-116.60122718162596 36.767604605849854 48316.3
-116.6012517360284 36.767604574872266 48317.2
-116.60127625679216 36.767604512134646 48318.2
-116.60130072109035 36.76760443022373 48319.5
-116.60132512190108 36.76760434554119 48321.0
-116.60134945221338 36.76760427738657 48322.8
-116.60137371004072 36.76760423935361 48324.6
-116.60139790072984 36.767604241587925 48326.3
-116.6014220251006 36.76760428956876 48328.2
-116.60144608790247 36.76760438922296 48330.2
-116.60147008077774 36.76760453557465 48332.0
-116.60149403025248 36.76760472620873 48333.8
-116.60151795351192 36.767604956234365 48335.4
-116.60154187070228 36.76760521858524 48337.2
-116.60156578910068 36.76760548852344 48338.6
-116.60158973956324 36.76760574212594 48340.2
-116.6016137406234 36.76760596982648 48341.6
-116.60163780712236 36.76760617695848 48342.4
-116.60166193293692 36.76760638274122 48343.0
-116.60168610290287 36.7676066000285 48343.7
-116.60171030654756 36.76760683253103 48343.9
-116.60173453451424 36.76760707516857 48343.6
-116.60175877313377 36.76760731697063 48343.7
-116.60178302237571 36.76760755245592 48343.7
-116.60180728223868 36.76760777868609 48342.7
-116.60183155670984 36.76760798603665 48341.2
-116.60185586775955 36.76760816647453 48340.0
-116.60188021700196 36.767608312722615 48338.9
-116.60190460395631 36.76760841845967 48337.2
-116.60192900727688 36.7676084760052 48335.2
-116.60195342899858 36.76760848975142 48332.4
-116.60197784788154 36.76760846354282 48329.8
-116.60200226089728 36.76760840591288 48327.8
-116.60202667064644 36.76760832729256 48325.9
-116.60205109460186 36.767608244383815 48323.6
-116.60207553460624 36.76760816713891 48321.0
-116.6020999940002 36.767608095747335 48318.4
-116.60212446320917 36.76760801777387 48315.9
-116.60214893517112 36.7676079149639 48313.6
-116.6021734011788 36.767607776389376 48311.0
-116.60219786355852 36.76760760073383 48308.8
-116.60222233208953 36.76760740276356 48306.2
-116.60224682289729 36.76760721518191 48303.7
-116.60227133698996 36.76760706741402 48301.2
-116.60229587810542 36.76760698096196 48298.9
-116.60232047239695 36.767606972192645 48296.4
-116.6023450813566 36.767607024616574 48294.1
-116.60236972282796 36.76760711869614 48291.5
-116.60239439641047 36.76760723443888 48288.9
-116.60241909900792 36.76760734653566 48286.6
-116.60244382689388 36.76760743225893 48284.5
-116.60246856979772 36.76760747987118 48282.6
-116.6024933191332 36.76760748631117 48280.6
-116.60251805726148 36.767607451145686 48278.4
-116.60254279053198 36.767607383053125 48276.5
-116.60256750161228 36.767607288476526 48274.6
-116.60259218132715 36.767607172430985 48272.6
-116.60261681664606 36.76760703882771 48270.9
-116.60264142268151 36.76760690085816 48269.3
-116.60266600493456 36.767606772148326 48267.7
-116.60269057613924 36.76760666489022 48266.4
-116.6027151583446 36.767606591656254 48265.4
-116.60273973605727 36.767606554547136 48264.3
-116.60276430768712 36.76760654750797 48263.0
-116.6027888569474 36.76760655716313 48261.8
-116.60281336468292 36.767606570589805 48260.9
-116.60283782685792 36.76760658372391 48259.8
-116.60286224263704 36.76760659712424 48258.8
-116.60288661729676 36.767606613318506 48258.0
-116.60291095807864 36.76760663155503 48257.4
-116.60293528708009 36.76760664909448 48256.8
-116.60295962203504 36.76760666333291 48256.5
-116.60298397744482 36.767606670603385 48256.6
-116.6030083689368 36.76760666977144 48256.6
-116.60303279777315 36.7676066686485 48256.3
-116.60305725497156 36.7676066774856 48256.0
-116.60308172758604 36.76760670423352 48256.1
-116.60310620256512 36.76760675170073 48255.6
-116.60313065728069 36.767606811488406 48255.5
-116.60315509026084 36.7676068730456 48256.1
-116.60317950049476 36.76760692918025 48256.6
-116.6032038946054 36.76760698246704 48257.2
-116.60322828339808 36.76760704631061 48258.0
-116.60325266878796 36.76760713169868 48258.6
-116.60327705125722 36.76760724536683 48259.2
-116.6033014446656 36.7676073957885 48260.2
-116.6033258300338 36.76760758462668 48261.3
-116.60335021074376 36.767607809043824 48262.2
-116.60337458562796 36.76760806091119 48263.4
-116.60339895796302 36.767608329798 48264.7
-116.60342332797552 36.76760860230162 48266.0
-116.60344770340764 36.76760887007639 48267.4
-116.60347209129527 36.76760912969917 48268.6
-116.6034965022286 36.76760937743886 48270.0
-116.60352095373852 36.767609604978055 48271.6
-116.60354545462202 36.76760980368528 48273.1
-116.60357000818284 36.767609965295264 48274.5
-116.60359460658512 36.76761007136989 48276.2
-116.60361927022302 36.76761012115468 48277.7
-116.60364397618189 36.76761012288485 48279.0
-116.60366871041693 36.76761009083604 48280.2
-116.6036934524594 36.76761004209124 48281.2
-116.60371818316725 36.76760999222039 48282.4
-116.60374288303944 36.767609949448 48283.7
-116.6037675400368 36.76760991634834 48285.1
-116.60379214181944 36.76760989332438 48286.5
-116.60381668590615 36.76760987514963 48288.0
-116.60384117843456 36.767609860227545 48289.1
-116.60386562230966 36.767609847553445 48290.5
-116.60389002090407 36.76760983857386 48292.1
-116.6039143956266 36.76760984074952 48293.2
-116.60393877260276 36.76760986697236 48294.5
-116.60396317758985 36.767609928405534 48295.7
-116.60398764417164 36.76761002870015 48296.8
-116.60401216163842 36.76761015301746 48298.1
-116.60403674493836 36.76761028276595 48299.1
-116.6040613973708 36.76761039921031 48299.8
-116.60408611615904 36.767610474360566 48300.9
-116.60411091116764 36.76761049064454 48302.1
-116.60413575657576 36.76761044147271 48302.7
-116.6041606355768 36.767610329167645 48303.3
-116.60418552209306 36.76761015990176 48304.2
-116.60421041841133 36.76760996008225 48305.2
-116.60423529351532 36.7676097558676 48306.0
-116.60426013145056 36.76760957206963 48306.1
-116.60428492092092 36.76760943055797 48306.5
-116.6043096416794 36.76760933095237 48307.2
-116.60433430956456 36.76760926668084 48307.9
-116.60435893205018 36.76760923097768 48308.8
-116.60438352197268 36.76760922056758 48309.1
-116.6044080892992 36.76760923048744 48309.7
-116.60443265203808 36.76760925847096 48310.2
-116.60445722061696 36.76760929818101 48310.3
-116.60448181039426 36.767609341318014 48310.8
-116.60450643502988 36.76760937981386 48312.1
-116.60453110619376 36.767609412243445 48312.4
-116.60455582605272 36.76760944088293 48312.1
-116.60458059450204 36.767609471098766 48312.2
-116.60460539249708 36.76760950923156 48312.1
-116.60463020862603 36.76760955737616 48312.5
-116.60465502835216 36.767609607580646 48313.2
-116.60467983092636 36.76760964122991 48313.4
-116.60470462858484 36.767609648958256 48313.3
-116.60472942662489 36.76760963030948 48313.8
-116.60475423670415 36.76760959447302 48314.1
-116.6047790702533 36.76760955839973 48314.0
-116.60480391892553 36.767609540034925 48313.9
-116.60482887089294 36.76760954762333 48313.6
-116.60485371083136 36.76760957780184 48313.3
-116.60487851759748 36.767609620307695 48313.2
-116.60490327481412 36.76760966246586 48312.9
-116.604927980018 36.767609696942365 48312.3
-116.60495263638497 36.76760971903236 48311.8
-116.6049772450598 36.76760972264097 48311.2
-116.6050018399296 36.7676097036652 48310.8
-116.60502643592432 36.76760966060902 48309.8
-116.6050510469106 36.76760959553659 48308.4
-116.6050756840335 36.767609515249454 48307.4
-116.60510035232416 36.767609426254495 48306.3
-116.60512504740028 36.76760933046244 48304.9
-116.60514976519376 36.767609227279856 48303.3
-116.60517450436036 36.76760911255175 48301.8
-116.60519926397596 36.767608986580974 48299.9
-116.6052240392874 36.76760884810928 48298.1
-116.60524883365852 36.767608701628326 48296.6
-116.60527365922444 36.767608572244725 48294.2
-116.60529849291996 36.767608487295824 48291.7
-116.60532333486933 36.76760845582184 48290.2
-116.60534818976404 36.767608474371336 48288.1
-116.60537308203232 36.767608541334326 48286.1
-116.60539799224188 36.76760864531816 48283.7
-116.6054229306106 36.76760878220252 48281.3
-116.60544789363384 36.767608948243925 48279.0
-116.60547288110465 36.76760913991696 48276.6
-116.60549787188428 36.767609348048985 48273.6
-116.60552286117964 36.76760956697912 48270.7
-116.60554783386216 36.76760978895756 48267.9
-116.60557277286752 36.76761000036972 48264.6
-116.60559768967192 36.76761018298936 48261.4
-116.60562257977692 36.767610319381625 48258.0
-116.60564743899528 36.76761039633313 48254.2
-116.60567223921116 36.7676103983729 48250.2
-116.60569702697867 36.7676103309592 48245.6
-116.605721797559 36.76761020412308 48241.2
-116.60574656429108 36.7676100316385 48236.2
-116.60577133781337 36.76760982789067 48231.0
-116.60579612714996 36.76760961669861 48225.5
-116.6058209114948 36.767609414493926 48219.4
-116.60584567702348 36.767609237318126 48213.2
-116.60587041765936 36.76760910716465 48207.2
-116.6058951112208 36.767609024653154 48201.6
-116.60591977910748 36.76760898407094 48195.5
-116.60594442849091 36.76760897824832 48188.4
-116.60596906891072 36.767609000949534 48182.0
-116.60599370263716 36.76760903835153 48176.0
-116.60601835957146 36.76760908026859 48169.4
-116.60604306121304 36.76760912133942 48162.6
-116.60606783350164 36.76760915832094 48156.0
-116.60609267191752 36.76760919678505 48148.8
-116.60611756348204 36.767609245759246 48141.7
-116.606142493382 36.767609310765685 48135.6
-116.60616745165429 36.76760939996408 48129.6
-116.60619240010918 36.76760951368775 48123.8
-116.60621731968224 36.76760964222184 48117.9
-116.60624218311516 36.7676097661912 48112.1
-116.60626693840946 36.76760985218393 48107.6
-116.60629160480804 36.767609876521824 48104.2
-116.60631617267636 36.767609830039824 48101.1
-116.6063406501204 36.7676097139176 48098.4
-116.60636502881157 36.76760953227604 48095.8
-116.60638937460656 36.76760930834621 48094.8
-116.60641370170792 36.76760906281277 48094.3
-116.60643803304264 36.76760881781852 48094.1
-116.6064623974036 36.76760860188558 48094.4
-116.60648677074762 36.76760843603442 48095.0
-116.60651114328164 36.76760833332145 48096.6
-116.6065355007 36.767608301665376 48098.7
-116.60655985045568 36.76760834604071 48101.7
-116.60658417094652 36.767608438463775 48104.9
-116.6066085038168 36.76760854813386 48107.8
-116.60663288210044 36.76760864337975 48110.9
-116.6066573393049 36.76760869091601 48114.6
-116.60668191370276 36.76760868489319 48117.9
-116.60670659225778 36.767608635193255 48120.2
-116.60673135464413 36.767608551522606 48122.4
-116.60675611225535 36.76760842591742 48125.5
-116.606780720784 36.767608225972005 48128.9
-116.60680492503305 36.767607889717375 48131.8
-116.6068283689076 36.767607334490734 48134.6
-116.6068501784798 36.76760642320109 48138.6
-116.60687010186292 36.7676050850102 48139.2
