Long Lat Mag_nT
-116.6090803000384 36.773090443532126 48552.4
-116.60907814845868 36.77310867270647 48551.6
-116.60907646416916 36.773127576604246 48551.5
-116.60907550749324 36.773147147201655 48550.1
-116.60907529121516 36.773166815282686 48546.6
-116.60907580206492 36.77318610373289 48542.6
-116.6090769307374 36.77320456928741 48538.9
-116.60907847381432 36.77322152847903 48536.9
-116.60907993542588 36.77323685499862 48535.6
-116.60899498927972 36.77328991811438 48534.7
-116.60897647048624 36.773287675703365 48537.5
-116.60895610983768 36.77328527266665 48539.4
-116.60893420069183 36.77328294766566 48540.2
-116.60891077865082 36.773280841990974 48541.4
-116.6088862667044 36.77327907803889 48542.6
-116.6088604570509 36.77327777497526 48543.9
-116.60883381494727 36.77327689105232 48544.5
-116.60880674353795 36.77327641494409 48545.8
-116.60877934806848 36.773276313218375 48547.2
-116.60875196145926 36.77327660064519 48548.4
-116.60872488306688 36.77327716442336 48549.1
-116.60869827369464 36.77327793923232 48550.3
-116.6086725672658 36.77327885026804 48551.4
-116.60864793681696 36.773279833944414 48552.0
-116.6086243442905 36.7732808007459 48553.0
-116.6086018934497 36.77328169202176 48553.8
-116.60858031374264 36.77328248064328 48554.2
-116.60855967226476 36.77328312476524 48554.9
-116.60853958777804 36.77328364767046 48556.1
-116.60851969647692 36.7732840576098 48556.7
-116.60849985757189 36.77328435683022 48557.9
-116.60847970582074 36.77328452772063 48559.5
-116.60845913216004 36.773284584359125 48561.1
-116.6084378387101 36.77328452739046 48562.9
-116.60841584061971 36.77328436656878 48564.1
-116.60839308015136 36.773284113292846 48564.5
-116.60836964623628 36.773283814714496 48565.0
-116.60834583453624 36.77328350731636 48566.2
-116.60832168026784 36.77328321869482 48567.5
-116.60829736839204 36.77328297934561 48568.6
-116.60827285418128 36.773282793416776 48569.3
-116.60824831177972 36.773282665837534 48570.5
-116.60822379776074 36.773282597006855 48571.9
-116.6081992260126 36.77328260148806 48573.3
-116.60817478550824 36.77328267033332 48574.9
-116.6081503773138 36.77328279568617 48576.2
-116.60812599641712 36.77328296833596 48577.1
-116.60810171072058 36.77328318007896 48578.0
-116.60807732132392 36.77328340773344 48579.3
-116.60805292653532 36.77328363151722 48580.8
-116.60802842719212 36.77328383656169 48583.0
-116.60800404358233 36.77328400565104 48585.0
-116.60797968554088 36.77328413773087 48585.8
-116.60795535425667 36.77328422378659 48586.7
-116.60793113697042 36.77328425499305 48587.6
-116.60790686333613 36.773284210455095 48588.9
-116.60788263142597 36.7732840981219 48590.7
-116.6078583361382 36.77328393124496 48592.5
-116.60783416145571 36.77328373054934 48593.9
-116.60781001016258 36.77328351530062 48594.5
-116.60778586182118 36.77328330975334 48595.0
-116.60776169937245 36.77328313055503 48597.3
-116.60773751458404 36.773282986166045 48600.0
-116.60771327420755 36.77328288196404 48601.7
-116.60768898565432 36.773282805287465 48602.7
-116.6076646521242 36.77328275011035 48604.1
-116.60764028391311 36.773282714267296 48605.7
-116.60761587875656 36.773282700694935 48607.0
-116.60759145763778 36.77328270598588 48608.5
-116.60756703654016 36.773282730832406 48610.2
-116.60754263438828 36.77328277648646 48611.8
-116.6075182571669 36.77328284815244 48613.0
-116.60749390119972 36.773282939804616 48615.1
-116.60746956005904 36.77328304253991 48616.6
-116.60744521739105 36.77328314149208 48617.1
-116.6074208726412 36.773283213262026 48618.6
-116.6073965321046 36.773283246959416 48620.0
-116.60737220231968 36.77328323846931 48620.5
-116.6073478806569 36.77328319037911 48621.7
-116.6073235774317 36.77328310806424 48622.9
-116.60729927004787 36.773283009618254 48624.5
-116.60727494430716 36.77328290478256 48625.3
-116.60725058999662 36.77328280146798 48625.3
-116.60722619755556 36.773282701961776 48625.5
-116.60720177937024 36.773282604463645 48626.1
-116.60717734282316 36.77328251406164 48626.7
-116.60715289767336 36.773282437300885 48626.8
-116.60712843448168 36.77328238778585 48627.2
-116.60710395199224 36.77328236825248 48627.0
-116.6070793539703 36.77328237635403 48627.1
-116.60705484726353 36.773282402781966 48628.1
-116.60703033957574 36.773282443189366 48628.5
-116.60700592878244 36.77328249565311 48627.3
-116.60698140595592 36.77328256164391 48626.5
-116.60695685778876 36.77328264084501 48627.1
-116.60693226964428 36.77328273119437 48628.0
-116.60690755438532 36.77328282228689 48627.8
-116.60688291073429 36.77328289885892 48626.9
-116.60685822280657 36.77328294650594 48626.3
-116.60683350249462 36.773282945571445 48626.1
-116.6068088482564 36.77328289889168 48625.4
-116.60678407546868 36.77328280766032 48624.8
-116.60675929242493 36.77328268105736 48624.3
-116.60673452245392 36.77328253244284 48623.9
-116.60670967194734 36.77328237623335 48623.7
-116.60668494910388 36.773282217402375 48622.7
-116.6066602632695 36.77328205945653 48621.4
-116.60663571207404 36.773281912277845 48620.6
-116.60661108489546 36.77328178077081 48619.6
-116.60658646911264 36.7732816716757 48618.0
-116.60656186359763 36.77328159200524 48617.0
-116.60653715140896 36.77328155294451 48616.7
-116.60651253720768 36.7732815495752 48615.7
-116.60648793368428 36.773281574100274 48614.1
-116.60646335155492 36.77328161535485 48612.4
-116.60643888985992 36.77328166085392 48610.8
-116.60641434621492 36.77328170135662 48609.1
-116.60638981271904 36.77328173487437 48607.3
-116.60636518791353 36.77328176461079 48605.6
-116.60634067575846 36.77328179280798 48603.9
-116.60631619083388 36.77328181997376 48602.1
-116.60629174741244 36.77328184251794 48600.2
-116.60626744802504 36.77328185614872 48598.3
-116.60624309394906 36.773281856647095 48596.0
-116.60621874644028 36.7732818455216 48593.6
-116.60619437801031 36.77328182427923 48591.3
-116.60616987158645 36.773281796300445 48588.4
-116.6061454113416 36.77328176203765 48585.3
-116.60612091349996 36.7732817192141 48582.4
-116.60609638375568 36.77328166300138 48579.6
-116.6060719101794 36.77328158923613 48576.0
-116.60604729037576 36.77328149099623 48572.2
-116.6060226272472 36.77328137134936 48569.1
-116.60599792577824 36.77328123847595 48565.3
-116.60597310141182 36.77328110449281 48561.6
-116.6059483555404 36.77328098984485 48557.8
-116.60592360830968 36.77328090468411 48553.7
-116.60589887236144 36.7732808561838 48549.6
-116.6058742679063 36.77328084660181 48545.4
-116.60584959717072 36.773280877208485 48541.3
-116.60582496267604 36.773280929595465 48537.2
-116.60580036032124 36.77328098698321 48532.8
-116.60577567342268 36.77328103510935 48529.1
-116.6057510911491 36.77328105634725 48525.5
-116.60572649588636 36.7732810434368 48521.7
-116.6057019817724 36.77328098943232 48517.4
-116.6056773445476 36.77328089166349 48513.3
-116.60565270217168 36.77328074322171 48510.1
-116.60562805173346 36.77328056055256 48507.2
-116.60560329149844 36.77328035682383 48503.9
-116.6055786174857 36.77328015104429 48500.4
-116.60555391922796 36.773279963329855 48497.6
-116.6055292118806 36.77327980342829 48495.1
-116.60550460866324 36.77327967664297 48492.3
-116.605479930328 36.773279582699566 48489.3
-116.60545526964512 36.773279525342495 48487.0
-116.605430524996 36.77327949296139 48484.8
-116.60540588548416 36.77327947361598 48481.6
-116.60538123627772 36.773279450642896 48478.9
-116.6053565740528 36.77327940304343 48476.9
-116.60533199368076 36.77327933216406 48474.8
-116.60530729895368 36.77327924894732 48473.6
-116.60528259913389 36.77327917146542 48471.8
-116.6052577953792 36.77327912627543 48470.7
-116.605233090911 36.77327912586088 48469.9
-116.60520838517265 36.77327917772163 48468.4
-116.60518368478668 36.77327927817996 48466.4
-116.60515907166014 36.773279419296735 48464.4
-116.60513437179904 36.77327957144466 48462.6
-116.60510968936228 36.77327971228837 48461.4
-116.60508501266686 36.77327982358937 48459.8
-116.605060258419 36.773279875984 48458.3
-116.6050356197982 36.773279861214206 48456.8
-116.60501100680852 36.77327977446323 48454.8
-116.6049864132158 36.77327961639552 48454.0
-116.60496199341054 36.773279381453136 48453.5
-116.6049375235035 36.77327909257909 48452.6
-116.6049130863703 36.77327876658633 48451.2
-116.60488855443432 36.773278416601165 48449.6
-116.60486408774214 36.77327805997251 48448.4
-116.60483955830568 36.77327771125447 48446.7
-116.6048149480018 36.77327737890709 48445.5
-116.60479035605032 36.773277069202535 48444.7
-116.60476557279048 36.773276786683205 48444.0
-116.60474073856945 36.77327653056602 48443.5
-116.60471578739894 36.77327630201495 48443.6
-116.60469095921816 36.77327610219335 48443.6
-116.6046661823626 36.77327593240594 48443.5
-116.60464147303765 36.77327578263394 48444.0
-116.60461692991714 36.773275647075295 48445.1
-116.60459234868163 36.773275519412906 48446.2
-116.60456780583664 36.77327539911428 48446.8
-116.60454326554536 36.77327528701053 48447.6
-116.6045186037662 36.77327518971151 48448.6
-116.60449401349564 36.77327511554108 48449.5
-116.604469376786 36.77327508062384 48450.4
-116.60444481729722 36.77327508538628 48451.9
-116.60442015284576 36.773275126175534 48453.5
-116.60439549979532 36.77327519376156 48455.6
-116.6043708618818 36.773275276777966 48457.5
-116.60434614520652 36.77327536057692 48459.5
-116.60432154164825 36.77327543556422 48462.0
-116.60429693121137 36.77327549098212 48464.4
-116.60427229975976 36.7732755116411 48466.8
-116.60424771032156 36.77327549754079 48468.8
-116.60422293639428 36.77327544336828 48470.2
-116.6041980528246 36.773275343174056 48471.7
-116.60417308128744 36.77327518770281 48474.0
-116.60414796224735 36.773274994641405 48476.6
-116.60412293055045 36.77327478095376 48478.6
-116.60409792382076 36.77327455998853 48480.0
-116.60407296963864 36.77327434763029 48481.9
-116.60404816055032 36.77327415170264 48482.9
-116.6040232858734 36.773273977222686 48483.4
-116.60399843560792 36.77327382716086 48484.5
-116.60397348981932 36.773273702567245 48486.1
-116.6039486412798 36.77327360166489 48486.6
-116.60392378493891 36.77327352869826 48486.4
-116.60389891440563 36.77327348239172 48485.4
-116.60387410220928 36.77327345674888 48483.3
-116.6038491600842 36.77327343490683 48480.3
-116.60382418928587 36.773273409538135 48477.1
-116.60379908892966 36.77327337863807 48473.7
-116.60377404769147 36.7732733481944 48470.7
-116.60374896756716 36.77327332457728 48467.1
-116.60372385664328 36.77327330759105 48462.6
-116.60369873400847 36.77327329240398 48457.7
-116.60367364066008 36.7732732674956 48452.3
-116.60364860013227 36.773273228086296 48446.2
-116.60362362469556 36.77327317791678 48438.5
-116.603598724497 36.77327313532712 48430.4
-116.60357388428056 36.773273137609536 48422.4
-116.603549087826 36.77327320328517 48414.4
-116.60352432102596 36.773273341944986 48405.8
-116.60349958518124 36.77327354766778 48397.0
-116.60347483742916 36.77327381812193 48388.6
-116.60345008061114 36.77327412522487 48380.0
-116.60342530810117 36.773274457241314 48372.0
-116.60340051614791 36.773274802907366 48364.3
-116.60337569704124 36.77327514140696 48356.7
-116.60335086433685 36.77327544240531 48349.9
-116.60332603964888 36.77327568295652 48342.7
-116.60330123473295 36.77327585766036 48336.5
-116.60327652980772 36.77327596016576 48331.8
-116.6032519222153 36.77327601778566 48326.8
-116.60322741831403 36.77327604964736 48322.6
-116.6032030123787 36.77327607276805 48320.4
-116.60317869654794 36.773276098165184 48318.4
-116.60315442430932 36.773276133146005 48316.6
-116.60313006579088 36.773276179457376 48315.4
-116.60310578551928 36.77327623078597 48314.0
-116.60308155382744 36.77327627216562 48313.6
-116.60305716580744 36.77327629115376 48313.6
-116.60303270892229 36.77327628053126 48313.6
-116.60300807314108 36.773276237794725 48312.8
-116.60298346796657 36.77327616727374 48313.3
-116.60295881805575 36.773276083021145 48313.4
-116.60293415035584 36.77327599146575 48312.6
-116.60290958344576 36.77327590190372 48312.1
-116.60288492458508 36.77327582207466 48311.7
-116.6028602718544 36.77327574887184 48311.2
-116.60283561667232 36.77327567534553 48309.5
-116.60281084473098 36.773275596753145 48308.2
-116.60278612993584 36.77327552090453 48307.8
-116.60276136394438 36.77327545974861 48306.3
-116.6027365418744 36.77327541881976 48304.6
-116.60271177005704 36.77327540009221 48303.4
-116.60268684222308 36.77327540768036 48301.9
-116.60266188585184 36.77327543058602 48301.1
-116.60263691000294 36.77327546080881 48300.1
-116.6026118232581 36.77327549228167 48299.4
-116.60258683896836 36.77327552405369 48298.7
-116.602561866401 36.77327556529608 48298.0
-116.60253690978972 36.77327562910264 48298.0
-116.60251207824427 36.77327572720707 48298.6
-116.60248714847222 36.77327586847445 48299.1
-116.6024622223636 36.77327603617645 48299.7
-116.60243720211176 36.773276216708624 48301.3
-116.60241228380048 36.77327639137275 48302.7
-116.60238737854652 36.77327654195392 48303.3
-116.60236249006267 36.77327667286147 48304.7
-116.60233773200392 36.77327679371514 48307.3
-116.60231291587364 36.77327691396805 48309.6
-116.60228814313804 36.77327703630296 48312.0
-116.60226338893304 36.77327715964134 48315.2
-116.6022385331344 36.77327727880871 48318.3
-116.60221375083157 36.773277386324224 48321.2
-116.60218892669468 36.77327746828442 48324.6
-116.60216404214096 36.77327751643676 48328.6
-116.60213918554156 36.77327751901558 48332.4
-116.60211414592844 36.77327747037653 48335.9
-116.60208906219458 36.77327737301579 48339.7
-116.60206386863528 36.77327725841224 48344.2
-116.60203880687068 36.773277148423205 48348.4
-116.60201382138588 36.77327705768441 48352.9
-116.60198892813534 36.77327700309012 48357.6
-116.6019642088768 36.7732769821442 48362.0
-116.60193944187172 36.773276988346026 48365.8
-116.60191470133942 36.773277010928126 48369.2
-116.6018899503649 36.77327703621455 48372.4
-116.60186507046537 36.773277050053615 48375.4
-116.6018402455426 36.773277044198345 48378.7
-116.6018153674208 36.773277018651385 48382.2
-116.60179044694578 36.7732769810133 48385.0
-116.60176560209572 36.77327694525896 48387.6
-116.60174064353154 36.773276917469886 48390.3
-116.601715668267 36.773276897741205 48392.8
-116.60169066826676 36.7732768815328 48395.0
-116.60166555351331 36.773276862428816 48396.0
-116.60164054117844 36.77327683590245 48396.9
-116.60161554981848 36.773276798541374 48397.0
-116.60159070556746 36.77327674665278 48396.5
-116.60156580071202 36.77327667790991 48394.9
-116.60154092868233 36.77327658768693 48393.7
-116.6015160751932 36.77327647347239 48393.0
-116.60149114468912 36.77327633483102 48392.0
-116.60146631550056 36.77327618589614 48390.4
-116.60144148603308 36.77327603502562 48387.8
-116.60141665909453 36.773275888889856 48385.7
-116.60139192337532 36.77327575848125 48383.4
-116.6013670751168 36.773275648688845 48380.6
-116.6013422050114 36.77327556599042 48377.9
-116.60131731288836 36.77327551543196 48375.5
-116.60129227045722 36.7732755092024 48373.6
-116.60126729736844 36.77327553949288 48371.5
-116.60124231367573 36.77327560174784 48369.0
-116.60121734979916 36.773275688250166 48366.7
-116.60119253208448 36.77327578652187 48364.5
-116.6011676738688 36.77327588305959 48362.0
-116.60114288163052 36.773275971138126 48359.9
-116.60111815833908 36.77327604852169 48358.6
-116.60109342231289 36.773276116039135 48357.9
-116.60106884554388 36.77327617745456 48357.3
-116.6010443192866 36.77327623222103 48356.7
-116.60101983115382 36.77327627776462 48356.2
-116.60099547783908 36.773276308731205 48356.0
-116.60097105079652 36.77327632926418 48356.5
-116.60094664474605 36.77327634492567 48357.1
-116.60092225894071 36.7732763638993 48357.6
-116.6008977825941 36.77327640062022 48357.6
-116.6008733967906 36.773276456902806 48358.1
-116.60084898803872 36.773276527635176 48359.1
-116.60082453534012 36.77327660061383 48360.3
-116.6008001108495 36.77327665725585 48362.2
-116.6007755062173 36.773276683658295 48363.8
-116.60075080569428 36.77327666482908 48364.3
-116.60072599355982 36.77327658475655 48364.4
-116.60070103704076 36.773276418624384 48364.6
-116.6006762157898 36.7732761797672 48365.2
-116.60065158029516 36.7732758747536 48365.6
-116.60062735291596 36.77327552457759 48365.6
-116.6006041119308 36.77327516987328 48366.2
-116.6005819444206 36.773274871127065 48367.9
-116.6005613021167 36.7732747134204 48370.0
-116.60054267697116 36.773274805306855 48371.1
-116.60047571274076 36.77333445171149 48371.7
-116.60047763308133 36.77334815924688 48373.6
-116.60048005271192 36.77336310763848 48372.3
-116.6004827088892 36.773379173643846 48373.1
-116.60048535041268 36.77339631298642 48376.3
-116.60048782949691 36.77341425337455 48379.3
-116.6004900425021 36.773432593214174 48381.0
-116.60049197521217 36.77345109500933 48381.5
-116.60049360915536 36.77346911133337 48380.6
-116.60049512094028 36.77348616880458 48381.0
-116.6004967341256 36.77350199390296 48383.1
-116.60049872083243 36.77351618868041 48383.8
-116.60059283532937 36.77355762588196 48392.6
-116.60061108967018 36.773555590192124 48389.1
-116.60063075599882 36.77355346125804 48388.3
-116.6006518058332 36.77355142142432 48389.0
-116.6006743876676 36.77354962798545 48390.4
-116.60069804292807 36.77354812532099 48391.3
-116.6007226571724 36.77354689891678 48391.6
-116.60074801810076 36.773545918404565 48391.3
-116.60077392058224 36.77354516583929 48390.0
-116.6007999527996 36.77354456643697 48389.0
-116.60082592567792 36.7735440748817 48388.5
-116.60085164895936 36.77354365562596 48388.3
-116.60087689397916 36.773543284165896 48387.3
-116.60090160205714 36.773542942174 48386.0
-116.60092573585324 36.77354263680383 48385.0
-116.60094928695176 36.77354238503241 48384.0
-116.60097221206364 36.77354221616983 48383.0
-116.60099463272292 36.77354213365094 48382.1
-116.60101666629964 36.77354213355821 48381.4
-116.60103842994756 36.77354220567962 48380.8
-116.60106003601382 36.77354233826329 48380.1
-116.60108162111092 36.77354250959503 48379.6
-116.60110330766324 36.773542700895085 48379.6
-116.60112519904816 36.77354289955185 48379.7
-116.60114744090868 36.77354310264265 48379.8
-116.60117014606358 36.77354330416432 48380.1
-116.60119315018872 36.77354349674594 48380.7
-116.60121652992416 36.7735436825608 48381.2
-116.60124018323084 36.77354386063448 48381.6
-116.60126418519792 36.773544037965785 48382.3
-116.60128836792796 36.77354422243952 48383.1
-116.60131267303224 36.77354442229232 48384.1
-116.60133714700044 36.77354465228672 48385.3
-116.60136152717824 36.773544911108544 48386.9
-116.60138588452136 36.773545193948685 48388.5
-116.60141020554896 36.773545489718224 48390.1
-116.60143439002 36.77354577863392 48391.8
-116.60145865976064 36.77354604895357 48393.7
-116.6014829365056 36.7735462922138 48395.7
-116.6015073333103 36.77354650895349 48397.9
-116.60153167229149 36.77354670071914 48399.8
-116.60155605154183 36.77354688285232 48401.7
-116.60158045907222 36.77354706186886 48403.7
-116.60160478359296 36.77354723491452 48405.4
-116.60162919889086 36.77354739688177 48407.1
-116.60165358909391 36.773547546374886 48408.7
-116.6016779383754 36.77354768432462 48410.4
-116.60170233463792 36.77354780779866 48412.3
-116.60172657864496 36.77354790822436 48413.9
-116.60175079583594 36.77354798497559 48415.5
-116.60177500041728 36.773548039868096 48417.1
-116.60179911100934 36.77354807696977 48418.3
-116.6018233359282 36.77354810025369 48419.5
-116.60184757739948 36.7735481136256 48420.3
-116.60187192458328 36.773548120062834 48420.9
-116.60189617994916 36.77354812272505 48421.5
-116.60192045028587 36.77354813201279 48422.1
-116.60194473755044 36.77354815737192 48422.7
-116.60196904639623 36.77354820184436 48422.8
-116.601993277237 36.773548263076606 48422.9
-116.60201762256608 36.773548333191066 48422.8
-116.60204198217332 36.77354840250438 48422.6
-116.6020664598912 36.77354846954215 48422.3
-116.60209086860893 36.77354853473409 48421.8
-116.60211531781532 36.77354859860003 48421.1
-116.60213980515232 36.773548657138015 48420.5
-116.60216422816394 36.77354870199064 48419.5
-116.60218876785152 36.773548724007455 48418.1
-116.60221331178344 36.773548702567226 48416.7
-116.6022378664552 36.773548631304976 48415.2
-116.60226252356628 36.773548511106256 48413.8
-116.60228708832524 36.77354835106695 48412.3
-116.602311663007 36.773548165203216 48410.5
-116.60233624802213 36.773547973843584 48408.2
-116.60236073778827 36.77354778931241 48406.2
-116.60238532634186 36.773547616867546 48404.4
-116.60240991613225 36.773547461192926 48402.4
-116.6024346101054 36.77354732033313 48400.4
-116.60245922493736 36.773547196081886 48398.5
-116.60248386761724 36.77354708789469 48396.8
-116.60250854930712 36.77354699999746 48394.8
-116.60253315804864 36.77354693439384 48392.8
-116.60255788908624 36.77354688954072 48391.1
-116.60258263267065 36.773546854881296 48389.9
-116.60260737715484 36.77354680814744 48389.0
-116.60263222102792 36.77354673314783 48387.6
-116.60265695507728 36.77354662406668 48386.4
-116.60268166656472 36.77354648451672 48385.4
-116.60270634270816 36.773546322036296 48384.0
-116.60273089119896 36.773546149702064 48383.1
-116.60275551119824 36.773545974328165 48382.7
-116.60278011498548 36.77354580729732 48382.0
-116.60280471624677 36.773545666098606 48381.4
-116.60282941356968 36.77354555965992 48380.9
-116.60285400992456 36.77354548925517 48380.0
-116.60287859600416 36.773545447024645 48379.0
-116.6029031608322 36.77354542168245 48378.4
-116.60292759967125 36.773545396353526 48378.1
-116.60295210933104 36.773545354270745 48377.8
-116.60297659218018 36.773545285953325 48377.3
-116.60300104869756 36.773545184974175 48376.5
-116.60302558725328 36.77354505488561 48375.9
-116.60305001096803 36.77354490097933 48375.5
-116.60307442667605 36.77354472604776 48375.4
-116.60309874800691 36.773544527858746 48375.2
-116.60312318732016 36.77354430200658 48375.8
-116.60314764941272 36.77354404238466 48376.6
-116.60317213483722 36.773543745586295 48377.6
-116.60319674880968 36.77354340868924 48379.0
-116.60322129507648 36.77354305417981 48380.4
-116.60324585379402 36.773542702826575 48382.3
-116.60327041476556 36.773542379493534 48384.5
-116.60329486952308 36.77354211592541 48386.9
-116.60331938827412 36.77354191429495 48389.8
-116.60334388353958 36.773541773224366 48393.0
-116.6033683601675 36.77354168571984 48396.5
-116.60339291099062 36.7735416451246 48400.1
-116.60341733623956 36.77354162929274 48404.0
-116.60344173784048 36.7735416211351 48408.0
-116.60346610853166 36.77354160460008 48412.0
-116.60349033697788 36.77354155883717 48415.8
-116.60351463227592 36.773541478306086 48419.5
-116.60353889111572 36.7735413661977 48422.9
-116.60356311843697 36.77354123184696 48425.9
-116.60358742302344 36.77354109282752 48428.9
-116.6036116257559 36.77354097407149 48431.5
-116.60363583841684 36.77354089223419 48433.7
-116.6036599825716 36.77354085598196 48435.8
-116.60368426773128 36.77354087015993 48437.6
-116.6037085869248 36.77354092151809 48438.8
-116.60373294328086 36.77354099790432 48440.1
-116.60375742931288 36.77354108619043 48441.3
-116.60378185418983 36.773541175208464 48442.0
-116.60380631554813 36.773541262738206 48441.8
-116.6038308230467 36.773541344878886 48441.9
-116.60385528501732 36.773541411205606 48441.9
-116.60387990631128 36.77354144072616 48441.6
-116.6039045891643 36.77354142884373 48440.8
-116.60392931934292 36.773541379012165 48439.3
-116.60395418606238 36.77354129907408 48437.6
-116.6039789882479 36.77354119386361 48436.0
-116.60400382273453 36.77354107175256 48434.6
-116.60402868526867 36.77354093548973 48432.9
-116.60405347788108 36.77354079049801 48431.1
-116.60407840350864 36.77354064517504 48429.2
-116.6041033532564 36.77354051041284 48427.3
-116.60412832554144 36.773540394898994 48425.3
-116.60415341671792 36.77354030492254 48423.1
-116.60417842489396 36.773540247041645 48421.3
-116.60420343316292 36.77354021791151 48419.4
-116.60422843164076 36.77354021425848 48417.1
-116.60425330006728 36.77354022504625 48415.1
-116.60427820578631 36.77354023956016 48413.4
-116.60430304354476 36.773540249712056 48411.4
-116.6043279101996 36.7735402516105 48409.5
-116.60435261648487 36.77354024705891 48407.8
-116.60437727091184 36.77354024331222 48406.3
-116.60440189357747 36.77354024238819 48404.7
-116.6044263967454 36.77354023984204 48402.8
-116.60445098276284 36.77354022958956 48401.2
-116.60447555771448 36.77354020596744 48399.6
-116.6045002253864 36.77354017010302 48397.9
-116.6045247826027 36.77354012428404 48396.6
-116.60454933115092 36.77354007174637 48395.1
-116.6045738832904 36.77354001988318 48393.4
-116.60459845352976 36.77353997755426 48392.0
-116.60462305640168 36.773539947292974 48390.6
-116.60464769807848 36.77353992309519 48389.0
-116.6046723821998 36.7735398948308 48387.7
-116.60469709746634 36.77353985530704 48386.5
-116.6047218289581 36.773539801379926 48386.1
-116.6047465593836 36.773539734650406 48384.9
-116.6047712763888 36.77353966494557 48383.6
-116.60479598043264 36.77353960516968 48383.0
-116.60482067629812 36.77353955696877 48382.5
-116.60484536474058 36.77353951154255 48382.0
-116.60487005582743 36.77353945440835 48381.7
-116.6048947686917 36.77353938063419 48381.5
-116.60491951189948 36.773539291323246 48381.1
-116.60494428815404 36.77353919104244 48380.8
-116.60496909175892 36.77353908723431 48380.5
-116.604993897762 36.77353898666279 48381.1
-116.60501868803108 36.77353889686464 48381.0
-116.60504345302806 36.77353882788192 48381.1
-116.60506818629588 36.77353879977261 48381.4
-116.60509288900812 36.77353882045176 48381.6
-116.60511758204528 36.773538891661424 48381.8
-116.60514228654372 36.77353900660184 48382.3
-116.60516701669792 36.7735391535162 48382.8
-116.605191776729 36.77353931038891 48383.3
-116.60521657296412 36.77353946656265 48384.1
-116.60524139786376 36.77353961469215 48384.9
-116.6052663341126 36.77353975011213 48386.0
-116.60529114810728 36.77353986454303 48387.3
-116.60531590471837 36.77353995205567 48388.7
-116.60534047951984 36.77354001417262 48390.1
-116.60536504761188 36.773540049899445 48392.0
-116.60538952612006 36.77354006125754 48394.1
-116.60541392683665 36.773540043120285 48396.6
-116.60543836494476 36.7735399890364 48399.0
-116.60546268179652 36.77353988392016 48401.8
-116.60548701761203 36.77353972863166 48405.2
-116.6055113812531 36.77353951610639 48408.6
-116.60553567240149 36.77353923967505 48412.0
-116.60556010649825 36.77353888777753 48415.1
-116.60558458958656 36.77353847968423 48418.9
-116.6056091135165 36.773538032969405 48423.5
-116.60563378273936 36.77353756931947 48428.1
-116.60565841328568 36.7735371260376 48432.6
-116.60568308758536 36.77353672674968 48437.4
-116.6057077055778 36.7735363896448 48442.5
-116.60573247283084 36.77353612037972 48447.5
-116.60575727842442 36.773535933058 48452.6
-116.60578210213006 36.77353580879739 48458.2
-116.60580704461016 36.773535731443054 48463.9
-116.6058318949088 36.77353568249432 48469.6
-116.60585673449856 36.77353564121396 48475.0
-116.60588156096549 36.77353559121812 48480.6
-116.6059062758196 36.77353552733641 48486.2
-116.605931073467 36.77353544937777 48491.8
-116.60595584070242 36.773535354953545 48497.2
-116.605980663156 36.77353524595622 48502.7
-116.60600532187236 36.77353512939584 48507.9
-116.60602990011942 36.77353501309904 48512.7
-116.60605437968113 36.773534907817705 48518.1
-116.60607867798436 36.773534826696064 48523.2
-116.6061030039372 36.77353478196182 48528.0
-116.60612728127352 36.773534781403455 48532.7
-116.6061515209706 36.773534832574825 48537.2
-116.60617585206955 36.77353492805805 48541.4
-116.606200115096 36.773535059786994 48545.6
-116.60622443014292 36.77353521492568 48549.7
-116.60624882080228 36.77353538130775 48553.4
-116.60627318528012 36.77353554523504 48556.7
-116.60629771724464 36.7735356986758 48559.8
-116.6063223039134 36.77353583542844 48562.6
-116.60634693235905 36.773535947645016 48565.1
-116.60637168065551 36.77353603519674 48567.2
-116.60639633809434 36.77353610259588 48569.4
-116.60642099178756 36.77353615554427 48571.7
-116.60644553800196 36.77353618949749 48573.4
-116.6064701794283 36.77353620329276 48575.0
-116.60649481720928 36.77353619835102 48576.8
-116.60651945337642 36.773536180166914 48578.1
-116.60654419344188 36.77353615265694 48579.1
-116.60656884482788 36.77353611940616 48579.9
-116.60659350616204 36.77353608094064 48580.6
-116.60661817313658 36.773536034412096 48581.4
-116.60664274500792 36.773535973107776 48582.0
-116.60666741875733 36.7735358910971 48582.3
-116.60669210012064 36.7735357817874 48582.7
-116.60671680359629 36.77353564516985 48583.2
-116.60674166037208 36.773535490333344 48583.2
-116.60676647349996 36.7735353346477 48582.9
-116.6067913360158 36.77353518623013 48582.6
-116.6068162410594 36.773535051543526 48582.3
-116.6068410709055 36.773534934513066 48581.6
-116.60686599911672 36.77353482738476 48581.3
-116.60689091121344 36.77353472761681 48580.8
-116.60691579431148 36.77353463480725 48579.9
-116.6069407293994 36.77353454717844 48579.3
-116.6069655160261 36.77353446619332 48578.6
-116.6069902519543 36.77353439241652 48577.6
-116.60701494474232 36.773534330352085 48576.8
-116.60703950381136 36.77353429183537 48576.0
-116.60706414474616 36.77353428005256 48575.3
-116.60708878910371 36.773534292386046 48574.4
-116.60711345304682 36.773534319169535 48573.2
-116.60713825315791 36.77353434524858 48572.0
-116.60716300483422 36.77353434902408 48571.1
-116.60718781582298 36.773534319221945 48570.1
-116.60721268430684 36.77353425372208 48568.8
-116.607237516373 36.77353415263832 48567.6
-116.60726248196848 36.7735340291766 48566.4
-116.60728745177326 36.77353389713837 48565.1
-116.60731240681451 36.77353377017511 48563.7
-116.60733732266164 36.773533663322 48562.5
-116.60736228927816 36.77353357786553 48561.4
-116.60738710983784 36.77353351030754 48560.1
-116.60741189280483 36.77353345858329 48559.0
-116.60743663925427 36.773533423677634 48557.8
-116.60746126000632 36.7735334001578 48556.2
-116.60748595932256 36.7735333785786 48554.9
-116.6075106401998 36.773533348753794 48554.0
-116.6075353106624 36.77353330760265 48552.7
-116.6075600810106 36.77353326181273 48551.3
-116.60758475814328 36.77353321673015 48549.8
-116.60760944396894 36.77353317460175 48548.8
-116.6076341429322 36.77353313947936 48547.8
-116.60765885329803 36.77353311448049 48546.4
-116.60768347560538 36.77353310738535 48545.0
-116.60770820863468 36.77353312622306 48543.8
-116.60773295288108 36.773533186649765 48542.8
-116.60775770770452 36.773533287106005 48541.6
-116.6077825799486 36.773533426349005 48540.2
-116.60780736861236 36.77353359439008 48539.1
-116.6078321586487 36.77353377339167 48538.0
-116.60785693995624 36.77353394107039 48536.8
-116.60788160745558 36.77353408164442 48535.8
-116.6079063509236 36.77353418586337 48534.8
-116.60793107660558 36.77353424329382 48533.9
-116.60795579444876 36.77353426472933 48533.0
-116.60798059893705 36.77353426314709 48531.8
-116.60800529103555 36.77353424845957 48530.7
-116.60802997710772 36.7735342295057 48529.6
-116.60805466744016 36.77353421730161 48528.5
-116.60807937292176 36.77353421627228 48527.5
-116.60810400306744 36.77353422276334 48526.9
-116.60812875951676 36.7735342304953 48526.2
-116.60815353439304 36.77353423676246 48525.0
-116.60817831610694 36.77353424259925 48523.8
-116.60820320067668 36.77353425521865 48522.7
-116.60822798731878 36.773534293532606 48521.6
-116.60825277238752 36.7735343762642 48521.0
-116.60827746397804 36.77353451409496 48520.2
-116.60830227205214 36.773534711423146 48519.0
-116.6083270955556 36.77353497431584 48517.9
-116.60835192799776 36.773535279862 48517.0
-116.60837687305684 36.77353560687684 48516.2
-116.60840172141816 36.77353592739223 48515.3
-116.60842656364903 36.77353621460031 48514.2
-116.60845140154912 36.77353645865144 48513.2
-116.60847622681167 36.77353665381009 48512.0
-116.608500927878 36.77353679736474 48511.3
-116.60852569619333 36.77353688527124 48510.6
-116.60855052760164 36.77353693618599 48509.8
-116.60857520719648 36.773536970500246 48508.6
-116.6085998286984 36.77353700554384 48507.7
-116.60862438434545 36.77353705200933 48506.8
-116.60864889106854 36.773537104689 48506.1
-116.6086733629346 36.77353714926814 48505.5
-116.60869780774073 36.773537168864046 48504.6
-116.60872224990932 36.77353714217109 48503.9
-116.60874670862827 36.77353706803283 48503.1
-116.608771195952 36.773536951579445 48501.7
-116.60879572285118 36.773536804641765 48500.7
-116.60882031525855 36.773536623943485 48499.8
-116.60884495535764 36.77353640938491 48499.2
-116.60886958944168 36.77353614781737 48498.8
-116.60889410148027 36.77353582143439 48497.6
-116.60891825406463 36.77353539593383 48496.3
-116.60894180579533 36.773534873156265 48494.9
-116.60896442617644 36.77353426438758 48492.7
-116.608985787215 36.7735336141288 48490.4
-116.60908576879224 36.77359319103576 48488.4
-116.60908361159936 36.77360754332637 48489.2
-116.6090812303927 36.77362336695288 48488.3
-116.6090789558352 36.77364053093935 48488.2
-116.60907717018948 36.7736589737974 48487.8
-116.60907601074548 36.77367824133703 48484.6
-116.60907558532168 36.77369793231019 48480.2
-116.6090759234848 36.773717523590406 48475.5
-116.60907709906876 36.77373650308605 48472.4
-116.6090788343076 36.7737545612336 48469.5
-116.6090808432975 36.77377120033589 48467.2
-116.60900334878797 36.77383527623872 48465.3
-116.60898494000791 36.77383308445473 48466.5
-116.60896491943396 36.77383076234421 48467.4
-116.60894319851404 36.77382845932876 48469.3
-116.6089200405988 36.77382631576994 48469.8
-116.608895328421 36.77382446882669 48469.6
-116.60886941312684 36.77382294262325 48471.8
-116.60884282099885 36.77382178886366 48475.1
-116.6088158388202 36.77382102594579 48475.5
-116.60878874297644 36.77382072646948 48476.1
-116.6087621033828 36.77382080402069 48478.3
-116.60873606412784 36.7738212227976 48479.8
-116.6087110468134 36.7738219363095 48480.8
-116.60868725535764 36.773822922843685 48482.2
-116.60866477231389 36.773824047069375 48482.8
-116.6086434751838 36.773825220344776 48482.8
-116.60862321084724 36.77382635512394 48482.8
-116.60860395926817 36.773827323249854 48483.0
-116.60858514288456 36.77382807183308 48483.4
-116.60856651416157 36.773828559277256 48484.1
-116.60854768861896 36.7738287719414 48484.5
-116.60852828947672 36.77382866209849 48484.6
-116.60850827840277 36.77382830530956 48484.4
-116.60848741437788 36.7738277507228 48485.0
-116.60846564304508 36.77382706032 48485.4
-116.60844299239696 36.773826307103135 48485.5
-116.608419528388 36.773825574836565 48486.4
-116.60839548830964 36.773824933438895 48487.2
-116.6083709594012 36.77382443830852 48488.1
-116.60834617946936 36.773824166890265 48488.7
-116.60832123243156 36.77382409478907 48489.2
-116.60829622289772 36.773824202437055 48489.8
-116.6082712377968 36.77382444924244 48490.7
-116.60824640598756 36.77382479135736 48491.7
-116.6082215517494 36.77382517031453 48493.0
-116.60819677460444 36.773825554591504 48494.5
-116.60817205807416 36.77382591707293 48495.2
-116.60814731793958 36.77382622299714 48494.2
-116.60812274872588 36.77382645793396 48494.2
-116.60809825196728 36.7738266168476 48495.5
-116.60807381174104 36.77382669808503 48496.9
-116.60804955343116 36.77382668765609 48498.1
-116.60802525209436 36.77382660212032 48498.6
-116.60800097833902 36.77382644987151 48498.3
-116.60797670271307 36.77382623702727 48498.3
-116.60795232443796 36.77382596523898 48499.8
-116.60792802668291 36.77382565787705 48501.4
-116.60790370438808 36.77382532610777 48502.9
-116.60787936108778 36.77382498097568 48503.5
-116.60785510323024 36.77382463532656 48504.0
-116.607830753329 36.773824293481546 48505.6
-116.60780642741112 36.77382395745252 48507.3
-116.60778204261752 36.7738236236097 48509.0
-116.6077578056774 36.773823290604135 48509.9
-116.60773359393453 36.77382295749272 48510.6
-116.60770937500256 36.773822625712974 48511.0
-116.60768522051336 36.77382229879735 48511.5
-116.60766090822284 36.773821986613285 48512.7
-116.60763653328858 36.77382170452632 48513.5
-116.60761208933074 36.77382146599574 48514.2
-116.60758747874289 36.77382127690289 48515.1
-116.60756285641295 36.77382114436871 48515.5
-116.60753814382518 36.773821053037935 48516.1
-116.60751335797929 36.77382100070028 48516.6
-116.6074886194318 36.773820985529895 48516.9
-116.6074637283392 36.77382100397632 48518.2
-116.60743880982908 36.773821038872526 48520.1
-116.60741388660604 36.77382107776744 48521.8
-116.6073888801344 36.77382110557903 48522.7
-116.60736404068464 36.77382111280939 48523.7
-116.60733930237473 36.77382111162668 48525.1
-116.6073146917274 36.773821113847255 48526.8
-116.60729031279028 36.77382112470628 48529.2
-116.6072659633206 36.77382113743008 48531.2
-116.60724169281896 36.773821132024544 48532.7
-116.6072174675763 36.77382108903769 48534.2
-116.60719315672245 36.773820997042826 48535.6
-116.60716896067242 36.773820844922845 48536.7
-116.6071447672378 36.77382064253808 48538.6
-116.60712065745167 36.773820393187215 48540.2
-116.6070964113212 36.77382009707876 48539.8
-116.60707210631892 36.7738197518986 48539.5
-116.60704773563712 36.77381937021072 48540.3
-116.60702319478128 36.77381896664342 48541.8
-116.60699868643 36.77381856534088 48543.2
-116.60697411448903 36.773818187124576 48544.0
-116.60694950741532 36.77381784560862 48545.1
-116.60692498299036 36.773817554114885 48546.1
-116.6069003632968 36.77381731673669 48547.4
-116.6068757276506 36.77381714436478 48548.2
-116.60685106840836 36.77381701654146 48548.5
-116.6068262815705 36.77381691713697 48549.5
-116.60680155258515 36.77381682994023 48551.3
-116.6067767707582 36.77381673091823 48552.2
-116.60675195356951 36.77381659885499 48551.9
-116.60672721616928 36.77381642747802 48552.4
-116.60670237637768 36.77381621823409 48553.5
-116.60667757322838 36.77381598077432 48554.2
-116.60665272039653 36.77381573838832 48554.7
-116.60662801497116 36.773815505909 48554.4
-116.60660335127352 36.77381529033482 48553.7
-116.60657871027784 36.77381510060386 48553.6
-116.60655417056168 36.77381493476831 48553.6
-116.6065295214228 36.773814787838674 48553.9
-116.6065048521988 36.77381465120614 48555.4
-116.6064801620636 36.77381450973371 48555.7
-116.60645536559008 36.77381435296045 48554.9
-116.60643066463582 36.77381418160796 48553.5
-116.60640596090084 36.77381400019428 48552.8
-116.60638125272384 36.77381381299503 48552.5
-116.60635663665084 36.7738136283056 48551.2
-116.60633191640268 36.77381345249304 48550.3
-116.6063072015364 36.77381329458555 48549.6
-116.60628240216823 36.77381316728024 48548.4
-116.60625772720417 36.77381307183844 48546.3
-116.60623309445153 36.77381300604526 48543.9
-116.60620852443247 36.77381296751975 48542.1
-116.60618402829483 36.77381295421053 48540.6
-116.60615959643305 36.773812949705984 48537.7
-116.60613521845022 36.77381293405588 48534.0
-116.60611086755443 36.773812888843565 48530.3
-116.60608653974124 36.77381279170106 48526.5
-116.60606220806189 36.77381264581924 48522.9
-116.60603785594796 36.77381245907909 48518.4
-116.60601347193294 36.77381224302679 48513.6
-116.60598905170843 36.773812005944485 48508.5
-116.60596459129252 36.7738117615903 48502.9
-116.60594008968188 36.77381151726046 48497.7
-116.6059155515377 36.77381127465768 48491.9
-116.60589097684672 36.77381103061366 48485.6
-116.60586637468144 36.77381078124351 48480.2
-116.60584174919488 36.773810527483775 48475.7
-116.60581711165123 36.7738102752441 48470.5
-116.60579245681954 36.77381003434307 48464.5
-116.60576777006624 36.77380980650113 48458.6
-116.6057430363009 36.77380958846144 48452.3
-116.60571825704596 36.77380938076264 48446.1
-116.60569343378997 36.773809191007615 48440.1
-116.6056685964692 36.77380902031733 48433.8
-116.60564367791108 36.773808859949895 48427.1
-116.60561901600948 36.77380869761964 48421.8
-116.60559437254756 36.77380853014257 48417.4
-116.60556983914292 36.77380836402833 48412.3
-116.605545398954 36.773808200363526 48407.3
-116.6055209260725 36.77380803321781 48401.8
-116.60549658935126 36.77380784985306 48396.6
-116.6054722458146 36.77380764033255 48391.9
-116.60544787397626 36.773807397247325 48388.5
-116.60542355008988 36.773807118627246 48384.2
-116.60539908211445 36.77380680036056 48380.5
-116.60537456967036 36.7738064617313 48378.4
-116.60535001625124 36.77380611986928 48375.7
-116.60532534107656 36.7738057871327 48373.2
-116.60530075041144 36.77380547708348 48370.3
-116.6052761720165 36.7738051826716 48367.3
-116.60525160582604 36.77380490301566 48365.7
-116.60522714167716 36.77380464379552 48364.1
-116.6052025457667 36.77380441812787 48362.2
-116.6051779059164 36.773804229005385 48360.2
-116.60515321755264 36.77380407852198 48358.5
-116.60512838937709 36.773803964121846 48357.4
-116.60510359862803 36.77380388211401 48356.5
-116.60507877074495 36.77380381233254 48356.1
-116.60505392177046 36.77380374222648 48355.0
-116.60502917492762 36.77380366324039 48354.2
-116.60500437703416 36.773803571100366 48354.7
-116.60497964355926 36.77380347802151 48355.0
-116.60495498451678 36.77380339874416 48353.7
-116.60493031157723 36.773803350671685 48353.1
-116.60490578007357 36.77380335998886 48353.8
-116.60488126576637 36.77380341991004 48353.7
-116.60485683970816 36.77380352372807 48352.7
-116.60483227914628 36.77380366046504 48352.2
-116.60480762214137 36.77380381159472 48351.6
-116.60478285855488 36.77380394924872 48351.4
-116.60475788587476 36.77380405938514 48352.1
-116.60473290583718 36.77380413963089 48352.8
-116.60470783822808 36.77380419279808 48353.7
-116.6046827194536 36.77380422709352 48354.8
-116.6046576843444 36.77380423884191 48355.7
-116.60463255694113 36.7738042207624 48356.0
-116.6046074853447 36.77380415639621 48356.7
-116.60458246548237 36.77380405141358 48357.4
-116.6045573878492 36.77380391700022 48358.0
-116.60453243789084 36.77380377380566 48359.0
-116.60450749177244 36.77380364143953 48360.4
-116.60448253876848 36.77380353791139 48361.3
-116.60445767829655 36.77380347463759 48362.5
-116.60443272156768 36.77380345489416 48364.6
-116.60440775161427 36.77380348690907 48365.9
-116.60438277545158 36.7738035587248 48366.5
-116.60435769714655 36.77380366402942 48367.1
-116.60433272806324 36.77380379494412 48367.7
-116.60430777515433 36.77380394862961 48368.8
-116.60428285729436 36.77380411785788 48370.6
-116.60425808185975 36.77380429821551 48372.3
-116.60423324857612 36.773804484636806 48373.2
-116.60420846257668 36.773804659972846 48374.2
-116.60418371513356 36.77380480480794 48375.3
-116.60415889984796 36.773804900604425 48377.5
-116.60413419294473 36.773804936039866 48379.4
-116.60410953553658 36.77380490305792 48380.9
-116.60408490958817 36.77380483079753 48382.7
-116.60406041022397 36.77380474186651 48385.0
-116.6040358235534 36.77380464920736 48386.4
-116.60401122033808 36.773804547237546 48386.3
-116.60398657521964 36.77380442690893 48387.9
-116.6039617723558 36.773804284308845 48390.4
-116.6039370027982 36.77380412329909 48392.6
-116.60391217857271 36.773803952892514 48394.0
-116.60388732995396 36.77380378387407 48395.3
-116.60386259107528 36.77380362523827 48397.0
-116.60383780236268 36.77380348867372 48399.0
-116.60381308319316 36.77380339435217 48400.6
-116.6037884252528 36.7738033372392 48402.6
-116.6037637168074 36.773803308717206 48404.3
-116.60373913655422 36.77380329532001 48406.1
-116.60371456321325 36.773803281876006 48408.0
-116.60369007810056 36.77380325277471 48409.2
-116.60366546675792 36.77380319891533 48410.2
-116.60364079709764 36.77380311443996 48411.4
-116.60361604612557 36.77380298771888 48412.8
-116.60359110724404 36.77380283187256 48414.2
-116.60356617526917 36.77380266273116 48415.3
-116.60354115960496 36.77380249276667 48415.4
-116.60351606069848 36.7738023353192 48416.2
-116.60349101225228 36.77380219428 48417.1
-116.6034658287236 36.773802067909365 48417.1
-116.60344063014104 36.77380195729621 48416.6
-116.6034154294202 36.77380186936121 48416.7
-116.6033901487452 36.77380180804021 48416.4
-116.60336500939628 36.773801778983525 48415.3
-116.6033399430924 36.77380178635204 48414.3
-116.6033150608216 36.77380184375376 48412.7
-116.60329016999616 36.77380194551794 48410.5
-116.60326536967445 36.77380208618361 48409.7
-116.60324065391885 36.77380225362692 48409.9
-116.60321590992002 36.77380243972234 48409.1
-116.60319130430732 36.77380263427538 48407.2
-116.60316672030308 36.77380283268442 48405.1
-116.60314214606676 36.77380302982117 48403.1
-116.60311768313557 36.77380321827334 48401.8
-116.6030931335114 36.77380339667061 48401.3
-116.60306859118398 36.77380356006269 48401.0
-116.60304403887656 36.7738037002193 48401.5
-116.60301937176592 36.77380380461896 48400.9
-116.60299477008684 36.77380387377808 48400.0
-116.60297011968365 36.7738039086594 48399.7
-116.60294540697176 36.773803914251445 48400.2
-116.60292073416691 36.773803900785325 48400.6
-116.60289591573785 36.77380388332372 48401.3
-116.60287106502244 36.773803864000215 48401.4
-116.6028461979485 36.77380384122492 48401.3
-116.60282123482214 36.77380381373354 48401.1
-116.6027963887153 36.77380378484553 48401.1
-116.6027715682457 36.77380376050793 48402.1
-116.60274688075188 36.77380374760568 48403.3
-116.60272213067688 36.773803754848814 48404.6
-116.6026974153314 36.77380378351788 48405.8
-116.60267273381234 36.773803835230126 48406.1
-116.6026479889001 36.77380390881984 48406.2
-116.60262337178555 36.773804006016185 48407.2
-116.60259879187772 36.77380412394096 48407.7
-116.60257425611016 36.7738042727233 48408.4
-116.60254987832072 36.77380446529224 48409.8
-116.60252543551934 36.773804728366414 48411.0
-116.6025010006924 36.773805058518256 48412.0
-116.60247645803445 36.77380545068339 48412.2
-116.60245199615451 36.773805886599725 48412.6
-116.60242748239244 36.77380635374415 48414.2
-116.6024029263516 36.773806828675525 48415.7
-116.60237833076556 36.77380730021559 48416.9
-116.60235379835022 36.77380775806152 48418.1
-116.60232914819537 36.77380819148792 48419.5
-116.6023043874088 36.77380859090453 48420.8
-116.6022797146992 36.77380894157808 48421.9
-116.60225501057828 36.773809236537055 48423.4
-116.6022302976066 36.7738094528115 48424.9
-116.60220555466856 36.7738096002722 48426.1
-116.60218077526464 36.77380968163828 48426.9
-116.60215594425416 36.77380970193161 48427.5
-116.60213109000864 36.773809664769445 48428.6
-116.60210621377946 36.77380959586798 48428.7
-116.60208132619124 36.77380951018891 48427.9
-116.60205644134729 36.77380942072335 48427.9
-116.60203157289804 36.77380933998377 48429.5
-116.60200673168131 36.77380927401837 48430.2
-116.60198192685118 36.77380922097175 48430.0
-116.60195716012764 36.77380916910032 48429.4
-116.60193245125772 36.77380909839638 48428.5
-116.6019077912526 36.77380899787693 48427.7
-116.60188317474784 36.77380886205238 48426.4
-116.60185858254722 36.773808692333695 48425.2
-116.6018340118116 36.77380849555336 48424.0
-116.6018094377134 36.773808291351976 48422.9
-116.60178485763772 36.773808094354514 48421.4
-116.60176028230264 36.7738079195182 48420.5
-116.601735699182 36.77380778553865 48419.6
-116.60171111897176 36.773807694432 48417.8
-116.6016865376586 36.77380764785266 48415.5
-116.6016619532444 36.773807640617726 48413.4
-116.60163733229729 36.77380766827783 48411.7
-116.60161267567814 36.77380771770356 48409.4
-116.60158797621489 36.773807784837246 48407.9
-116.60156323793096 36.773807865597824 48407.0
-116.60153845753092 36.773807961424026 48404.7
-116.60151354725691 36.77380807867432 48401.7
-116.6014887022816 36.773808225497056 48399.6
-116.60146383295138 36.77380840587711 48399.4
-116.60143892470263 36.77380862825415 48398.0
-116.60141400259305 36.773808886345606 48395.6
-116.601389175285 36.77380917709727 48393.1
-116.6013642522786 36.77380949675919 48390.8
-116.601339324582 36.77380983783803 48388.9
-116.60131430001331 36.77381018304192 48387.2
-116.60128938406493 36.77381051413448 48387.5
-116.60126448101173 36.77381082268233 48388.0
-116.60123961823304 36.77381110107054 48387.0
-116.60121489334512 36.773811346286585 48385.1
-116.6011901098276 36.773811548244645 48384.8
-116.60116534788077 36.773811696427714 48385.4
-116.60114063076573 36.773811775066605 48386.2
-116.60111582341584 36.77381180068022 48386.8
-116.60109111107624 36.77381178425875 48387.2
-116.6010663880252 36.773811741243534 48387.6
-116.60104166425188 36.77381168681294 48388.8
-116.60101704199036 36.773811637063325 48390.1
-116.60099233147044 36.773811597810486 48391.4
-116.6009676374244 36.77381157152518 48392.6
-116.60094294650304 36.773811561038805 48393.3
-116.60091815265145 36.77381156308969 48393.9
-116.60089344804042 36.773811576525965 48395.6
-116.6008687345144 36.773811599757046 48397.7
-116.60084400462996 36.7738116310696 48398.8
-116.60081935649758 36.77381166332573 48399.1
-116.60079458517012 36.77381169058282 48399.6
-116.6007697777653 36.7738117094065 48400.6
-116.60074483025 36.77381170778538 48401.4
-116.60071996260704 36.77381167287251 48401.1
-116.60069513066108 36.7738115936624 48401.2
-116.60067043152662 36.77381146949845 48401.4
-116.60064624465944 36.77381130436945 48400.9
-116.60062260111658 36.773811128439455 48399.7
-116.60059991733009 36.77381098344256 48400.4
-116.60057859965174 36.77381092646198 48403.5
-116.60055913462377 36.77381110516793 48406.4
-116.6004844291006 36.773864136436806 48406.8
-116.60048600924245 36.773877068456045 48402.9
-116.60048817003104 36.77389115682253 48400.9
-116.6004906886502 36.773906660035486 48401.5
-116.60049323813976 36.77392313076408 48404.1
-116.60049565803324 36.77394039869012 48405.3
-116.60049786645716 36.77395835445287 48406.9
-116.60049974093766 36.773976390455246 48408.1
-116.60050139367608 36.77399415145633 48406.3
-116.60050293266212 36.77401121032964 48405.9
-116.60050449936284 36.77402699809889 48407.1
-116.6005064385514 36.77404117728743 48409.1
-116.60059376703586 36.77408734954653 48411.2
-116.60061136320988 36.77408531209774 48408.5
-116.60063047425372 36.77408308536789 48406.1
-116.60065129970388 36.77408088957689 48405.0
-116.60067351751404 36.77407889267031 48404.0
-116.6006968665262 36.774077182677765 48403.1
-116.60072127162732 36.77407579330752 48402.1
-116.60074668686887 36.77407476637011 48401.0
-116.60077242157048 36.77407404023605 48399.2
-116.6007985089019 36.77407355343034 48397.3
-116.60082461658148 36.774073267930895 48395.8
-116.60085050500064 36.77407316162624 48394.6
-116.60087607751888 36.77407317791676 48393.7
-116.6009010577937 36.77407328046943 48393.2
-116.60092547752636 36.774073446661966 48392.5
-116.60094922171476 36.77407366795043 48391.6
-116.60097226458976 36.774073925920426 48390.8
-116.60099486223234 36.77407421858194 48389.8
-116.6010170107218 36.774074543321845 48389.4
-116.60103880399237 36.77407490026651 48388.8
-116.60106052361806 36.774075281415165 48388.2
-116.601082166116 36.77407568048432 48387.9
-116.60110396746816 36.774076096413545 48387.9
-116.60112610193856 36.77407652215029 48388.0
-116.60114852567575 36.77407693898071 48388.2
-116.60117143805228 36.774077335905325 48388.7
-116.6011947262433 36.774077697338925 48388.9
-116.6012183663072 36.77407800193704 48388.9
-116.6012423619198 36.77407824680847 48389.4
-116.60126644327684 36.77407843090557 48390.1
-116.60129065667138 36.77407856040462 48390.7
-116.6013149709938 36.77407864324872 48391.6
-116.60133936636224 36.774078702312885 48392.7
-116.60136371662044 36.77407875333813 48393.8
-116.60138820214218 36.774078807923374 48394.9
-116.60141271370884 36.77407887936951 48396.3
-116.60143722715377 36.774078978472446 48397.3
-116.6014618352648 36.774079116629125 48398.0
-116.601486336107 36.77407929522277 48398.8
-116.60151082658024 36.77407950986288 48399.9
-116.60153528795836 36.774079738221246 48401.1
-116.601559628904 36.77407996346884 48401.9
-116.60158404668942 36.77408017468836 48402.5
-116.60160845538952 36.77408036218073 48403.2
-116.60163287755408 36.77408053125392 48403.9
-116.6016574112792 36.774080689878296 48404.2
-116.6016818580825 36.774080840062126 48404.2
-116.60170630420885 36.774080978122846 48404.6
-116.601730653389 36.77408109869664 48405.0
-116.6017551017178 36.77408119860219 48405.3
-116.6017795576201 36.77408127775136 48405.3
-116.60180402839364 36.77408133982741 48405.2
-116.60182861685082 36.77408139546658 48405.5
-116.6018531205778 36.774081454882335 48405.7
-116.60187763069705 36.7740815236701 48405.6
-116.60190213887962 36.77408160001972 48405.4
-116.60192663499107 36.774081676002574 48405.4
-116.60195102057408 36.7740817454436 48405.7
-116.6019754895506 36.774081804506125 48405.4
-116.60199993703996 36.77408184871713 48405.0
-116.60202436860617 36.77408187821352 48405.1
-116.60204887614596 36.77408189727078 48405.0
-116.60207325641076 36.77408191329799 48403.6
-116.60209760197182 36.77408193968192 48402.3
-116.60212191989524 36.77408199048563 48401.7
-116.6021462348846 36.77408207935638 48401.2
-116.602170577 36.77408221853671 48400.7
-116.60219497808744 36.77408241692214 48399.8
-116.602219417212 36.774082652946525 48398.7
-116.60224389363457 36.77408289855969 48398.2
-116.60226838513503 36.77408312133153 48397.1
-116.60229285233537 36.77408327747237 48396.0
-116.60231730952204 36.77408334602351 48394.8
-116.6023417454544 36.77408331858639 48393.3
-116.60236616272768 36.77408320246301 48392.2
-116.60239056726554 36.77408300642856 48391.9
-116.6024149965316 36.774082764602994 48391.0
-116.60243944408704 36.77408250308713 48389.7
-116.602463913779 36.77408224384905 48388.9
-116.60248841269248 36.77408201517728 48387.9
-116.60251292201892 36.77408183445733 48387.2
-116.60253745031604 36.7740817135556 48386.8
-116.60256200642448 36.77408165932772 48386.4
-116.60258661844652 36.774081690306325 48385.6
-116.6026112669846 36.774081798693054 48384.7
-116.60263598110323 36.774081979031344 48384.3
-116.60266077198304 36.774082223190376 48383.9
-116.60268565464426 36.774082519148685 48383.2
-116.60271060432508 36.7740828349916 48382.6
-116.60273562349096 36.77408314754389 48382.3
-116.60276069332328 36.77408343994984 48381.7
-116.60278588505209 36.77408369523605 48381.0
-116.602810967994 36.77408391138298 48380.7
-116.60283600255026 36.77408409077832 48380.5
-116.60286086060418 36.77408423539258 48380.2
-116.60288570169224 36.77408435305313 48379.9
-116.60291041939077 36.77408445596726 48379.6
-116.6029349980062 36.77408455426279 48379.5
-116.60295953704914 36.77408465399119 48379.7
-116.60298384020832 36.77408475624173 48379.7
-116.60300805208318 36.774084860507145 48379.9
-116.60303220912284 36.77408497000529 48380.3
-116.60305624874692 36.77408508825189 48380.3
-116.6030803908526 36.77408521168772 48380.7
-116.60310455551216 36.77408532582756 48381.5
-116.60312874583992 36.77408541624236 48381.3
-116.60315305000768 36.774085474680746 48380.8
-116.60317726102508 36.774085491369775 48380.9
-116.60320148253194 36.77408546672176 48381.7
-116.60322571573673 36.77408540144556 48382.3
-116.60324987862948 36.77408531093492 48382.3
-116.60327418783028 36.77408522094899 48382.6
-116.60329854725455 36.774085158257854 48382.9
-116.60332305901684 36.77408514140254 48383.2
-116.60334753014185 36.77408518373279 48383.7
-116.60337205915155 36.774085299940886 48384.0
-116.60339660676334 36.77408548060253 48384.2
-116.60342108420411 36.77408571580035 48384.6
-116.60344569065424 36.774085994603546 48385.0
-116.6034703285253 36.77408629753159 48385.4
-116.60349499012356 36.77408659634227 48385.8
-116.60351977228297 36.77408687310322 48385.8
-116.6035444669714 36.7740871119459 48385.6
-116.60356915570908 36.774087300406414 48385.6
-116.60359383703182 36.77408744612267 48385.7
-116.60361838838604 36.77408755361122 48385.3
-116.6036429920468 36.77408762840142 48384.9
-116.60366753377478 36.7740876716789 48384.9
-116.603692020986 36.77408769296236 48384.6
-116.6037165478802 36.77408769843196 48383.8
-116.60374092417705 36.77408769818359 48383.4
-116.60376524787657 36.774087703632496 48383.0
-116.60378952896684 36.77408772061931 48382.0
-116.6038136746699 36.77408775029791 48381.0
-116.60383788528031 36.774087793508045 48379.9
-116.60386206846484 36.77408785583095 48378.6
-116.60388623784064 36.7740879381544 48377.6
-116.60391051136664 36.77408803963459 48377.2
-116.6039347086411 36.774088151701086 48376.4
-116.60395894307864 36.77408826492748 48374.9
-116.60398321317572 36.774088373451306 48373.6
-116.60400742075888 36.77408847092426 48373.0
-116.6040317561766 36.774088556047566 48371.9
-116.6040561201711 36.77408863559376 48370.5
-116.6040804901196 36.77408871856152 48369.2
-116.60410494666588 36.77408881122269 48368.0
-116.60412928830556 36.774088917905495 48367.2
-116.60415360976198 36.7740890464398 48366.2
-116.60417791018052 36.77408919308614 48365.1
-116.60420210285749 36.77408935289692 48364.2
-116.6042263897448 36.77408952372295 48363.4
-116.60425067959136 36.7740896995356 48362.4
-116.60427497262532 36.77408987528771 48361.7
-116.60429936132958 36.77409004647212 48360.8
-116.60432364119892 36.77409021005481 48359.8
-116.60434788864076 36.7740903687353 48358.6
-116.60437209353702 36.77409052249761 48357.5
-116.60439615219263 36.7740906681956 48356.6
-116.60442025541236 36.77409080142937 48355.9
-116.60444430559716 36.774090905366286 48355.2
-116.60446833552685 36.774090963637605 48354.9
-116.60449245662508 36.77409096377974 48354.3
-116.60451648955016 36.77409090049946 48353.3
-116.6045405508903 36.77409076729625 48352.7
-116.60456457611409 36.77409058150232 48352.3
-116.60458875838276 36.77409035801088 48352.0
-116.60461300724708 36.774090115176925 48351.8
-116.60463733574852 36.77408987185273 48351.0
-116.60466182337204 36.77408964613713 48350.2
-116.60468626910142 36.77408945080601 48350.0
-116.60471076503843 36.77408928754304 48349.9
-116.60473531771844 36.77408916053304 48350.6
-116.6047598175518 36.774089067582686 48351.3
-116.60478447860484 36.77408901267869 48351.4
-116.60480921399072 36.77408900046301 48351.5
-116.60483403935147 36.77408904036244 48352.2
-116.60485903462056 36.77408913469438 48352.9
-116.6048840042939 36.77408929249526 48353.7
-116.6049090426776 36.77408952414947 48354.4
-116.60493404112157 36.77408984229909 48355.1
-116.60495914759156 36.774090228768905 48356.3
-116.60498425552908 36.77409066094374 48357.2
-116.60500934766064 36.77409110955839 48358.1
-116.60503450445788 36.77409153980552 48359.2
-116.60505953369396 36.77409192416716 48360.5
-116.60508452651504 36.77409225042632 48362.2
-116.60510947457853 36.77409251324629 48363.7
-116.60513426577552 36.77409270684803 48365.4
-116.60515912331672 36.774092857445886 48366.9
-116.60518394101476 36.7740929846434 48368.5
-116.60520872782988 36.774093104569765 48370.6
-116.60523358793024 36.77409322545363 48372.7
-116.60525833213 36.774093343198885 48374.9
-116.60528306159854 36.77409344700309 48377.0
-116.60530777242644 36.774093526978895 48379.5
-116.60533236409638 36.77409357441485 48382.2
-116.60535705320171 36.7740935967316 48385.2
-116.60538174370627 36.77409360526708 48388.1
-116.60540644079956 36.774093608612354 48391.0
-116.60543115126728 36.77409360812823 48394.3
-116.6054559765632 36.7740936050173 48398.3
-116.6054807206082 36.77409360098953 48402.2
-116.60550548377316 36.774093598571824 48405.3
-116.60553026328932 36.774093595709296 48408.9
-116.60555495428576 36.774093583844255 48413.1
-116.60557975058792 36.77409355612813 48417.2
-116.60560454952946 36.77409350786859 48421.4
-116.6056293591662 36.77409343431326 48426.0
-116.60565428915558 36.77409334364428 48430.3
-116.60567913705246 36.77409324960787 48434.2
-116.60570399933324 36.77409316223101 48438.5
-116.6057288750961 36.774093087763895 48443.2
-116.605753652309 36.77409302733277 48447.7
-116.6057785202266 36.77409298144467 48451.8
-116.60580336938274 36.774092948401744 48456.2
-116.6058281920325 36.774092926142565 48461.0
-116.60585309420551 36.774092910365525 48465.6
-116.6058778903764 36.774092900030375 48470.2
-116.6059026926148 36.77409289631776 48474.5
-116.60592751542524 36.77409290582259 48478.6
-116.60595225810394 36.77409293550837 48482.6
-116.6059771210586 36.77409299553294 48486.6
-116.60600199934866 36.77409309314472 48490.6
-116.60602687642768 36.774093230904334 48494.0
-116.60605183985872 36.77409339338728 48497.1
-116.60607670049563 36.77409356185076 48500.4
-116.60610156436516 36.77409371535839 48503.6
-116.60612643478916 36.77409382537524 48506.2
-116.60615132935229 36.77409388593113 48508.6
-116.6061762345522 36.77409390074501 48510.9
-116.60620113999748 36.774093876259286 48513.0
-116.606226043004 36.77409381839336 48514.6
-116.60625093904514 36.77409374524993 48516.0
-116.60627581379994 36.77409366914223 48517.2
-116.60630066429604 36.774093603886165 48518.4
-116.6063254842298 36.77409356969692 48519.6
-116.60635027135623 36.774093572463855 48520.3
-116.60637503063464 36.774093616644784 48520.8
-116.60639976547668 36.77409370934675 48521.3
-116.60642446211236 36.77409386762376 48521.6
-116.60644910741463 36.77409408023661 48521.6
-116.60647370722108 36.77409433484222 48521.8
-116.60649825875036 36.77409461802439 48521.3
-116.60652274269458 36.7740949106172 48520.8
-116.60654717100468 36.7740951841752 48520.9
-116.60657155604248 36.77409541773284 48520.8
-116.60659590851516 36.77409559533214 48520.3
-116.60662025253012 36.77409570416972 48519.4
-116.60664461597284 36.774095761106445 48518.6
-116.60666899486624 36.774095779580136 48517.6
-116.60669338690144 36.77409577340175 48516.5
-116.60671778980874 36.77409575670207 48515.4
-116.60674219787133 36.77409574178859 48514.7
-116.60676660748383 36.774095736637925 48513.5
-116.60679102480844 36.77409574726026 48512.1
-116.60681555741849 36.774095780925286 48511.4
-116.6068400226862 36.774095832781846 48510.7
-116.60686453776049 36.7740958979796 48509.5
-116.60688911794824 36.77409596604967 48508.2
-116.6069136865228 36.77409602351798 48507.1
-116.60693843237551 36.77409606149936 48505.8
-116.6069632468884 36.77409607524065 48504.6
-116.60698811197202 36.77409606321073 48503.2
-116.60701311525752 36.77409602214672 48502.1
-116.60703803069812 36.774095959098254 48500.9
-116.60706293228468 36.77409587465576 48500.1
-116.60708780392568 36.77409576927126 48499.0
-116.60711253776448 36.77409564531733 48497.8
-116.60713734196408 36.77409551065961 48496.6
-116.60716212321708 36.77409536874763 48495.4
-116.60718698785008 36.77409521944298 48494.5
-116.60721174589284 36.774095062161 48493.3
-116.60723650037905 36.77409489948237 48491.8
-116.60726124674974 36.77409473750895 48490.7
-116.60728587907391 36.77409458578489 48489.9
-116.6073105762408 36.77409445212896 48488.4
-116.60733523679832 36.77409433588886 48487.3
-116.60735996567864 36.77409423475614 48486.2
-116.6073845775054 36.774094142220335 48485.3
-116.60740918804252 36.77409404863028 48484.2
-116.6074338201622 36.774093945925216 48483.4
-116.60745838932428 36.77409382884 48482.5
-116.60748309857108 36.77409369151806 48481.2
-116.60750786128791 36.774093525153326 48480.4
-116.607532669995 36.774093326302655 48479.6
-116.60755761363194 36.77409309387571 48478.9
-116.60758247759296 36.77409283585551 48477.6
-116.6076073446534 36.77409255939401 48476.3
-116.60763219286603 36.77409227768177 48475.2
-116.60765690882728 36.77409200304196 48474.1
-116.60768169455577 36.77409174506061 48473.4
-116.60770645916593 36.77409152392232 48472.6
-116.60773131944777 36.774091350036464 48471.5
-116.6077560983802 36.77409123281812 48470.5
-116.60778090675085 36.77409117344125 48470.0
-116.6078057329182 36.774091170667056 48469.3
-116.6078304630614 36.77409120214481 48467.7
-116.60785529551656 36.77409125202261 48466.8
-116.6078801280906 36.77409130492687 48466.3
-116.60790496275476 36.77409134468296 48465.8
-116.6079299066951 36.77409136543102 48464.9
-116.60795476861313 36.774091366828486 48464.0
-116.60797965928148 36.774091352923485 48463.4
-116.60800459389124 36.77409133172874 48462.7
-116.60802946492107 36.77409131197591 48461.8
-116.60805446779943 36.7740912981775 48461.1
-116.60807949650729 36.77409129400609 48460.2
-116.60810453797168 36.77409130542991 48459.3
-116.60812967186466 36.77409133434404 48458.6
-116.6081546852387 36.774091385406166 48457.6
-116.6081796690436 36.774091465605885 48456.4
-116.60820450572884 36.774091582185406 48455.6
-116.60822940314452 36.77409172512954 48455.1
-116.60825427730516 36.77409188060479 48454.3
-116.60827913571272 36.77409202718176 48454.0
-116.60830408995984 36.77409213256222 48453.2
-116.60832895677096 36.77409217331792 48452.5
-116.6083538340367 36.77409213628918 48452.1
-116.60837871350616 36.77409202092243 48451.5
-116.60840350558058 36.77409183477137 48450.8
-116.60842840367604 36.77409161783655 48449.7
-116.6084532924936 36.77409140292495 48448.9
-116.60847827165348 36.774091213193984 48448.2
-116.60850313584125 36.77409107830798 48447.4
-116.60852798042416 36.77409100600688 48446.5
-116.60855281555096 36.77409100320101 48445.9
-116.60857755155898 36.774091070839766 48445.0
-116.60860237434731 36.77409120951227 48444.3
-116.60862718341778 36.77409139279538 48443.7
-116.60865208625395 36.77409160255179 48442.9
-116.60867688619015 36.77409182175003 48442.3
-116.60870168876784 36.77409204238601 48441.5
-116.6087265034755 36.774092261167006 48440.5
-116.60875124129504 36.77409247288929 48440.1
-116.60877610944983 36.77409267240533 48439.7
-116.60880102942458 36.77409284336209 48439.1
-116.60882600652934 36.77409297447685 48438.5
-116.60885113090583 36.7740930529453 48437.7
-116.60887616404348 36.77409306441936 48437.0
-116.60890112672467 36.77409297974558 48436.3
-116.60892579674938 36.77409279220348 48435.8
-116.60895016419532 36.77409248356452 48435.3
-116.608973843897 36.774092045934026 48433.8
-116.60899633482974 36.77409147629271 48431.2
-116.609017516229 36.77409085089359 48428.7
-116.60903692167685 36.77409029701784 48426.9
-116.60905441190572 36.77408999902497 48425.2
-116.60911272159848 36.77416910338487 48439.8
-116.6091104910904 36.77418527979706 48439.0
-116.60910848195908 36.7742026411331 48436.9
-116.6091069158096 36.77422100191672 48434.8
-116.60910604150484 36.77424023262245 48433.3
-116.60910583495516 36.77425978140928 48430.1
-116.6091062795672 36.774279305015135 48427.8
-116.6091073111327 36.77429820885036 48425.9
-116.60910885801972 36.774315872479455 48423.6
-116.60911060222224 36.77433213842856 48422.7
-116.60902877619156 36.77439026429036 48424.1
-116.60901073670556 36.77438764883637 48426.1
-116.6089908531281 36.77438496129914 48425.9
-116.60896928920296 36.77438239368355 48426.5
-116.60894637705316 36.77438010012764 48427.3
-116.608922247006 36.77437817583586 48428.0
-116.60889686597488 36.774376767780815 48428.5
-116.6088707127934 36.77437583968784 48429.0
-116.60884392526997 36.774375364906746 48430.3
-116.60881693799271 36.77437530425478 48430.7
-116.60878992571868 36.774375651844615 48431.5
-116.60876336455696 36.77437628166988 48432.7
-116.60873741443348 36.77437711697094 48433.6
-116.60871227303828 36.77437808463507 48434.2
-116.60868819656795 36.77437911898414 48434.8
-116.60866507291507 36.774380138345656 48435.1
-116.60864285834128 36.774381077632846 48434.9
-116.60862141119708 36.77438188215674 48434.7
-116.6086006733496 36.7743824612049 48435.4
-116.60858033600108 36.77438281949984 48436.1
-116.60856012526548 36.77438298015729 48436.0
-116.6085397628344 36.77438298674743 48436.5
-116.6085189436332 36.77438287096484 48438.0
-116.60849751202416 36.77438269312672 48438.9
-116.60847535889968 36.77438248317609 48439.1
-116.60845247103916 36.77438225967577 48439.8
-116.60842882924204 36.77438203120021 48440.0
-116.60840468270212 36.7743818037786 48440.3
-116.60838018550464 36.774381578612974 48441.4
-116.60835548293396 36.77438134955804 48441.8
-116.6083307032852 36.774381106175525 48442.0
-116.60830595018112 36.774380854277744 48442.6
-116.60828126872327 36.77438061276399 48443.1
-116.608256693421 36.77438040190946 48444.1
-116.6082322433198 36.774380252533405 48444.7
-116.60820788124704 36.774380170152064 48444.2
-116.60818358765664 36.77438015327994 48445.0
-116.6081593409106 36.7743801914525 48446.3
-116.60813510200389 36.77438027475856 48447.0
-116.60811085063295 36.77438037980584 48447.7
-116.6080865863878 36.774380488001874 48448.2
-116.60806220730927 36.774380578341336 48448.5
-116.60803792316338 36.77438062554005 48449.0
-116.60801363763852 36.774380628600895 48449.5
-116.60798935001314 36.774380594525766 48449.9
-116.60796515919051 36.774380538594805 48450.1
-116.60794088502294 36.7743804768836 48450.9
-116.6079166357128 36.77438042115031 48452.6
-116.60789232398292 36.77438037319413 48454.0
-116.60786814127216 36.77438032627938 48454.8
-116.60784399083327 36.774380260999614 48455.3
-116.6078198567142 36.77438016504504 48455.8
-116.60779581747056 36.77438003300139 48456.6
-116.6077716553233 36.77437986459952 48456.7
-116.60774744904334 36.77437965953267 48457.0
-116.60772318568996 36.77437942755143 48457.8
-116.60769875609104 36.77437916842332 48458.6
-116.60767434786754 36.77437888711352 48459.1
-116.60764985726529 36.774378588289565 48460.2
-116.6076252961658 36.774378283454894 48461.4
-116.60760077281168 36.77437797888928 48462.8
-116.60757610501892 36.77437767459496 48463.5
-116.6075514130692 36.774377364853066 48464.2
-116.60752673610456 36.77437703909296 48465.7
-116.60750200153096 36.774376690685685 48467.1
-116.60747742010317 36.7743763221548 48467.8
-116.607452919185 36.77437593634946 48467.9
-116.60742857767067 36.77437554866645 48468.7
-116.607404177005 36.774375168250046 48470.0
-116.6073797917176 36.77437480931056 48470.8
-116.60735537467276 36.77437449113862 48471.4
-116.60733080645302 36.7743742159652 48472.2
-116.60730628654883 36.77437398637526 48473.2
-116.6072817349978 36.77437379828321 48473.8
-116.60725715274152 36.77437365281954 48474.6
-116.6072326593336 36.77437354225167 48476.3
-116.60720806772925 36.77437346511944 48477.3
-116.60718348355392 36.77437341824263 48477.9
-116.6071589008836 36.77437339614042 48479.1
-116.60713423050468 36.7743733779932 48481.1
-116.60710968228348 36.77437334727524 48482.5
-116.60708515947448 36.77437329205743 48483.4
-116.60706077434538 36.77437320560328 48484.5
-116.60703631404016 36.77437309550995 48486.3
-116.6070118612814 36.77437296466498 48487.4
-116.60698739825332 36.774372810106094 48488.9
-116.60696282397292 36.77437262412676 48490.6
-116.60693832343004 36.7743724151098 48491.5
-116.60691378920752 36.77437218827276 48492.6
-116.60688921989907 36.77437194842086 48493.6
-116.60686472975628 36.77437169456057 48494.8
-116.60684014549258 36.774371423703535 48496.2
-116.6068155838986 36.774371133867376 48497.6
-116.6067910522782 36.7743708246008 48499.0
-116.60676645671764 36.774370492247854 48500.3
-116.60674197227016 36.77437014574726 48501.8
-116.60671748465992 36.77436978627799 48502.6
-116.60669307485055 36.774369413893645 48503.9
-116.6066685408321 36.7743690198634 48505.4
-116.6066439837834 36.77436861252592 48506.6
-116.60661940615512 36.77436820247526 48507.5
-116.60659472397812 36.77436780377778 48509.0
-116.6065701324606 36.77436744332271 48510.3
-116.606545541221 36.774367128047246 48511.3
-116.60652095765256 36.77436686264052 48512.6
-116.60649648785714 36.77436664549036 48514.2
-116.60647191850737 36.77436647351672 48515.1
-116.60644734197513 36.77436632976598 48515.9
-116.60642266001383 36.77436620447343 48516.9
-116.60639806831912 36.77436609245851 48518.2
-116.60637346098711 36.77436599254474 48519.8
-116.60634884166076 36.7743659063494 48520.8
-116.60632430737552 36.77436583816751 48521.8
-116.60629966274357 36.774365790543776 48522.6
-116.60627499638971 36.774365767805925 48523.3
-116.60625031577588 36.77436576268369 48524.1
-116.60622553120064 36.774365769019134 48524.4
-116.6062008494104 36.774365778912205 48525.2
-116.60617619149552 36.774365786712885 48525.5
-116.60615156467838 36.77436579386476 48525.4
-116.60612707132232 36.77436580665047 48525.6
-116.60610251453352 36.77436583193397 48525.8
-116.60607798318028 36.77436587524184 48525.8
-116.6060534626774 36.77436593216488 48525.5
-116.60602884446088 36.774366000854926 48524.9
-116.60600431239608 36.77436607677089 48524.0
-116.60597975378924 36.77436614919046 48523.3
-116.60595516995517 36.77436620641236 48521.7
-116.605930659082 36.77436624359795 48519.4
-116.60590601641492 36.774366261159166 48518.0
-116.60588133478797 36.7743662538372 48516.8
-116.60585661934924 36.774366221316434 48515.9
-116.60583177161844 36.77436615881677 48515.0
-116.60580698814648 36.7743660624717 48513.1
-116.60578218864347 36.77436592411971 48510.6
-116.60575738596992 36.77436575795694 48508.6
-116.60573269502024 36.77436558507193 48506.2
-116.60570794542224 36.77436543006166 48503.1
-116.6056832472648 36.77436532469047 48500.5
-116.60565859084582 36.77436526796924 48498.0
-116.60563387130152 36.77436524985749 48494.4
-116.6056092674377 36.77436525118436 48491.0
-116.6055846639526 36.774365244233934 48487.5
-116.60556015310992 36.77436520980165 48483.7
-116.60553553460063 36.77436513746711 48479.8
-116.60551090013908 36.77436502205544 48475.2
-116.6054862720572 36.77436485361683 48471.3
-116.60546156281885 36.77436464055676 48468.2
-116.6054369687654 36.774364395154905 48465.5
-116.60541238826644 36.7743641306895 48462.8
-116.60538782267716 36.774363864418966 48458.4
-116.60536336447704 36.77436361311884 48453.8
-116.60533881407524 36.77436338472816 48450.2
-116.60531426436776 36.77436318374559 48446.7
-116.60528969032572 36.774363012590285 48443.4
-116.60526498292704 36.77436286506158 48439.6
-116.60524033516008 36.77436274073776 48435.6
-116.6052156556748 36.77436263859601 48432.7
-116.60519104039328 36.77436256527142 48429.7
-116.60516630779928 36.7743625230768 48426.5
-116.60514156365616 36.77436252344136 48424.0
-116.60511681632047 36.77436257484997 48421.4
-116.6050919458942 36.7743626894746 48418.3
-116.6050671574395 36.77436284862514 48415.3
-116.60504236816216 36.77436303347767 48413.3
-116.60501758569612 36.77436322345656 48411.3
-116.60499293105732 36.77436339005881 48409.4
-116.60496820970398 36.77436351891016 48407.0
-116.60494351573212 36.774363595807806 48404.1
-116.6049187338006 36.77436361305924 48402.0
-116.6048940759956 36.774363564755134 48400.6
-116.6048694226812 36.77436348001452 48399.6
-116.60484475721816 36.774363382706056 48397.9
-116.60482016970975 36.77436329610404 48396.3
-116.60479543040978 36.77436324412536 48395.3
-116.60477062600556 36.774363228031326 48394.2
-116.60474575343828 36.77436323696497 48392.4
-116.60472071445776 36.77436325267825 48390.7
-116.60469572510723 36.77436324713862 48390.7
-116.60467072573168 36.7743632064043 48390.7
-116.6046457363124 36.774363128589336 48389.5
-116.60462076508556 36.774363020278514 48388.5
-116.6045958289578 36.774362894191576 48388.6
-116.60457091554984 36.77436277100583 48388.3
-116.604546011943 36.774362661475465 48387.7
-116.60452110945788 36.77436256617271 48387.9
-116.60449619854847 36.77436248880733 48388.4
-116.60447128607636 36.7743624351869 48387.9
-116.60444637797242 36.774362413861205 48387.8
-116.60442148666404 36.77436242724376 48388.5
-116.60439661473394 36.7743624720264 48388.6
-116.60437177451756 36.77436252646212 48388.5
-116.60434697255864 36.774362578079085 48388.8
-116.60432220607616 36.77436261973405 48389.0
-116.60429747321564 36.77436264892644 48389.5
-116.60427275125 36.77436266693325 48389.7
-116.60424802829164 36.77436267644969 48390.3
-116.60422329914084 36.77436268256929 48390.6
-116.60419856103948 36.7743626938423 48391.3
-116.60417381630636 36.77436271177619 48392.1
-116.60414906731756 36.77436273095942 48392.8
-116.604124315821 36.774362742704966 48393.4
-116.60409957494376 36.77436273393348 48393.9
-116.6040748509887 36.774362704324 48394.5
-116.6040501490072 36.774362659369984 48395.5
-116.60402547180928 36.77436260911151 48396.6
-116.60400082579444 36.77436257051564 48397.5
-116.60397620180936 36.7743625603591 48398.5
-116.60395149519132 36.77436258667521 48399.6
-116.60392690253718 36.77436264885158 48401.2
-116.60390230158464 36.774362740862735 48402.6
-116.60387778890885 36.7743628404584 48403.0
-116.603853154254 36.77436293443499 48403.2
-116.60382848051836 36.77436301445849 48403.9
-116.60380376217084 36.77436307534365 48404.5
-116.60377891168744 36.77436312218245 48405.1
-116.60375413898832 36.77436316075448 48405.4
-116.60372935803592 36.77436319418239 48405.9
-116.60370457663343 36.77436322562052 48407.1
-116.60367989350269 36.77436326041253 48407.8
-116.60365511175203 36.77436330032633 48407.4
-116.60363033145532 36.774363340984905 48407.1
-116.60360555041996 36.774363378837805 48406.9
-116.6035806678639 36.774363415955 48406.6
-116.60355588015302 36.774363459046135 48406.5
-116.60353109079558 36.77436351371198 48406.5
-116.60350629065177 36.77436358495984 48406.0
-116.60348159007926 36.7743636645376 48405.4
-116.60345679979103 36.77436374090748 48404.2
-116.6034320211188 36.77436380051573 48403.6
-116.6034071723006 36.77436382822152 48403.1
-116.60338244377895 36.774363821762655 48401.7
-116.60335772790772 36.77436377376107 48400.4
-116.60333300656868 36.77436368377997 48399.5
-116.6033083792911 36.774363562028974 48398.6
-116.6032836222902 36.77436343655975 48397.6
-116.60325882910576 36.774363322147785 48396.8
-116.60323401196972 36.77436323051931 48395.6
-116.60320906551318 36.774363178146174 48394.2
-116.6031842070218 36.77436316162934 48393.3
-116.60315934809203 36.77436317276519 48392.3
-116.60313459583185 36.7743631985296 48391.2
-116.60310975688462 36.77436322792269 48390.3
-116.60308493626115 36.77436325154324 48389.0
-116.60306013342442 36.77436326657291 48387.5
-116.6030352459078 36.77436327262203 48386.1
-116.60301047578366 36.774363275825614 48384.9
-116.60298571670012 36.77436328853404 48383.8
-116.60296096549754 36.77436331896773 48382.8
-116.60293632011896 36.77436337179151 48381.6
-116.60291156082224 36.774363445032975 48380.6
-116.60288678494304 36.77436351874138 48379.4
-116.60286189721252 36.774363572131406 48378.6
-116.60283709006389 36.77436358981593 48376.9
-116.60281229218978 36.77436356144856 48375.5
-116.6027874998545 36.77436350133132 48374.8
-116.60276272071236 36.77436341862806 48375.0
-116.6027380564372 36.774363317950616 48375.5
-116.60271332751373 36.77436319171581 48375.9
-116.60268862988184 36.774363041470565 48375.4
-116.60266396169342 36.77436286771879 48374.7
-116.60263921977833 36.774362674891634 48374.3
-116.60261461146936 36.77436246663826 48374.7
-116.60259002518806 36.77436225670317 48375.7
-116.60256545390068 36.77436205891936 48376.9
-116.60254099846937 36.774361889690034 48378.1
-116.60251643907064 36.77436176958874 48379.6
-116.60249187001725 36.77436169848526 48381.1
-116.6024672845004 36.77436167606077 48382.5
-116.60244258155716 36.77436169532786 48384.3
-116.60241792336583 36.77436174756453 48386.0
-116.60239322037631 36.774361814554034 48388.4
-116.60236847150044 36.7743618914057 48390.8
-116.6023437811656 36.774361976249565 48393.0
-116.60231895068434 36.77436206152833 48395.6
-116.6022940951473 36.77436212680039 48399.1
-116.60226922082596 36.77436215272645 48402.2
-116.60224422441944 36.77436212468247 48404.1
-116.60221934849308 36.77436203509939 48406.5
-116.60219448640969 36.77436191237644 48409.9
-116.60216964117872 36.77436178083501 48413.8
-116.60214491910024 36.77436166397401 48417.2
-116.60212011410628 36.774361583063 48420.3
-116.60209532355604 36.77436154174019 48422.8
-116.60207045356456 36.77436153751898 48425.9
-116.60204571448888 36.77436156446778 48429.0
-116.60202099960432 36.77436161443942 48431.5
-116.60199630937971 36.774361664761166 48433.7
-116.60197173358196 36.77436170271636 48436.1
-116.60194705807064 36.77436171898216 48437.4
-116.60192238445848 36.774361704769845 48438.8
-116.6018977076612 36.774361670955685 48440.1
-116.6018729276484 36.77436163010121 48440.6
-116.60184825093516 36.77436159716664 48440.9
-116.60182356521464 36.77436159164847 48441.2
-116.60179896991414 36.774361613854815 48441.7
-116.60177426180825 36.774361657323176 48440.7
-116.60174953671402 36.77436170871376 48439.5
-116.60172480639324 36.77436175278724 48439.1
-116.60169999364258 36.77436178512191 48438.2
-116.6016753072274 36.77436180783991 48436.8
-116.60165064556628 36.77436182449979 48435.2
-116.6016260131736 36.77436183237443 48433.2
-116.6016015072322 36.77436182545119 48431.3
-116.60157694169892 36.77436179427271 48429.6
-116.60155241515228 36.77436173271267 48428.2
-116.60152794568688 36.77436163215127 48426.4
-116.60150340829404 36.77436149665231 48423.5
-116.60147897465671 36.77436133159508 48419.9
-116.6014545190334 36.77436114726354 48417.9
-116.60143010548164 36.77436096153584 48418.1
-116.60140552952087 36.77436078762742 48418.1
-116.6013808889974 36.774360632977405 48417.1
-116.6013561915995 36.77436049738073 48416.2
-116.6013313317115 36.77436037751986 48414.8
-116.60130652819072 36.774360261933616 48414.2
-116.601281696633 36.7743601418744 48413.9
-116.60125684783236 36.774360011434034 48414.1
-116.60123210504528 36.77435986571583 48414.8
-116.60120728101109 36.77435970588211 48415.3
-116.60118248843736 36.7743595345012 48415.8
-116.60115764881655 36.77435936117048 48416.2
-116.60113296855826 36.77435920997458 48417.5
-116.60110832979508 36.77435909620056 48418.9
-116.6010837143632 36.77435902992005 48420.3
-116.6010592117086 36.774359014991134 48422.3
-116.60103458617591 36.77435905676905 48424.0
-116.60100993895163 36.774359135905726 48425.1
-116.60098517685148 36.77435923640877 48427.3
-116.60096049444108 36.774359337886416 48429.8
-116.60093580217304 36.77435941049432 48431.5
-116.60091109079404 36.774359442041245 48433.0
-116.60088644263276 36.77435942589614 48435.1
-116.60086163116084 36.77435936083205 48437.1
-116.600836752257 36.774359252328345 48439.5
-116.60081181528692 36.77435913742489 48442.1
-116.60078674527637 36.77435904593672 48444.7
-116.60076181175384 36.7743590001684 48447.6
-116.6007370216772 36.774359027715285 48450.4
-116.60071255766164 36.77435912634444 48452.7
-116.60068875913616 36.774359295533806 48455.3
-116.6006657496934 36.7743595251244 48458.6
-116.60064410720632 36.774359792227855 48463.1
-116.60062416398227 36.77436003236589 48467.9
-116.60060608114992 36.774360169078975 48472.2
