Long Lat Mag_nT
-116.60527894632008 36.76768263326368 48344.5
-116.60526054986448 36.76768376295376 48343.5
-116.60524095552152 36.76768559680062 48342.1
-116.6052200959752 36.76768785400731 48343.3
-116.60519852760896 36.76769018398178 48345.3
-116.60517669170176 36.76769240582527 48347.9
-116.60515503031712 36.76769440445346 48350.7
-116.605134317337 36.76769601436602 48355.1
-116.6051150038574 36.767697183002966 48358.1
-116.60509743399582 36.76769780816516 48359.9
-116.60508186885276 36.76769774760711 48360.0
-116.6050327805698 36.76763348402257 48338.5
-116.60503444643716 36.76761960846003 48337.0
-116.60503634396092 36.76760457203766 48338.0
-116.60503825483973 36.767588507334885 48337.3
-116.60503999092433 36.76757137713378 48333.7
-116.60504146145291 36.76755345830375 48329.5
-116.60504260248868 36.76753490849889 48325.9
-116.60504337810129 36.76751588334612 48322.3
-116.60504373746264 36.76749636885191 48317.7
-116.60504379763314 36.76747652599381 48312.6
-116.60504364008004 36.7674564664886 48307.3
-116.60504334393912 36.76743626463978 48302.2
-116.60504296550084 36.76741594417829 48297.2
-116.60504255784257 36.767395556159656 48292.0
-116.60504213920116 36.767375124559 48286.5
-116.60504171988426 36.76735466523388 48280.9
-116.60504130998255 36.76733419937298 48275.7
-116.60504091045397 36.76731375488354 48270.4
-116.60504051773556 36.767293352118216 48265.0
-116.60504012822516 36.767273015704745 48259.7
-116.60503974238084 36.7672527899284 48254.8
-116.60503935848524 36.76723267792752 48250.3
-116.60503897371532 36.76721268306225 48245.9
-116.6050385840336 36.76719280439876 48241.6
-116.6050381743924 36.76717303640694 48237.8
-116.60503774035936 36.767153329658335 48234.1
-116.60503728690402 36.76713365646905 48230.7
-116.60503683032412 36.76711399601557 48227.8
-116.60503639119696 36.767094333739614 48225.1
-116.60503598024584 36.767074662396176 48222.2
-116.60503560483905 36.76705497845878 48219.5
-116.60503526880696 36.767035279670445 48217.7
-116.6050349775972 36.767015576532046 48216.6
-116.6050347236208 36.766995871755775 48215.7
-116.6050345097458 36.76697616041013 48214.3
-116.60503433571364 36.76695643682282 48213.1
-116.60503420393692 36.76693670478831 48212.3
-116.60503410045108 36.76691696719092 48211.6
-116.6050340187266 36.7668972181032 48211.3
-116.6050339548785 36.766877459283535 48210.6
-116.605033909197 36.766857712969895 48209.9
-116.6050338771579 36.76683800080299 48209.6
-116.60503386116888 36.76681834242024 48209.3
-116.60503386084244 36.7667987500751 48208.7
-116.60503388351418 36.76677924265302 48208.0
-116.60503393252505 36.7667598121825 48206.9
-116.60503400572988 36.766740449821455 48205.7
-116.60503409193952 36.76672113931818 48204.7
-116.60503416121956 36.766701850842864 48203.6
-116.6050341873198 36.766682541530486 48202.6
-116.6050341646376 36.766663198088246 48201.7
-116.60503410125492 36.7666438194778 48200.6
-116.60503400826452 36.76662439621656 48199.3
-116.60503390355024 36.76660493964732 48198.7
-116.60503379458808 36.76658545706351 48198.6
-116.60503368456192 36.76656595059283 48198.6
-116.60503357226956 36.76654641493504 48198.8
-116.60503345193942 36.7665268527619 48199.0
-116.60503331790952 36.76650725921249 48199.3
-116.60503316622616 36.76648763245365 48199.8
-116.605032986365 36.76646796000685 48200.6
-116.60503277949132 36.76644824585932 48201.3
-116.60503255121203 36.766428498464805 48202.4
-116.60503230516768 36.766408730325416 48204.3
-116.6050320289602 36.76638895050826 48205.5
-116.60503171404386 36.7663691685592 48206.4
-116.60503135525416 36.766349392066594 48207.6
-116.60503095085934 36.76632954738554 48209.5
-116.60503050449108 36.76630978390276 48211.1
-116.60503003591803 36.76629002362377 48212.3
-116.60502956388072 36.76627027340829 48214.1
-116.60502910801917 36.766250536712526 48216.1
-116.60502869663964 36.766230838867415 48217.7
-116.605028334668 36.76621117975578 48219.6
-116.60502801774842 36.76619155623339 48221.9
-116.60502772925504 36.76617195875827 48224.0
-116.60502745463836 36.76615238329335 48226.1
-116.60502718329252 36.76613281592781 48227.8
-116.60502691223827 36.766113251862485 48229.7
-116.60502664107754 36.76609369099488 48231.3
-116.60502637055548 36.7660741324336 48233.2
-116.60502610073344 36.76605457299484 48235.8
-116.60502583635504 36.76603501490433 48237.7
-116.6050255842716 36.76601546450831 48238.8
-116.60502535536968 36.765995946895664 48239.8
-116.60502514642673 36.76597645881076 48241.4
-116.60502495672677 36.76595698798088 48243.3
-116.60502478568267 36.76593751300361 48244.3
-116.60502463615887 36.76591801445501 48244.4
-116.60502450927471 36.765898486707165 48244.6
-116.60502440864462 36.76587893362922 48244.3
-116.6050243326424 36.76585935883245 48243.2
-116.60502427552952 36.76583976142792 48242.0
-116.60502422127 36.76582013296512 48240.6
-116.60502416095729 36.76580047196722 48238.7
-116.60502408646416 36.7657807862822 48236.2
-116.60502398874098 36.7657610816715 48233.5
-116.60502387254816 36.76574137626456 48231.0
-116.6050237412996 36.7657216794797 48228.6
-116.60502359956682 36.765701996295135 48225.8
-116.60502344716224 36.76568233384271 48222.8
-116.605023281394 36.76566269576073 48220.4
-116.60502308893416 36.76564308604389 48218.4
-116.60502285482866 36.765623511832125 48216.7
-116.60502255920828 36.76560396014002 48215.7
-116.60502221193012 36.76558442268104 48215.1
-116.60502181958678 36.7655648875184 48214.1
-116.60502139007616 36.765545340843225 48213.7
-116.6050209275808 36.76552574003418 48214.3
-116.60502045386164 36.76550606844391 48215.0
-116.60501998802371 36.76548631360281 48215.4
-116.6050195430527 36.7654664713546 48216.9
-116.60501911948074 36.765446542109295 48219.2
-116.60501870688616 36.76542655360666 48220.6
-116.60501829547852 36.76540652706145 48222.8
-116.6050178737464 36.76538649042688 48225.8
-116.60501742245916 36.76536645786863 48227.6
-116.6050169411128 36.76534643813348 48228.7
-116.60501643268016 36.76532643643736 48230.4
-116.60501589880516 36.76530645685936 48232.4
-116.60501533279502 36.76528649853137 48233.8
-116.6050147365828 36.76526656030271 48234.4
-116.60501410849966 36.76524664431809 48235.0
-116.60501345834504 36.76522674929077 48235.1
-116.6050128081722 36.765206872267854 48234.9
-116.60501217195956 36.76518700265986 48234.7
-116.60501155460648 36.7651671325281 48234.3
-116.60501096021372 36.76514725331931 48233.4
-116.6050103904134 36.765127366706245 48232.4
-116.60500982971428 36.76510746646478 48231.2
-116.60500927477425 36.76508754751942 48229.8
-116.60500873008652 36.76506760939212 48228.7
-116.60500819894636 36.76504765438823 48228.0
-116.60500767488132 36.7650276799289 48226.9
-116.60500715406457 36.765007679702215 48225.7
-116.60500663187864 36.764987651376295 48224.5
-116.60500610603816 36.76496759803141 48223.3
-116.6050055818401 36.76494753450972 48222.2
-116.6050050693428 36.764927474692 48221.1
-116.60500457413264 36.764907425331565 48220.0
-116.60500411028065 36.76488739643704 48219.3
-116.60500369488663 36.764867391530096 48218.5
-116.60500333682256 36.7648474159336 48217.5
-116.60500303094156 36.7648274656688 48216.9
-116.60500277574684 36.76480755416282 48217.0
-116.60500254821558 36.76478767075536 48217.5
-116.60500233270434 36.76476781448712 48217.9
-116.60500211869751 36.764747984954255 48218.0
-116.60500189988883 36.76472817978992 48218.1
-116.605001678324 36.764708387710826 48218.3
-116.60500145909415 36.7646885977196 48218.6
-116.6050012458928 36.7646688010934 48219.4
-116.6050010447062 36.764648992684045 48220.7
-116.60500086337755 36.76462917519416 48221.9
-116.60500070988672 36.76460935104864 48223.0
-116.6050005897278 36.76458951602771 48224.0
-116.60500051087132 36.76456967248326 48225.0
-116.605000465268 36.764549818900015 48226.4
-116.60500044270466 36.7645299585639 48228.0
-116.60500042619933 36.76451009755815 48229.5
-116.60500039825132 36.76449024415213 48231.3
-116.6050003528104 36.76447040503321 48232.9
-116.60500028923606 36.7644505840721 48234.2
-116.6050002090624 36.76443078032885 48235.5
-116.60500011014256 36.764410978101765 48237.2
-116.60499998938832 36.7643911630032 48238.7
-116.6049998395532 36.76437132523264 48240.2
-116.6049996535841 36.764351470153606 48241.8
-116.60499941773736 36.764331591519685 48243.1
-116.60499913831327 36.76431170298339 48243.8
-116.60499881800922 36.76429181635295 48245.1
-116.60499846028988 36.76427194687832 48246.8
-116.60499807009803 36.76425210983861 48247.9
-116.60499766580284 36.76423231944037 48248.4
-116.6049972481816 36.76421257961187 48249.1
-116.60499681355408 36.7641928873192 48250.2
-116.6049963585674 36.76417322966192 48251.2
-116.6049958918104 36.76415357902948 48251.4
-116.60499542528892 36.7641339110273 48251.6
-116.60499497507932 36.764114201733065 48252.2
-116.60499456359996 36.76409444015405 48252.6
-116.6049941956343 36.7640746323048 48253.0
-116.6049938678698 36.76405478233641 48253.4
-116.60499356743476 36.76403489509738 48253.3
-116.60499327593602 36.76401497478072 48253.2
-116.6049929718484 36.76399502366722 48253.6
-116.60499264204144 36.76397503604649 48254.4
-116.60499228204952 36.76395500676704 48255.3
-116.60499189906729 36.76393490945436 48256.0
-116.60499151536166 36.7639147554396 48256.8
-116.60499114710264 36.76389456111472 48258.0
-116.60499081232769 36.76387436628662 48259.7
-116.60499053547788 36.763854303333886 48261.7
-116.60499030901656 36.76383451307844 48264.2
-116.60499011309255 36.7638151892556 48266.8
-116.6049899037884 36.76379659760658 48269.9
-116.6049895465448 36.76377920976295 48273.8
-116.60498885825544 36.76376315590487 48277.4
-116.60492106802532 36.76369861879327 48299.0
-116.60490545824928 36.7636993152614 48313.5
-116.60488776891692 36.76370091135652 48313.4
-116.60486852972296 36.763702997486895 48313.8
-116.60484787773083 36.76370531268565 48316.0
-116.60482586940348 36.76370764926976 48318.4
-116.60480262152625 36.763709781990286 48322.7
-116.60477856105456 36.76371163538043 48326.8
-116.60475397555616 36.76371317575755 48330.0
-116.60472918133917 36.763714408541865 48334.1
-116.60470485313748 36.763715321937454 48338.8
-116.60468145165548 36.76371606348243 48344.3
-116.60465943265366 36.76371678429714 48351.1
-116.60463935805974 36.76371767025531 48357.5
-116.6046217484309 36.763719089998176 48363.0
-116.60456618470567 36.76380159086349 48360.2
-116.6045689102727 36.76381688041606 48347.2
-116.60457200389092 36.76383337620523 48342.9
-116.6045751696913 36.76385105642368 48339.1
-116.60457819265812 36.76386973410606 48335.9
-116.60458095291948 36.763889305446206 48333.7
-116.60458340112994 36.76390968131189 48330.9
-116.6045854503476 36.76393058316384 48327.2
-116.6045872110596 36.763951736038976 48324.7
-116.60458873039504 36.76397291977823 48323.3
-116.60459005204429 36.7639939642317 48321.8
-116.6045911900851 36.76401458823462 48319.7
-116.60459222831948 36.764034738351775 48317.4
-116.60459320655518 36.76405432993146 48316.3
-116.60459414662452 36.764073312043934 48315.3
-116.60459504810936 36.76409158451296 48313.9
-116.60459590407012 36.764109306641686 48313.5
-116.60459670645626 36.76412657521016 48313.3
-116.60459745688536 36.76414352965621 48312.9
-116.6045981521987 36.76416031178518 48312.5
-116.60459880644486 36.76417713411063 48311.6
-116.60459941655104 36.76419413349765 48311.0
-116.60459997140396 36.764211437070415 48310.4
-116.60460044070776 36.76422916211393 48309.4
-116.60460083164016 36.76424729697747 48308.2
-116.604601150882 36.7642658293833 48306.5
-116.60460141819924 36.76428471874202 48304.4
-116.60460165924418 36.76430392946661 48301.8
-116.6046019086684 36.76432335378459 48299.4
-116.6046021872351 36.764342931052006 48297.1
-116.60460251238533 36.764362599545215 48294.4
-116.60460290332333 36.764382349457534 48292.0
-116.60460334488732 36.76440213109179 48289.3
-116.60460382646556 36.76442192269499 48286.7
-116.6046043335616 36.76444169601724 48284.0
-116.60460485388504 36.76446142153668 48281.0
-116.60460536841131 36.76448107717593 48278.2
-116.60460586444692 36.7645006450719 48275.4
-116.6046063365702 36.76452012123258 48272.4
-116.6046067830642 36.7645394954064 48269.9
-116.60460721318285 36.76455881512195 48267.4
-116.60460762214488 36.76457811593704 48265.0
-116.60460800443 36.764597446363375 48262.6
-116.60460835171448 36.7646168450276 48260.7
-116.60460867956112 36.76463632880652 48258.9
-116.60460900087443 36.76465590137598 48258.0
-116.60460932141191 36.76467554156326 48257.7
-116.6046096384772 36.764695208422665 48256.9
-116.60460994749286 36.76471484876557 48256.1
-116.6046102466348 36.764734427726566 48255.6
-116.60461053772156 36.764753927594654 48255.0
-116.6046108206058 36.76477334522278 48254.5
-116.60461109386011 36.764792724250206 48254.2
-116.60461135698108 36.76481209920176 48254.3
-116.6046116139597 36.76483150349354 48254.5
-116.60461187287798 36.764850969868384 48255.3
-116.60461214898356 36.76487048894028 48256.7
-116.60461245869789 36.76489004589832 48258.0
-116.60461280813132 36.76490961357134 48258.4
-116.6046132100762 36.76492918672936 48259.1
-116.60461365974056 36.764948749385816 48260.3
-116.60461415593464 36.76496831004368 48261.1
-116.6046146834436 36.7649878858011 48261.3
-116.60461521095932 36.76500750895448 48262.3
-116.6046157015198 36.76502718538952 48263.7
-116.60461612669872 36.76504691683776 48265.2
-116.60461647407288 36.7650667088409 48267.0
-116.60461672936916 36.76508652304377 48268.6
-116.60461692504506 36.76510635548854 48270.6
-116.60461709035968 36.76512619816238 48273.0
-116.60461725882264 36.765146036156665 48275.5
-116.604617467249 36.76516586444894 48277.6
-116.60461772277117 36.76518566656078 48279.7
-116.60461802298477 36.76520543291573 48282.4
-116.60461836679144 36.76522514866755 48285.9
-116.60461876298352 36.76524482589176 48288.9
-116.60461919712812 36.76526446405831 48291.8
-116.60461965691763 36.76528406238671 48294.5
-116.60462012223952 36.76530362883561 48296.3
-116.60462055739887 36.76532317147156 48297.5
-116.60462093665804 36.76534272128045 48298.5
-116.60462124780209 36.76536229983722 48299.9
-116.60462149483972 36.765381922357854 48301.0
-116.60462169193475 36.765401564770464 48301.7
-116.60462188519595 36.7654212166987 48301.9
-116.6046221096582 36.76544086706584 48302.6
-116.60462238654594 36.76546050208849 48303.2
-116.6046227388966 36.76548014982622 48302.9
-116.60462315797832 36.76549981228664 48302.5
-116.6046236406886 36.765519504468486 48301.7
-116.60462417312532 36.765539217497775 48300.0
-116.60462474238936 36.76555894577439 48297.7
-116.6046253204956 36.7655786637151 48296.3
-116.60462588721064 36.76559836433166 48295.3
-116.6046264210208 36.76561805779984 48294.8
-116.60462688718673 36.76563772840744 48294.4
-116.60462729021616 36.76565739713418 48293.9
-116.6046276408174 36.76567707131222 48293.7
-116.6046279606164 36.765696757615366 48293.6
-116.60462827162864 36.76571645986839 48293.3
-116.60462858984016 36.765736178434366 48292.4
-116.6046289207468 36.76575591211713 48291.6
-116.60462926620872 36.76577564697635 48290.9
-116.6046296384212 36.76579537544888 48290.6
-116.60463004317728 36.76581507603675 48290.2
-116.60463048602384 36.76583473271744 48289.3
-116.60463096319428 36.76585432823696 48287.7
-116.60463146802088 36.76587386174543 48286.0
-116.60463197446975 36.76589334738847 48284.2
-116.6046324597171 36.76591280044343 48282.3
-116.60463290740256 36.765932251532 48280.3
-116.6046333101695 36.76595171409729 48278.9
-116.6046336958488 36.76597121017064 48277.3
-116.6046340888114 36.7659907467736 48275.8
-116.60463450857335 36.76601031924703 48275.3
-116.60463496888596 36.7660299535008 48275.4
-116.60463545371768 36.76604964339632 48275.0
-116.60463594257163 36.76606938839517 48275.1
-116.60463641464489 36.76608918551162 48275.3
-116.60463684350051 36.76610901107495 48275.6
-116.60463722623312 36.76612884925077 48275.8
-116.60463756113585 36.76614869189582 48276.9
-116.60463784927175 36.76616854501065 48278.9
-116.60463809075785 36.76618839858085 48280.4
-116.60463831301648 36.76620826067927 48282.2
-116.604638537528 36.766228124891065 48284.2
-116.60463878704824 36.76624796621633 48286.6
-116.60463909311125 36.766267773114784 48289.2
-116.60463945818373 36.76628753352804 48291.7
-116.60463988012712 36.76630725108157 48295.2
-116.60464034409227 36.76632693748415 48299.2
-116.60464082967675 36.766346617792 48301.3
-116.60464131413738 36.76636629486502 48301.2
-116.60464178991566 36.76638596524722 48301.6
-116.60464225529591 36.766405628412414 48302.6
-116.60464270928108 36.76642527414917 48304.0
-116.60464315129724 36.76644490341824 48305.2
-116.60464358259031 36.76646451725723 48307.1
-116.60464400605008 36.766484116915485 48308.5
-116.6046444245614 36.76650370019565 48309.4
-116.60464484293117 36.76652328945664 48310.0
-116.60464525658256 36.766542912557895 48310.9
-116.60464566153064 36.766562588416704 48311.9
-116.60464605716903 36.76658233501124 48313.5
-116.60464645085646 36.76660214567613 48315.2
-116.6046468466074 36.766622010471856 48317.2
-116.60464724757357 36.76664191024694 48318.6
-116.6046476667766 36.76666183204325 48319.7
-116.60464811302812 36.76668175801053 48319.7
-116.60464858948562 36.766701682774574 48320.1
-116.60464909093696 36.76672159428768 48321.9
-116.60464960767972 36.766741482472334 48324.1
-116.60465012518398 36.766761340747934 48325.4
-116.6046506363121 36.766781168585936 48326.4
-116.60465113688188 36.7668009695149 48327.7
-116.60465162236912 36.76682073339838 48327.7
-116.60465209308737 36.7668404617323 48327.5
-116.60465254995388 36.76686015105332 48327.0
-116.60465299458896 36.766879801342455 48326.7
-116.60465342444311 36.76689940439986 48327.0
-116.60465384025252 36.76691897856624 48326.9
-116.60465424499064 36.76693854246861 48326.9
-116.60465464606392 36.766958118808354 48327.1
-116.6046550521134 36.76697774317719 48327.3
-116.60465545979304 36.766997420347934 48327.2
-116.6046558537008 36.76701714791096 48326.9
-116.60465621164084 36.76703699826541 48327.0
-116.60465650567158 36.76705677784791 48327.9
-116.60465675436603 36.767076566036906 48329.3
-116.60465697789463 36.76709637228641 48330.9
-116.60465720092536 36.76711620005976 48332.2
-116.60465745589585 36.76713606361764 48333.7
-116.60465775982972 36.76715595093732 48335.7
-116.60465812718644 36.767175854506064 48338.3
-116.60465856815276 36.76719575747788 48341.4
-116.60465909668495 36.7672156864483 48344.2
-116.60465967611556 36.76723561412987 48346.0
-116.6046602775166 36.76725552977158 48347.0
-116.60466087297635 36.76727542914343 48347.8
-116.60466142665145 36.76729527668861 48348.8
-116.60466193201869 36.76731507065834 48348.9
-116.604662383773 36.76733481568468 48348.9
-116.60466277423976 36.76735455401913 48349.6
-116.60466307447696 36.76737431617829 48349.5
-116.60466329448408 36.767394170687126 48348.6
-116.60466345114588 36.76741416755336 48347.1
-116.60466357594365 36.767434335831055 48346.2
-116.60466371005955 36.76745469952238 48345.0
-116.60466389049316 36.767475187704655 48343.6
-116.60466414024889 36.76749571643303 48341.3
-116.60466447184938 36.76751615104656 48338.2
-116.60466491085222 36.76753630519504 48334.5
-116.60466543634053 36.76755596970396 48331.3
-116.60466602460004 36.76757488669073 48328.3
-116.60466662963682 36.76759278386459 48325.4
-116.60466712967067 36.767609175019935 48323.4
-116.60458547118364 36.76768760005292 48317.5
-116.60456778950476 36.76768621261988 48312.4
-116.60454848235749 36.767684225321325 48311.9
-116.60452751613964 36.76768194122042 48310.2
-116.60450517374623 36.767679690051885 48310.8
-116.6044816489291 36.76767765482845 48311.1
-116.60445730639456 36.767675952927824 48309.9
-116.6044322140612 36.76767469083679 48309.3
-116.60440703320292 36.76767378966824 48309.8
-116.60438223603974 36.76767317555644 48310.7
-116.60435834075712 36.76767273722106 48314.0
-116.60433611563768 36.76767231733936 48318.5
-116.6043158028614 36.76767171075175 48321.3
-116.60429765509568 36.76767069174712 48322.5
-116.60423275912984 36.76761571864535 48313.4
-116.6042330661668 36.767603327504254 48310.7
-116.60423401592855 36.76758986206541 48310.0
-116.6042353467586 36.76757534893986 48311.6
-116.60423681383044 36.76755986255626 48316.3
-116.60423818629624 36.76754327293049 48319.5
-116.60423934004224 36.76752586395397 48321.0
-116.60424022159184 36.76750776969201 48322.4
-116.60424082756242 36.767489185493446 48324.1
-116.6042411414046 36.76747013074535 48326.3
-116.60424125071026 36.76745087313427 48328.7
-116.60424119884452 36.767431508717074 48330.5
-116.60424102194752 36.76741210456071 48331.9
-116.60424072984068 36.76739261994281 48334.0
-116.60424036866564 36.76737306752087 48336.6
-116.60423995951965 36.767353433942816 48339.0
-116.60423951768972 36.76733371461584 48341.1
-116.60423904653727 36.76731389686336 48343.7
-116.60423854597998 36.767294022421375 48346.3
-116.60423801103067 36.76727411511624 48348.3
-116.60423744605816 36.767254200793936 48350.8
-116.60423684232138 36.76723429308581 48353.7
-116.6042362009782 36.767214407146405 48356.7
-116.6042355250902 36.767194547918656 48359.4
-116.60423481625534 36.767174717862126 48361.8
-116.60423406883348 36.76715490291621 48364.3
-116.60423328751956 36.76713509587912 48366.7
-116.60423247374212 36.767115289685165 48369.5
-116.60423163472367 36.767095482244656 48372.4
-116.6042307882766 36.767075671352586 48375.4
-116.60422995574764 36.767055871415366 48378.1
-116.60422915230556 36.7670360964142 48380.7
-116.60422839006156 36.76701634978934 48383.6
-116.6042276966232 36.766996669354526 48386.3
-116.60422707034274 36.76697704577084 48388.2
-116.60422650660963 36.76695747878746 48389.9
-116.60422599271492 36.76693796322877 48391.9
-116.60422551265268 36.76691851876447 48393.7
-116.60422503548553 36.766899121823656 48394.9
-116.6042245454408 36.7668797610044 48395.8
-116.6042240362608 36.76686042270408 48396.5
-116.60422351374156 36.766841081340885 48396.8
-116.60422300049798 36.76682172125664 48396.7
-116.6042225140598 36.76680233519509 48396.4
-116.6042220628573 36.7667829135162 48396.2
-116.60422166428224 36.76676347578299 48396.0
-116.6042213171619 36.76674403539794 48395.3
-116.60422101598274 36.76672461412649 48394.3
-116.60422074352776 36.766705234032365 48393.3
-116.60422047501524 36.766685934393045 48391.5
-116.60422017118287 36.76666671047005 48389.9
-116.60421979960456 36.766647553277245 48388.7
-116.60421933626412 36.76662845781196 48387.4
-116.60421875633844 36.76660935391796 48385.1
-116.60421810374189 36.766590231844056 48382.6
-116.60421741524716 36.76657108128277 48380.4
-116.60421671882604 36.7665519023514 48378.1
-116.604216025136 36.76653270307204 48376.4
-116.60421533508018 36.76651349387158 48374.7
-116.60421464820944 36.76649427730142 48372.5
-116.60421395614073 36.766475050580674 48369.5
-116.60421324554343 36.766455791904704 48366.7
-116.60421251614062 36.76643649593359 48363.9
-116.6042117731546 36.766417160090974 48361.3
-116.60421102446692 36.76639778877986 48358.6
-116.60421028558406 36.76637839493172 48355.7
-116.604209572163 36.76635900524103 48352.7
-116.60420889408375 36.76633964374848 48349.5
-116.6042082457786 36.76632032484648 48347.1
-116.6042076156922 36.7663010674552 48345.3
-116.60420698940963 36.76628184824786 48343.5
-116.60420636716267 36.76626265032635 48341.5
-116.60420575270604 36.76624344740142 48339.3
-116.60420515711677 36.76622421676239 48336.8
-116.60420458091872 36.7662049441389 48334.9
-116.60420401453204 36.76618561476905 48333.9
-116.60420344448872 36.766166222488586 48333.5
-116.60420285027968 36.76614674689285 48333.3
-116.6042022308642 36.76612720610924 48333.4
-116.6042015909226 36.7661076073107 48333.5
-116.60420093976089 36.76608796211925 48333.9
-116.60420027677615 36.76606827023753 48334.8
-116.60419960485754 36.76604854146051 48335.9
-116.6041989355784 36.766028781895486 48337.6
-116.60419828241628 36.7660089971705 48339.3
-116.60419766680153 36.76598922179853 48340.8
-116.60419709360453 36.76596947953892 48342.9
-116.6041965640953 36.76594978870788 48345.6
-116.60419607778312 36.76593015054593 48347.5
-116.60419564788442 36.765910591306046 48349.4
-116.60419526284542 36.76589108919164 48352.2
-116.60419491154296 36.76587163711873 48354.1
-116.60419457416056 36.76585222784831 48355.3
-116.60419421566031 36.76583284854164 48357.4
-116.60419380269522 36.76581347416716 48359.8
-116.60419331828832 36.76579408628776 48361.3
-116.60419276977989 36.765774676940325 48361.9
-116.60419218276093 36.76575522252925 48362.7
-116.60419159836312 36.76573574074664 48363.6
-116.6041910380184 36.765716237409926 48364.1
-116.6041905026297 36.76569671280805 48364.3
-116.60418997235136 36.765677162805055 48364.4
-116.6041894168138 36.76565749954316 48364.5
-116.60418882835688 36.76563787054516 48364.3
-116.60418821141026 36.765618194642514 48363.9
-116.6041875944098 36.76559846336004 48363.0
-116.60418701791563 36.76557869709102 48361.7
-116.60418651601212 36.76555890864408 48360.6
-116.60418610512023 36.76553909897461 48359.3
-116.60418579614036 36.76551931262223 48357.2
-116.6041855489892 36.76549953951617 48355.5
-116.60418533570108 36.7654797836324 48354.0
-116.60418512921729 36.76546005258245 48351.6
-116.6041849013592 36.765440348759846 48348.4
-116.60418463660754 36.765420670730585 48346.1
-116.60418433082032 36.76540101122304 48344.1
-116.60418400331112 36.76538134657197 48340.9
-116.60418370108054 36.76536164431568 48337.2
-116.60418346150696 36.76534187965908 48334.5
-116.6041833089266 36.765322034996586 48331.7
-116.60418325247868 36.765302088505926 48328.7
-116.60418330551094 36.76528207073336 48326.2
-116.60418343787715 36.765261988569016 48324.1
-116.60418363254544 36.76524186168891 48321.7
-116.60418387037802 36.765221713007904 48319.1
-116.60418412945674 36.765201588069615 48316.2
-116.60418437278496 36.76518150735256 48313.9
-116.60418456650508 36.76516148875357 48312.3
-116.6041846823898 36.76514156314207 48310.7
-116.6041846751776 36.76512171288446 48308.8
-116.60418454200097 36.76510193237453 48306.8
-116.60418427568328 36.76508220669091 48305.1
-116.60418387929973 36.76506254117568 48303.2
-116.6041833411628 36.76504286965439 48301.5
-116.60418270436593 36.765023183636885 48299.8
-116.60418199359516 36.7650034597002 48298.6
-116.6041812388268 36.76498367897682 48297.7
-116.60418049086644 36.76496383272629 48296.3
-116.604179795154 36.76494395236228 48295.1
-116.60417917886092 36.76492406276583 48294.6
-116.60417865030831 36.76490417927384 48294.2
-116.60417820545096 36.76488436316996 48294.1
-116.60417779391337 36.76486460246719 48294.0
-116.60417738641604 36.76484489406098 48294.1
-116.604176962746 36.76482522686441 48294.0
-116.60417650973888 36.76480557077464 48293.5
-116.60417603184617 36.764785908263725 48293.3
-116.6041755365722 36.76476622891981 48293.6
-116.60417503691168 36.7647465308842 48294.0
-116.6041745493134 36.7647268206872 48294.8
-116.60417408227954 36.7647071017386 48295.6
-116.6041736436852 36.76468737991686 48296.1
-116.60417322918197 36.76466766528671 48297.3
-116.60417282237016 36.76464797884184 48299.4
-116.6041723964161 36.76462832177301 48302.2
-116.60417193369548 36.76460869021943 48305.1
-116.60417142897964 36.76458907883554 48307.7
-116.60417087496876 36.764569447465774 48311.1
-116.60417029281632 36.764549784630944 48315.0
-116.60416969617712 36.764530079334016 48318.8
-116.60416909229625 36.76451032549624 48323.3
-116.60416848654776 36.76449051466367 48328.2
-116.60416789347076 36.76447066319063 48332.9
-116.60416733719784 36.76445078795207 48337.5
-116.60416684162836 36.76443090168547 48342.8
-116.60416642726916 36.764411058389946 48348.6
-116.60416606419794 36.76439124926742 48354.9
-116.6041657245426 36.764371466459366 48360.8
-116.60416537720006 36.76435170224234 48366.1
-116.60416497473744 36.76433191960067 48371.0
-116.6041644960638 36.76431210383022 48376.1
-116.60416393581576 36.76429224720143 48381.3
-116.6041633117058 36.76427235630837 48386.1
-116.60416264781344 36.76425242140069 48390.5
-116.60416197100297 36.76423246376977 48394.4
-116.60416128888914 36.764212487720734 48397.9
-116.60416060591244 36.76419249708958 48400.7
-116.60415992550593 36.76417250402358 48403.3
-116.60415924819942 36.76415252118098 48406.0
-116.60415857587112 36.76413255847456 48408.0
-116.60415790631892 36.76411262344533 48409.8
-116.60415723053268 36.76409271664215 48411.5
-116.6041565474752 36.76407283264527 48413.0
-116.6041558615729 36.76405296562358 48413.8
-116.6041551857838 36.76403310540893 48414.7
-116.60415454334772 36.76401325774436 48416.1
-116.60415394212944 36.76399341002742 48417.6
-116.60415338816613 36.76397355126653 48419.0
-116.60415288501008 36.76395365891384 48420.2
-116.60415244707907 36.76393373418608 48421.1
-116.6041520708092 36.76391376760999 48422.1
-116.6041517686249 36.76389376745784 48422.9
-116.6041515519252 36.76387374452624 48423.8
-116.60415145232164 36.76385381586299 48425.0
-116.60415145763176 36.76383408819352 48426.1
-116.60415155560048 36.76381474403513 48426.7
-116.60415170444152 36.763796031455726 48426.4
-116.60415179116934 36.76377839590687 48425.4
-116.60415164789292 36.76376197590941 48424.1
-116.60415105902408 36.7637469925016 48422.5
-116.60409260554096 36.7636925834352 48423.3
-116.60407716919596 36.76369361794658 48431.4
-116.60406003357356 36.763695454320896 48432.9
-116.60404128167994 36.76369781711821 48434.0
-116.60402094919004 36.76370043679399 48436.5
-116.60399908540762 36.76370302000655 48438.7
-116.60397610537764 36.763705376533245 48438.6
-116.60395226516228 36.763707395545794 48436.6
-116.60392778479256 36.76370902431461 48436.4
-116.60390336384783 36.76371016979287 48438.1
-116.60387944593508 36.76371098387933 48438.7
-116.60385653663486 36.76371160140575 48438.4
-116.60383524015047 36.76371221209633 48438.0
-116.60381617031211 36.76371316746955 48437.5
-116.60375054241447 36.7637754567704 48432.8
-116.60375267401596 36.76378860472904 48428.2
-116.60375558641546 36.76380282984079 48428.8
-116.60375907499964 36.76381844970011 48429.3
-116.60376273447784 36.76383517841883 48432.3
-116.6037663437282 36.76385298695684 48436.2
-116.603769750753 36.76387189590049 48439.7
-116.60377273855435 36.76389171999424 48443.2
-116.60377533842065 36.76391218019536 48446.2
-116.60377756024684 36.76393303330449 48449.8
-116.60377944899896 36.763954071385925 48453.3
-116.60378101532604 36.763974936187054 48456.1
-116.60378238493368 36.76399549442976 48459.0
-116.60378361384367 36.76401561179036 48461.6
-116.6037847449082 36.76403519464285 48463.4
-116.60378579136663 36.76405407060747 48464.4
-116.60378677186009 36.76407233306647 48465.0
-116.60378767508864 36.76409002584702 48465.7
-116.60378848315554 36.76410724737186 48465.8
-116.6037891605786 36.76412403614395 48466.3
-116.60378972932192 36.76414060869157 48466.9
-116.6037902064866 36.764157087989005 48466.9
-116.60379062326824 36.76417360854317 48467.0
-116.60379101229924 36.7641903197465 48466.6
-116.60379141317968 36.76420732721248 48465.7
-116.60379184628484 36.76422470492585 48464.5
-116.60379232122612 36.76424248665152 48462.1
-116.60379284135152 36.7642607393866 48458.0
-116.6037933827812 36.764279340787525 48452.6
-116.60379392465124 36.76429822073025 48447.1
-116.60379444541044 36.76431731153434 48441.9
-116.60379491373332 36.76433652959872 48436.4
-116.60379531667076 36.764355784244415 48429.5
-116.6037956411584 36.76437502997131 48422.1
-116.60379588063942 36.76439426751063 48414.8
-116.60379603054096 36.76441349322168 48407.3
-116.60379613078878 36.76443284381598 48400.3
-116.60379621299089 36.76445219811493 48393.4
-116.60379630503424 36.76447164622429 48386.4
-116.60379642979242 36.7644912097124 48380.4
-116.60379660087852 36.76451084674671 48374.5
-116.60379682709424 36.764530518432124 48368.7
-116.6037971095808 36.76455017217968 48363.0
-116.60379745410503 36.76456979308632 48357.3
-116.6037978392594 36.76458937393664 48351.6
-116.60379825498131 36.764608919174094 48346.0
-116.60379870694636 36.76462842265048 48341.7
-116.60379923114571 36.76464791512547 48337.9
-116.60379983747282 36.764667405396594 48334.6
-116.60380053068768 36.7646869022384 48331.9
-116.60380130062094 36.76470640591924 48329.2
-116.60380212472349 36.764725944719686 48326.4
-116.60380293878022 36.76474550010854 48323.3
-116.60380369115398 36.76476507279712 48321.0
-116.60380434300292 36.764784697938616 48319.0
-116.60380484653984 36.76480434635075 48317.3
-116.60380523263582 36.764824031655394 48315.5
-116.6038055359748 36.76484374981852 48314.0
-116.60380580853096 36.764863483323005 48312.8
-116.60380612026138 36.76488321717951 48312.3
-116.603806519626 36.764902933058174 48311.4
-116.60380703514 36.76492262885655 48309.9
-116.60380766400417 36.76494229105448 48308.8
-116.60380838978648 36.764961958481535 48308.0
-116.60380914542824 36.76498162106605 48307.0
-116.60380987808388 36.76500128527386 48306.0
-116.60381054152865 36.76502097427636 48304.8
-116.60381109260244 36.765040666903225 48303.4
-116.60381154747432 36.76506039121465 48302.3
-116.60381191977488 36.7650801564186 48302.0
-116.60381223017323 36.76509996877296 48301.0
-116.60381249481136 36.76511980702634 48300.4
-116.60381274497256 36.76513966673282 48300.6
-116.60381300161131 36.76515954350898 48301.1
-116.60381328305294 36.765179431167375 48301.8
-116.60381361178732 36.76519933437618 48302.3
-116.60381398370258 36.76521922955694 48302.4
-116.60381438650492 36.765239100865855 48302.4
-116.60381480596504 36.76525894739186 48302.7
-116.6038152317721 36.76527877711474 48303.4
-116.60381565971 36.76529860103231 48304.3
-116.60381609358296 36.76531842543312 48305.9
-116.60381654226444 36.765338241078624 48308.2
-116.60381703445476 36.76535805193483 48310.8
-116.60381758961388 36.7653778593293 48313.5
-116.60381822176248 36.76539767424556 48316.0
-116.60381893345284 36.76541749623079 48318.7
-116.6038197271676 36.76543736109141 48321.5
-116.60382056352336 36.76545724926169 48323.7
-116.60382141446848 36.76547715192169 48326.2
-116.60382225780944 36.76549705749298 48329.5
-116.6038230819402 36.765516948013406 48332.7
-116.60382389408473 36.765536822834335 48335.9
-116.60382470512504 36.7655566824067 48339.5
-116.60382552768463 36.76557652272403 48343.1
-116.60382637748506 36.76559634738096 48346.2
-116.60382724644546 36.7656161503829 48349.0
-116.60382811447585 36.76563592492633 48351.5
-116.603828955576 36.76565567807373 48354.2
-116.60382972482388 36.765675387078375 48356.7
-116.60383040853272 36.76569506526708 48359.0
-116.60383100475892 36.76571471891194 48361.4
-116.60383152891912 36.76573436476527 48363.4
-116.6038320003744 36.76575399478411 48364.5
-116.60383245203124 36.76577362922967 48365.2
-116.60383289553788 36.76579327174153 48366.3
-116.60383333436378 36.765812922573616 48367.1
-116.60383376202888 36.765832578392114 48367.4
-116.6038341657788 36.765852234298286 48367.2
-116.60383453669048 36.765871894469385 48366.9
-116.60383487118328 36.76589156905524 48367.1
-116.6038351675784 36.76591124596214 48367.1
-116.6038354422901 36.76593091994018 48366.3
-116.60383571195396 36.76595058458329 48365.0
-116.60383599690728 36.76597024028648 48363.5
-116.60383632152252 36.76598992371516 48361.9
-116.60383668497352 36.76600965250351 48359.4
-116.6038370797168 36.76602943380745 48356.6
-116.60383749469344 36.7660492630449 48354.2
-116.60383791491692 36.766069130634015 48352.6
-116.60383832245012 36.76608900861336 48350.8
-116.6038387074184 36.76610887865959 48349.0
-116.60383906568056 36.76612873691493 48347.4
-116.6038393963694 36.76614856543156 48346.2
-116.6038397098732 36.7661683636906 48344.6
-116.60384001057544 36.766188124702175 48342.1
-116.60384030219504 36.76620785409776 48339.5
-116.60384058237274 36.76622755823959 48337.5
-116.6038408586904 36.7662472542003 48336.6
-116.60384114793084 36.76626695451287 48336.6
-116.60384147047726 36.76628666067664 48337.4
-116.60384185472124 36.76630639389117 48339.0
-116.60384229863068 36.766326137409614 48340.6
-116.60384279182192 36.76634588214324 48341.7
-116.60384330765524 36.76636562348666 48342.8
-116.6038437951994 36.76638534256612 48344.1
-116.60384422575346 36.76640503990548 48345.3
-116.6038445987916 36.76642472257547 48346.3
-116.60384493538794 36.7664443983748 48347.5
-116.60384528541567 36.76646407781692 48349.5
-116.60384570552267 36.76648377514356 48351.9
-116.60384623759424 36.766503493549344 48354.5
-116.60384689860824 36.76652320721608 48356.4
-116.6038476979072 36.76654295075115 48357.6
-116.60384858143397 36.766562691269066 48359.2
-116.60384950912622 36.76658242007833 48361.7
-116.60385044220484 36.76660213369152 48363.0
-116.60385133622492 36.766621821768446 48363.6
-116.60385216641777 36.766641502539976 48364.0
-116.60385291159126 36.76666119605166 48364.9
-116.60385355645175 36.766680940871865 48366.2
-116.60385407396912 36.76670070883076 48367.6
-116.60385449454924 36.766720514249 48369.0
-116.60385483527996 36.76674035704372 48370.3
-116.6038551150449 36.76676024494084 48371.3
-116.60385534203505 36.76678015004626 48372.4
-116.6038555404746 36.766800053426905 48373.8
-116.60385572869964 36.766819941114576 48374.3
-116.60385592056863 36.766839800787885 48374.4
-116.603856123414 36.7668596258502 48373.9
-116.60385632660478 36.76687941723527 48373.0
-116.6038565172208 36.76689917317312 48371.6
-116.60385668409718 36.76691890176259 48369.7
-116.60385681921262 36.76693859269388 48367.8
-116.60385693790552 36.766958266673285 48366.4
-116.60385705614289 36.766977938543455 48365.0
-116.60385719007743 36.76699761253105 48362.2
-116.603857357594 36.76701729587237 48357.3
-116.60385756169416 36.767036974814246 48352.6
-116.6038578072124 36.767056645569646 48348.1
-116.60385809710895 36.76707631106516 48342.4
-116.60385843872795 36.76709602046135 48336.4
-116.60385881433758 36.76711579131129 48331.2
-116.60385920293444 36.76713562735178 48326.0
-116.6038595706824 36.76715549925332 48320.8
-116.60385986096884 36.767175297064114 48315.5
-116.6038600591136 36.767194978339305 48310.1
-116.60386017152562 36.767214543872406 48305.2
-116.60386023035288 36.76723404025422 48301.1
-116.603860273035 36.76725350608738 48297.9
-116.60386033505108 36.76727298691253 48294.8
-116.60386043974 36.76729249594345 48291.3
-116.60386060734712 36.767312021018654 48288.8
-116.6038608656194 36.76733158237814 48287.9
-116.60386119693888 36.767351147578 48287.3
-116.60386158041185 36.76737070676911 48286.4
-116.60386198725932 36.76739025825131 48285.9
-116.60386238766348 36.767409811460986 48286.1
-116.60386276884924 36.76742938649704 48286.2
-116.60386313484544 36.767449005209535 48286.7
-116.60386350522212 36.76746867379124 48287.4
-116.60386391068867 36.767488380879456 48288.0
-116.60386436147036 36.767508035936665 48288.1
-116.60386486459656 36.76752750703492 48288.0
-116.60386541843404 36.767546588003405 48287.7
-116.60386601144356 36.76756493231077 48288.7
-116.60386657860178 36.767582336562974 48290.5
-116.60386700438764 36.76759855674528 48292.3
-116.60386710505848 36.767613531766806 48294.1
-116.60380198115882 36.76767490804272 48296.2
-116.60378577960594 36.76767439563093 48298.6
-116.60376779558014 36.767673204609466 48299.3
-116.60374806772728 36.767671576879295 48298.0
-116.60372656103128 36.767669773129626 48296.9
-116.60370364671252 36.767668035636085 48296.1
-116.60367955456783 36.76766649904494 48294.6
-116.60365464926176 36.767665255601095 48292.5
-116.60362905538922 36.767664394501125 48290.0
-116.60360339507852 36.76766384211288 48287.3
-116.60357812839092 36.76766353858137 48285.6
-116.60355377719162 36.76766339545224 48285.8
-116.60353106695337 36.76766327765229 48287.2
-116.6035102708688 36.76766299427021 48287.8
-116.60349168084164 36.76766233381822 48286.5
-116.60342429376358 36.76759100226309 48266.5
-116.60342540881553 36.767576900594335 48261.7
-116.60342684594764 36.76756166144393 48265.4
-116.60342837893164 36.76754536018298 48268.7
-116.60342981737432 36.7675281639062 48268.6
-116.60343096512622 36.76751002198349 48267.7
-116.6034317581096 36.76749126922383 48267.3
-116.60343216123768 36.76747204485464 48266.9
-116.60343218865894 36.76745251962138 48266.1
-116.60343184070985 36.76743265554432 48264.8
-116.60343123921452 36.76741264725022 48263.6
-116.603430438267 36.767392564982025 48261.7
-116.60342948131344 36.76737249627615 48260.0
-116.60342838837931 36.76735247331536 48259.9
-116.60342721363548 36.76733253940096 48260.4
-116.60342599550924 36.76731269478597 48260.0
-116.60342478100692 36.76729292294191 48259.0
-116.60342361996145 36.76727322418877 48258.8
-116.60342253332212 36.76725356633702 48259.8
-116.60342153844144 36.76723394157933 48261.4
-116.60342064574871 36.76721433594859 48263.0
-116.6034198756128 36.76719480256882 48265.2
-116.60341919929031 36.767175317101575 48268.2
-116.60341860149435 36.76715587480361 48271.8
-116.60341805297443 36.76713646561662 48275.9
-116.60341751572656 36.767117086994695 48280.3
-116.60341695679186 36.767097716265695 48285.0
-116.60341636166608 36.76707834292933 48289.7
-116.6034157249748 36.76705896329759 48294.3
-116.60341505082016 36.76703955658705 48299.4
-116.60341437154683 36.767020132798926 48304.2
-116.60341371220396 36.76700068927265 48308.5
-116.60341309490836 36.7669812144044 48312.9
-116.60341254824036 36.766961739040205 48317.8
-116.60341206932657 36.766942280251214 48322.4
-116.6034116582073 36.76692286492676 48326.9
-116.60341130680403 36.76690349712296 48331.5
-116.60341101017276 36.76688418153524 48335.6
-116.60341074610336 36.76686487220844 48339.3
-116.60341050779044 36.766845553917165 48342.3
-116.60341029150996 36.766826222032925 48345.0
-116.6034100961323 36.76680689549816 48348.5
-116.60340991859358 36.76678758481973 48351.6
-116.60340976364992 36.76676830418128 48353.6
-116.60340963501268 36.76674906400676 48356.3
-116.60340953883536 36.76672988615534 48358.6
-116.60340946927688 36.766710754631 48360.3
-116.60340942652664 36.76669166507796 48362.1
-116.60340941124828 36.766672604713136 48363.7
-116.60340941914484 36.76665356536641 48365.4
-116.60340942632028 36.76663451820153 48367.3
-116.60340939698668 36.76661544478014 48369.2
-116.6034092866404 36.766596350106354 48371.3
-116.60340903706924 36.76657717891756 48372.9
-116.60340865591436 36.76655796084281 48373.9
-116.60340815500524 36.766538702993536 48375.1
-116.60340755783544 36.766519420897495 48376.1
-116.60340688761808 36.76650008597073 48377.1
-116.60340619278864 36.766480715926114 48378.1
-116.6034055062718 36.76646130371124 48378.4
-116.60340485479392 36.76644183033277 48378.9
-116.60340426989691 36.76642230281498 48379.3
-116.60340374733532 36.7664027192326 48379.3
-116.60340327749928 36.7663830813029 48380.0
-116.60340284222852 36.76636339017646 48381.2
-116.6034024297068 36.76634365100247 48382.1
-116.60340203438848 36.76632387210496 48382.2
-116.60340166282708 36.76630406013256 48382.4
-116.60340131527283 36.76628421776729 48382.7
-116.60340097387852 36.76626434786884 48383.9
-116.6034006118216 36.7662444534835 48385.2
-116.60340021190277 36.76622454464052 48386.5
-116.60339977029248 36.76620465149089 48387.7
-116.60339929894644 36.76618480884518 48388.8
-116.60339882859658 36.76616504709149 48390.0
-116.60339838385148 36.76614537011604 48391.7
-116.60339798845663 36.76612575630612 48393.1
-116.60339767150812 36.76610621381739 48394.5
-116.60339743303224 36.766086703141305 48396.6
-116.60339727508864 36.7660672135106 48399.0
-116.60339718255376 36.766047729621576 48401.3
-116.60339712568198 36.76602825954191 48403.8
-116.60339706495634 36.766008795278445 48406.4
-116.60339698372286 36.76598934072873 48408.4
-116.60339687688064 36.76596990093528 48409.8
-116.60339674169508 36.76595045706952 48411.3
-116.60339658506813 36.76593099438743 48412.8
-116.60339640963848 36.765911493141616 48414.0
-116.60339621712936 36.765891945169486 48414.3
-116.60339599829672 36.76587233303697 48414.6
-116.60339575057203 36.76585267398743 48415.0
-116.603395466835 36.76583298485063 48415.2
-116.603395139206 36.76581328872364 48415.0
-116.60339475805308 36.76579357968017 48414.9
-116.60339433725451 36.76577386777573 48414.1
-116.6033938874248 36.76575415381742 48412.8
-116.60339341815948 36.76573443919104 48411.1
-116.60339293773885 36.765714722876375 48409.1
-116.6033924566902 36.76569501302812 48407.3
-116.6033919850628 36.76567531944006 48405.1
-116.60339153774196 36.76565564692356 48402.6
-116.603391134135 36.76563601751984 48399.9
-116.6033907660354 36.76561641339577 48396.8
-116.60339042590508 36.76559681868642 48394.0
-116.60339010455932 36.765577213356686 48391.1
-116.60338979293634 36.76555758491634 48387.7
-116.60338948041984 36.76553792658499 48384.3
-116.60338916732483 36.76551823892214 48380.8
-116.6033888577988 36.765498520322026 48377.5
-116.60338856444258 36.76547877085067 48374.6
-116.6033882935889 36.76545899762338 48371.4
-116.60338804112402 36.76543919546232 48368.1
-116.60338780003435 36.7654193559572 48365.1
-116.60338755671776 36.76539947073872 48362.4
-116.603387302017 36.76537954567658 48359.8
-116.60338703169512 36.765359590202266 48357.6
-116.603386742151 36.765339627245446 48355.2
-116.60338642166676 36.76531967628704 48352.5
-116.60338606100252 36.76529975993184 48350.0
-116.60338565563802 36.76527989071527 48348.2
-116.60338521286675 36.76526008168749 48346.5
-116.60338475945068 36.76524033681769 48344.7
-116.60338432881107 36.76522064585552 48342.9
-116.60338393567368 36.76520099029711 48341.4
-116.6033835823908 36.76518133582365 48340.0
-116.60338327359192 36.76516166922509 48339.1
-116.60338299522428 36.76514196862104 48338.0
-116.6033827412544 36.765122224880976 48335.8
-116.60338250112594 36.76510243438842 48334.4
-116.60338226135136 36.76508260345468 48333.6
-116.60338201010232 36.76506275518797 48332.3
-116.60338173407855 36.76504290791704 48330.6
-116.60338141508132 36.76502309715432 48329.6
-116.6033810139356 36.765003325672986 48328.9
-116.60338052909415 36.764983603681074 48328.0
-116.60337996229748 36.76496385041111 48327.3
-116.60337934191884 36.76494429690588 48327.4
-116.60337869517473 36.764924602904685 48327.6
-116.60337807699818 36.76490498772871 48327.1
-116.6033775193439 36.764885360223 48326.6
-116.60337704830602 36.7648656992169 48326.7
-116.60337669126416 36.76484603354506 48327.3
-116.60337642278664 36.76482634635942 48328.3
-116.60337621501704 36.764806635621774 48329.6
-116.60337602729038 36.76478690044885 48331.6
-116.60337580887312 36.764767132081694 48333.7
-116.6033755239849 36.76474733729805 48336.1
-116.6033751530426 36.76472752033102 48338.8
-116.60337468995608 36.764707694958446 48342.3
-116.6033741346589 36.76468782477336 48345.8
-116.60337353884591 36.764667930693086 48349.4
-116.60337293913696 36.76464801981325 48353.6
-116.6033723616579 36.76462809209045 48357.7
-116.6033718210018 36.764608153185584 48362.1
-116.60337130490188 36.76458819004399 48367.2
-116.60337080318622 36.76456819672722 48372.2
-116.60337030221208 36.764548169710295 48377.5
-116.60336978460803 36.76452810252482 48383.3
-116.60336924345772 36.76450801232632 48388.9
-116.60336867797184 36.76448791322567 48394.4
-116.60336809063712 36.76446782100872 48400.1
-116.60336748174862 36.7644477370909 48405.9
-116.60336685641548 36.76442766288872 48412.5
-116.60336621417277 36.76440759296616 48419.7
-116.60336555644716 36.764387526590255 48426.2
-116.60336488361985 36.764367466903096 48432.0
-116.60336419302595 36.764347424287216 48437.5
-116.60336347751704 36.76432740358448 48443.1
-116.6033627393566 36.764307407865545 48448.6
-116.603362009712 36.764287439585104 48453.7
-116.60336133301928 36.764267497930206 48458.1
-116.6033607367036 36.764247577452416 48461.7
-116.60336023174122 36.76422765859624 48464.7
-116.60335982250636 36.76420777424135 48467.3
-116.60335946691936 36.76418790889081 48469.2
-116.6033591359638 36.764168066257895 48470.4
-116.60335880510728 36.764148256770206 48470.9
-116.60335844331796 36.76412848078825 48470.5
-116.6033580340798 36.76410872695636 48469.3
-116.6033575719178 36.76408898514931 48467.5
-116.60335706433848 36.76406925504519 48465.5
-116.60335651500702 36.7640495125913 48463.0
-116.60335593803876 36.7640297520756 48459.5
-116.603355336615 36.7640099612326 48455.9
-116.60335471201472 36.763990131599336 48452.1
-116.60335407201624 36.7639702421879 48448.2
-116.6033534441648 36.76395031063737 48444.1
-116.60335285378348 36.763930351828925 48440.0
-116.6033523277424 36.7639103694277 48435.0
-116.60335191292369 36.7638904357234 48429.9
-116.60335161552784 36.76387059897918 48425.5
-116.60335143350297 36.7638509601227 48421.5
-116.60335134312524 36.76383167663408 48417.1
-116.60335129302877 36.76381309913157 48412.5
-116.6033511841702 36.76379541488672 48407.6
-116.60335089258643 36.76377888627383 48402.6
-116.6033502633944 36.76376393706388 48397.8
-116.60334892746316 36.76375072626509 48395.0
-116.60326576056714 36.763706445165695 48392.4
-116.60324786779763 36.76370816378048 48387.1
-116.60322848357356 36.763710317135946 48386.3
-116.60320755064105 36.7637126282813 48385.9
-116.6031855694912 36.763714808526586 48384.7
-116.6031627878513 36.763716697763854 48382.5
-116.60313938316943 36.76371821150431 48380.2
-116.60311598515408 36.76371922680124 48377.4
-116.6030929380692 36.76371988377569 48374.5
-116.60307065846628 36.76372030294444 48372.4
-116.60304964100072 36.7637206559476 48370.5
-116.60303050508908 36.76372124616771 48368.2
-116.60301335080884 36.76372234515739 48367.2
-116.60296005598866 36.76379179590596 48360.0
-116.602962829774 36.763805859855616 48356.4
-116.60296615993052 36.76382114211342 48358.4
-116.60296964834346 36.763837508117504 48362.0
-116.60297304334 36.763854857015126 48367.1
-116.60297618719385 36.763873134854535 48372.0
-116.60297894812776 36.763892430377126 48377.3
-116.60298131157658 36.76391229313913 48382.6
-116.6029833419486 36.76393260639156 48387.6
-116.60298510250126 36.763953163165965 48393.2
-116.60298664411516 36.763973758700445 48400.0
-116.60298804809868 36.76399414029809 48406.0
-116.60298935422296 36.764014206862335 48411.1
-116.60299057486928 36.76403385797766 48416.1
-116.60299169075844 36.764052956616325 48421.0
-116.60299268931924 36.764071510721145 48425.5
-116.602993544743 36.76408956110729 48429.4
-116.6029942299398 36.76410717028731 48433.0
-116.60299470953328 36.76412442344834 48436.3
-116.6029950210828 36.7641414278145 48439.0
-116.60299520282176 36.7641583479613 48441.7
-116.60299528590456 36.76417530224868 48444.1
-116.6029952910326 36.7641924366996 48446.2
-116.6029952461448 36.76420979468331 48447.6
-116.60299516219791 36.76422743086144 48448.6
-116.60299504175605 36.7642453675011 48448.9
-116.60299487918418 36.76426365400289 48448.3
-116.60299467632592 36.76428221549716 48447.3
-116.60299444138246 36.76430103545433 48445.7
-116.6029941867494 36.76432009905647 48443.1
-116.60299392911602 36.76433942003372 48440.0
-116.6029936925331 36.76435894099608 48436.7
-116.6029935025214 36.76437862403613 48432.4
-116.60299338137496 36.764398426830766 48428.1
-116.60299335599812 36.76441827405381 48424.3
-116.60299342674963 36.76443812668333 48419.7
-116.60299359460193 36.764457934438525 48414.8
-116.60299385984692 36.76447767528222 48409.8
-116.60299423258932 36.76449732325606 48404.6
-116.6029946888751 36.76451692615981 48399.9
-116.60299520625176 36.76453646384987 48395.2
-116.60299577250116 36.76455593093327 48390.7
-116.60299637510566 36.76457532427592 48386.3
-116.60299699011884 36.76459468382527 48381.8
-116.60299759849327 36.76461403231912 48377.0
-116.60299818661646 36.76463339095395 48372.6
-116.60299875283468 36.764652779710765 48369.8
-116.60299930676123 36.76467219361018 48367.6
-116.6029998519189 36.764691627791855 48364.9
-116.6030003848669 36.76471106487772 48362.3
-116.60300088377991 36.76473048334911 48360.2
-116.60300133082072 36.764749854151134 48358.0
-116.6030017154495 36.76476917683302 48356.6
-116.60300203057002 36.76478844932457 48355.4
-116.60300226587358 36.76480768269484 48353.7
-116.60300243410217 36.76482687228193 48352.7
-116.60300255052708 36.76484604982611 48352.1
-116.60300262845593 36.7648652293268 48351.5
-116.60300267361842 36.76488441955341 48350.5
-116.60300269949536 36.76490360597177 48349.4
-116.60300273145572 36.76492279964189 48349.2
-116.60300280567948 36.76494202091728 48349.4
-116.6030029481422 36.7649612910659 48349.1
-116.60300312824444 36.76498062136519 48349.1
-116.60300331210948 36.76499998895797 48349.7
-116.6030034820648 36.76501939541341 48349.9
-116.6030036341058 36.76503885160061 48350.4
-116.60300378366595 36.76505834852445 48351.2
-116.6030039454807 36.7650778900817 48351.4
-116.6030041216224 36.76509746904762 48350.8
-116.60300430870689 36.76511706504623 48350.5
-116.6030044971598 36.76513665359458 48351.4
-116.60300468909794 36.76515622649565 48352.1
-116.60300488886644 36.76517585926901 48352.4
-116.60300509610444 36.76519539728989 48352.9
-116.60300530379143 36.76521493187352 48353.4
-116.60300549686576 36.765234469156496 48354.7
-116.60300565856214 36.76525401235801 48356.0
-116.60300579150096 36.76527356659765 48356.6
-116.60300592918314 36.76529313506576 48358.3
-116.60300609962243 36.76531272816656 48360.9
-116.60300631921888 36.76533234598222 48363.8
-116.60300659905556 36.765351992904925 48366.4
-116.60300692495376 36.76537167312884 48368.8
-116.603007281231 36.76539136822707 48371.0
-116.60300764629488 36.765411064790975 48373.6
-116.60300800108034 36.7654307501427 48376.8
-116.6030083454948 36.765450413840895 48380.0
-116.6030086945737 36.76547005951198 48383.1
-116.60300906728716 36.76548969505393 48386.2
-116.60300948367438 36.76550932680414 48389.7
-116.6030099441008 36.76552897270621 48393.5
-116.60301043895323 36.76554863593664 48396.8
-116.60301095136482 36.76556832354567 48399.5
-116.60301145363292 36.76558803042826 48402.2
-116.60301192386474 36.76560772468019 48405.6
-116.60301234601371 36.76562738405951 48408.5
-116.60301271159518 36.76564699817346 48410.6
-116.603013010073 36.765666575818486 48412.6
-116.6030132560332 36.76568611937363 48414.5
-116.60301346791712 36.76570564583992 48415.7
-116.60301367109264 36.76572516881611 48417.2
-116.60301389551914 36.765744714360096 48418.6
-116.60301415519557 36.76576431894745 48419.9
-116.60301445291928 36.76578399645992 48420.0
-116.6030147893593 36.76580374559892 48419.4
-116.6030151681373 36.76582355309865 48418.8
-116.6030155795902 36.765843386026965 48418.1
-116.60301600801724 36.76586320920064 48417.1
-116.60301642792544 36.76588299918888 48416.1
-116.60301680861616 36.76590274478095 48414.8
-116.60301713795488 36.765922448428725 48413.6
-116.60301741146031 36.76594213197876 48412.3
-116.60301762977504 36.76596181728024 48410.4
-116.60301779562856 36.76598152050492 48407.4
-116.6030179331458 36.7660012325092 48404.0
-116.60301806680164 36.76602095837456 48400.7
-116.60301822021324 36.76604069292166 48397.5
-116.60301841954158 36.766060423810174 48394.1
-116.60301867206398 36.76608015857565 48389.6
-116.60301897600397 36.76609988819896 48385.3
-116.603019323589 36.76611961142639 48381.4
-116.60301969568924 36.76613932865513 48377.1
-116.6030200547426 36.766159034578685 48372.9
-116.60302037107785 36.76617872073224 48368.9
-116.603020629237 36.76619838586635 48364.7
-116.6030208244277 36.76621803871445 48359.9
-116.603020983851 36.76623769064486 48355.3
-116.60302113335624 36.76625736410119 48351.8
-116.60302129534269 36.766277064124 48349.1
-116.60302148969964 36.76629679624958 48345.7
-116.60302172557992 36.76631657014688 48341.2
-116.60302200962724 36.76633638653652 48336.8
-116.6030223433046 36.76635624721936 48332.6
-116.603022728342 36.76637615257948 48328.7
-116.60302314158756 36.76639609398731 48324.7
-116.60302356035956 36.76641605162538 48320.9
-116.60302396895808 36.76643601334158 48317.6
-116.60302435359144 36.76645596391253 48314.1
-116.60302471527538 36.76647588942848 48310.6
-116.60302506725876 36.76649579806956 48306.6
-116.6030254320615 36.76651569558437 48302.8
-116.60302585139712 36.766535575078485 48299.5
-116.60302635230104 36.76655544966361 48296.7
-116.60302693978169 36.76657529939616 48293.5
-116.60302760409832 36.76659511458693 48289.7
-116.60302832445724 36.766614889770985 48285.9
-116.60302905466708 36.76663464350808 48282.4
-116.60302975415996 36.76665438438194 48279.0
-116.60303038554056 36.76667413314561 48276.2
-116.6030309010248 36.76669391563201 48273.6
-116.60303129719668 36.76671370852082 48270.3
-116.60303157954527 36.766733523304985 48266.9
-116.6030317611322 36.766753356302026 48264.0
-116.60303185309652 36.76677320355445 48261.5
-116.60303189162532 36.76679304034118 48258.7
-116.6030319060233 36.76681287467112 48256.0
-116.6030319223116 36.76683269923484 48253.8
-116.60303197152764 36.76685250068325 48251.7
-116.6030320651068 36.766872294613854 48249.9
-116.6030322038784 36.76689208367019 48248.1
-116.60303238341496 36.76691187355409 48246.5
-116.6030325986983 36.766931673206166 48245.5
-116.6030328309448 36.76695148451368 48244.7
-116.60303306795603 36.7669712985216 48243.7
-116.60303330314149 36.76699111679856 48242.6
-116.60303353848182 36.76701094822264 48242.0
-116.6030337823912 36.76703080005864 48242.2
-116.60303403989865 36.767050670877694 48242.0
-116.60303431161364 36.76707055133898 48241.5
-116.60303459881774 36.767090426015486 48241.3
-116.60303490633969 36.76711028610813 48241.2
-116.60303524977878 36.76713012181136 48241.5
-116.60303565004216 36.76714993041912 48241.4
-116.60303614114773 36.76716971414899 48240.9
-116.60303672745545 36.767189502516096 48240.5
-116.60303741030636 36.767209283301256 48240.0
-116.6030381792023 36.76722905297432 48239.0
-116.60303901318976 36.76724879735203 48237.9
-116.60303987672242 36.76726851336644 48237.9
-116.60304075172388 36.76728818643205 48237.1
-116.60304162358196 36.76730781351726 48235.1
-116.60304247975203 36.76732740236336 48232.8
-116.6030433200946 36.76734697682573 48231.5
-116.6030441597008 36.76736656342919 48231.3
-116.603045025524 36.767386192691376 48231.7
-116.603045941736 36.76740591549369 48231.6
-116.60304690252826 36.767425760132966 48231.3
-116.60304789183984 36.76744572026769 48231.0
-116.60304889492936 36.7674657705722 48231.1
-116.60304991096946 36.76748584772859 48231.9
-116.60305095694532 36.76750583942884 48233.6
-116.60305206233798 36.76752559758168 48235.1
-116.60305325392866 36.767544915544654 48235.6
-116.60305454862672 36.767563385282365 48236.4
-116.6030558798693 36.76758083795568 48238.8
-116.60305711604762 36.76759703496933 48241.4
-116.60298888209893 36.767676230127165 48245.9
-116.60297134890732 36.76767565650341 48257.1
-116.60295222308577 36.76767448976256 48256.8
-116.6029313646404 36.76767300679642 48254.1
-116.60290893750349 36.76767144592921 48254.0
-116.6028850213317 36.76767003937953 48255.3
-116.60286002449033 36.76766891465766 48256.8
-116.60283437593854 36.76766814881744 48259.1
-116.60280849528452 36.76766777754407 48260.8
-116.60278294436256 36.7676678327596 48262.3
-116.60275811235552 36.76766818958308 48265.3
-116.60273455473984 36.76766871671884 48269.8
-116.60271269553368 36.767669247446506 48274.5
-116.60261949865256 36.767608791748025 48276.7
-116.60262069690005 36.76759545891996 48265.8
-116.60262231499898 36.76758096189676 48265.4
-116.60262410010624 36.76756538613591 48268.2
-116.60262581017273 36.7675487397742 48268.5
-116.60262728872284 36.76753123755102 48265.4
-116.60262843871875 36.76751305509887 48262.2
-116.60262920522976 36.76749432977413 48260.2
-116.60262951848264 36.76747507092423 48258.4
-116.60262945895188 36.76745551754196 48256.5
-116.60262908493152 36.767435735236575 48254.4
-116.60262845146995 36.76741579080103 48252.4
-116.60262758452512 36.76739569373575 48250.1
-116.60262656832396 36.767375482538895 48247.7
-116.60262545277575 36.767355215118144 48245.9
-116.60262427365888 36.76733493054757 48244.5
-116.6026230430508 36.76731466363346 48243.1
-116.60262176802676 36.76729442719219 48241.1
-116.60262044821631 36.76727423952539 48238.8
-116.60261908642772 36.76725411937991 48236.7
-116.602617700943 36.76723410379949 48235.4
-116.6026163326031 36.76721421012894 48233.9
-116.60261502675014 36.76719446263834 48232.5
-116.60261382821082 36.767174862157454 48231.7
-116.60261280019624 36.76715543753702 48230.9
-116.60261194151283 36.767136179408446 48229.9
-116.60261124430296 36.76711705094979 48228.7
-116.60261068719674 36.76709801222143 48227.9
-116.60261024880307 36.76707902818634 48227.5
-116.6026098688754 36.767060049448126 48227.4
-116.60260950291108 36.76704102905145 48226.9
-116.60260911453344 36.76702195396848 48226.5
-116.60260867075095 36.767002821148274 48226.3
-116.6026081760614 36.766983648429566 48225.7
-116.60260764259787 36.76696445970728 48225.0
-116.60260708468353 36.76694526333726 48224.8
-116.60260651507204 36.76692605062421 48224.6
-116.60260594781964 36.76690681045087 48224.6
-116.60260538836972 36.766887524652766 48224.9
-116.60260483262284 36.76686816803918 48224.9
-116.60260427170768 36.76684870350025 48225.2
-116.60260370254348 36.76682914119706 48225.8
-116.60260312833438 36.76680950759456 48226.2
-116.60260255406575 36.76678983649049 48227.0
-116.60260199894668 36.766770163774815 48227.8
-116.60260148604765 36.76675052625942 48228.6
-116.60260102737078 36.76673094033279 48229.9
-116.60260062018509 36.76671141465761 48231.2
-116.60260024542764 36.76669195802455 48232.9
-116.60259986353783 36.766672539061226 48235.2
-116.60259945113272 36.76665312527221 48237.4
-116.60259899600412 36.7666336955492 48239.8
-116.6025984713199 36.76661421979573 48242.3
-116.60259787218756 36.766594677432 48245.1
-116.60259720432175 36.76657507231206 48247.8
-116.60259648231144 36.76655540981499 48250.2
-116.6025957270098 36.76653569298487 48252.9
-116.60259497533424 36.76651596094428 48256.1
-116.60259426074208 36.76649625548541 48259.6
-116.60259361334664 36.76647660916696 48263.1
-116.60259306218188 36.76645706234938 48267.0
-116.6025925915342 36.76643760683992 48270.8
-116.60259218551236 36.76641820815991 48274.2
-116.60259182914236 36.76639883801311 48278.0
-116.60259151087516 36.76637946799372 48282.6
-116.60259121754852 36.766360070208805 48287.5
-116.60259094623945 36.766340619808254 48292.6
-116.60259069960944 36.76632110220846 48297.3
-116.60259047873724 36.76630149885426 48302.0
-116.60259027975054 36.7662818167474 48306.8
-116.60259010918362 36.766262059814885 48311.5
-116.60258996830844 36.766242244558754 48316.5
-116.6025898493621 36.76622239919848 48322.2
-116.60258973244666 36.76620256720802 48327.9
-116.60258959952807 36.7661827731441 48332.8
-116.60258943719327 36.76616303703645 48337.4
-116.60258922450492 36.76614337720399 48342.1
-116.60258895905056 36.76612378327368 48346.8
-116.60258864474493 36.76610425965444 48351.5
-116.60258829410488 36.76608480326428 48355.8
-116.60258791850607 36.76606540118567 48359.7
-116.60258753319935 36.76604602587473 48363.0
-116.6025871444766 36.7660266650114 48366.0
-116.6025867561093 36.76600730548909 48368.6
-116.60258637416123 36.7659879407067 48370.7
-116.60258600240226 36.765968576468026 48372.8
-116.60258564202744 36.76594921686126 48375.0
-116.60258528996911 36.7659298621164 48376.7
-116.60258494799652 36.76591049933718 48378.0
-116.60258462249377 36.76589111730514 48378.7
-116.60258432210844 36.7658717086208 48379.1
-116.60258405682993 36.76585227169261 48379.4
-116.60258384675302 36.7658328118305 48378.6
-116.60258369690844 36.76581334774547 48376.8
-116.60258360603936 36.7657938798432 48375.5
-116.60258355617876 36.7657744087257 48374.7
-116.60258353333752 36.76575492748936 48373.3
-116.60258352678068 36.76573543231476 48371.5
-116.60258352917936 36.765715914128414 48369.4
-116.60258352772152 36.76569636277436 48367.4
-116.60258350322924 36.76567674847952 48366.0
-116.60258344426012 36.76565705437715 48364.5
-116.60258333953776 36.765637268205474 48362.6
-116.60258317937992 36.7656173838999 48360.5
-116.60258294250552 36.76559739166692 48359.0
-116.60258262683637 36.765577315381606 48358.0
-116.60258222376548 36.76555718151146 48356.9
-116.60258173293576 36.76553701352742 48355.6
-116.60258115655536 36.76551682797668 48355.0
-116.60258053047993 36.76549665112938 48354.5
-116.60257988064096 36.765476518710855 48353.2
-116.6025792222824 36.76545645006406 48352.5
-116.60257856961712 36.765436475105375 48352.4
-116.60257793570764 36.76541659838337 48352.1
-116.60257732723043 36.76539681577185 48351.9
-116.602576749645 36.765377102963456 48352.3
-116.60257621134312 36.76535743195648 48352.9
-116.60257570234135 36.76533776334456 48353.3
-116.60257521435057 36.76531806703448 48353.7
-116.60257473808988 36.7652983330201 48354.3
-116.60257425884168 36.76527856344549 48355.3
-116.60257375638992 36.76525876871321 48356.6
-116.60257321859083 36.765238957056006 48357.6
-116.6025726446728 36.7652191465772 48358.5
-116.60257203807772 36.76519936793645 48359.8
-116.60257141729775 36.76517963863133 48361.3
-116.60257080037148 36.76515996854974 48362.8
-116.60257020818447 36.76514034561553 48364.4
-116.60256967108738 36.765120751130745 48365.9
-116.60256920624688 36.765101166173054 48366.8
-116.6025688301344 36.76508156899272 48368.2
-116.60256855352 36.76506194317793 48370.0
-116.60256840213668 36.765042294658606 48370.9
-116.60256835599354 36.76502265210508 48371.2
-116.6025683960726 36.76500301355877 48372.4
-116.60256849554808 36.76498337843195 48374.0
-116.60256862489184 36.764963739877246 48374.3
-116.6025687417007 36.76494408000879 48374.1
-116.60256881339768 36.76492438431312 48374.0
-116.60256881916456 36.764904656653336 48374.2
-116.60256873121423 36.76488489785428 48374.0
-116.60256855656029 36.76486511330881 48373.4
-116.60256830052894 36.76484532899991 48372.5
-116.60256797173768 36.76482556658803 48371.8
-116.60256757753356 36.76480583646235 48371.5
-116.60256714115116 36.76478612719864 48371.3
-116.6025666757304 36.76476643727769 48370.8
-116.6025661978975 36.764746760667336 48369.8
-116.60256573689128 36.764727093984696 48368.9
-116.60256531981337 36.764707449918966 48368.5
-116.6025649572892 36.76468783406232 48368.2
-116.60256464114272 36.76466824702028 48368.2
-116.60256434657968 36.764648691312765 48368.0
-116.60256404380084 36.76462914770374 48367.8
-116.60256371856616 36.76460959704728 48367.5
-116.60256336991512 36.76459002247628 48367.0
-116.60256300396073 36.76457040225384 48366.6
-116.60256263222608 36.76455073687092 48366.2
-116.60256225742674 36.76453102997505 48365.9
-116.60256187938424 36.764511283960914 48365.4
-116.6025614979702 36.76449149653664 48364.8
-116.60256111754448 36.764471678577365 48364.8
-116.60256074654036 36.76445183894816 48364.5
-116.60256039127611 36.76443198782196 48363.6
-116.60256005681524 36.76441214684719 48362.5
-116.60255973567484 36.76439233807331 48362.4
-116.60255942154596 36.764372573482206 48362.1
-116.60255910883744 36.76435285556306 48361.6
-116.60255878394705 36.76433317762616 48361.3
-116.60255842761828 36.764313512207856 48361.2
-116.60255802561772 36.76429384497976 48360.7
-116.6025575743192 36.764274169321126 48359.8
-116.60255707940004 36.76425447662186 48359.0
-116.60255655916336 36.76423476446859 48358.2
-116.60255601484153 36.76421494909688 48357.3
-116.6025554543782 36.76419518018118 48356.2
-116.60255488617491 36.764175364135305 48355.2
-116.60255432915372 36.764155516764745 48353.8
-116.6025537945556 36.76413565416314 48352.5
-116.602553289198 36.764115792384096 48351.6
-116.60255282242169 36.76409596070332 48350.4
-116.60255239155045 36.76407617431156 48348.7
-116.60255200333138 36.76405644151576 48347.1
-116.6025516579963 36.76403675635972 48346.1
-116.60255134825351 36.76401710883444 48345.3
-116.60255105099448 36.76399746020004 48343.9
-116.60255075319324 36.76397777639482 48341.7
-116.60255045460598 36.76395803684336 48339.4
-116.60255016459185 36.763938226357645 48337.7
-116.60254989717043 36.76391837117304 48336.4
-116.60254967007204 36.76389851417747 48334.8
-116.602549497019 36.76387872411031 48332.7
-116.60254938727633 36.76385918129254 48329.9
-116.60254930450596 36.76384005714523 48327.4
-116.60254918793204 36.76382157221538 48325.7
-116.6025489437752 36.76380401325408 48323.1
-116.60254836097324 36.763787829094106 48319.5
-116.60254725029245 36.76377303089559 48316.1
-116.60254536590342 36.763759777795606 48316.1
-116.60245594613777 36.76371539327116 48312.4
-116.6024380579498 36.76371725835209 48309.2
-116.60241868128112 36.76371949653363 48306.9
-116.60239800792964 36.76372183181369 48305.2
-116.60237613914364 36.763724071151785 48304.0
-116.6023532590799 36.76372601341997 48302.5
-116.60232987102953 36.7637276124462 48301.0
-116.602306319736 36.76372885899029 48300.2
-116.60228301805618 36.763729799215234 48300.1
-116.60226070577454 36.76373054080568 48299.8
-116.60223976410548 36.76373132740781 48300.0
-116.60222056134464 36.76373238876732 48300.7
-116.60220339540076 36.76373396329157 48301.9
-116.60215248352227 36.763805717680654 48291.0
-116.60215505846404 36.76381968335159 48292.2
-116.60215803350084 36.76383466587305 48292.1
-116.60216114545209 36.763850693871774 48293.6
-116.602164136374 36.763867872181216 48296.3
-116.60216686527248 36.76388595714808 48299.7
-116.60216928251768 36.76390486367775 48303.3
-116.60217139515744 36.76392447392584 48305.6
-116.60217320452628 36.76394460001533 48307.1
-116.60217481817244 36.7639649489703 48307.9
-116.60217629579388 36.76398536181839 48308.2
-116.60217768834124 36.76400569794146 48308.8
-116.60217902028944 36.764025777002885 48309.5
-116.6021803071488 36.76404551979576 48309.9
-116.60218153885144 36.764064872279285 48310.5
-116.6021826950886 36.764083827541 48310.9
-116.60218372737096 36.76410233778376 48310.8
-116.60218462850897 36.76412051261855 48310.4
-116.60218538472186 36.76413843398663 48310.4
-116.60218598835225 36.764156215171965 48309.8
-116.60218641245172 36.764173946147565 48308.8
-116.60218669664708 36.76419174039274 48308.3
-116.6021868695818 36.7642096928019 48307.9
-116.60218696531508 36.76422786657782 48307.2
-116.60218701960412 36.76424633245787 48306.0
-116.60218707370947 36.764265065590266 48305.0
-116.602187154343 36.7642840546488 48304.4
-116.60218728124522 36.764303263475526 48303.9
-116.60218747576008 36.76432268436179 48302.7
-116.60218773162984 36.76434224116817 48301.2
-116.60218804950564 36.764361885127656 48299.2
-116.60218842821484 36.76438157298434 48297.5
-116.60218887535936 36.76440129493392 48296.1
-116.6021893793752 36.76442103866828 48294.8
-116.60218993555382 36.764440790632925 48293.0
-116.60219053795088 36.764460530202165 48291.5
-116.60219118974372 36.764480238769885 48291.2
-116.60219188153889 36.764499903857256 48291.8
-116.60219260079376 36.76451951042712 48292.0
-116.6021933261074 36.76453905694101 48291.7
-116.60219402239328 36.76455854880432 48291.4
-116.60219466550944 36.764578001196575 48291.0
-116.60219524153275 36.764597420116 48290.8
-116.60219574519706 36.7646168033284 48291.5
-116.6021961699032 36.76463611052611 48293.2
-116.60219653527102 36.76465533842772 48295.3
-116.60219684857776 36.764674498542 48297.5
-116.60219711207128 36.76469361144724 48300.1
-116.60219731224124 36.76471268170847 48303.2
-116.60219745108672 36.76473172237414 48306.1
-116.60219752987872 36.76475074816874 48309.3
-116.6021975643946 36.764769795598106 48313.3
-116.60219758400608 36.764788920237336 48317.6
-116.6021976262262 36.76480814610452 48321.1
-116.60219771543808 36.7648274792934 48324.1
-116.60219787039756 36.764846901676734 48327.4
-116.60219812200016 36.76486641547515 48330.9
-116.6021984665581 36.76488599488122 48334.4
-116.6021988921338 36.76490562212295 48337.9
-116.60219936705434 36.76492528189953 48340.3
-116.6021998420696 36.76494496169869 48341.6
-116.60220027602804 36.76496463908052 48342.7
-116.60220065078424 36.764984311558536 48343.4
-116.60220096367212 36.76500398680694 48343.3
-116.60220122330368 36.76502366009949 48343.5
-116.60220146285192 36.765043322830735 48342.4
-116.60220170534488 36.76506295977689 48340.7
-116.60220197188816 36.76508255252122 48338.6
-116.6022022798138 36.76510208783605 48335.9
-116.6022026306232 36.765121575859126 48332.8
-116.60220303334232 36.76514102857502 48330.0
-116.60220349925564 36.765160461898255 48327.6
-116.6022040527209 36.76517991798002 48325.5
-116.60220467371272 36.76519941762499 48323.1
-116.60220533324188 36.7652189564081 48320.7
-116.60220599626284 36.76523852923616 48318.8
-116.60220662483528 36.76525812087839 48317.2
-116.60220720595684 36.76527772039319 48315.7
-116.60220773628502 36.765297341646935 48314.0
-116.60220821891056 36.76531700443154 48312.5
-116.60220865685092 36.76533672690033 48311.4
-116.60220906910916 36.76535650402213 48310.7
-116.60220946920218 36.76537632368906 48310.6
-116.60220986782276 36.76539616062045 48311.0
-116.6022102717276 36.76541597435198 48311.9
-116.60221068644404 36.7654357412512 48312.9
-116.60221111070211 36.76545544831891 48314.4
-116.6022115354858 36.765475083928656 48315.6
-116.60221194324129 36.765494606907104 48316.0
-116.60221232268051 36.76551400910177 48317.3
-116.60221266636648 36.765533289469445 48318.5
-116.60221296485288 36.76555246372872 48320.1
-116.60221321406664 36.76557155171714 48322.7
-116.60221343504612 36.76559062930719 48324.9
-116.60221363850845 36.765609739924656 48326.4
-116.60221383094556 36.76562890821232 48328.2
-116.60221402549357 36.76564816865257 48330.0
-116.602214223507 36.765667517480175 48331.5
-116.60221442514413 36.765686949224566 48333.4
-116.60221463293648 36.765706452852015 48335.4
-116.60221485616624 36.76572602913368 48336.8
-116.60221510224191 36.76574566381287 48337.6
-116.6022153848342 36.76576535615948 48338.6
-116.60221571749028 36.76578509250734 48340.2
-116.6022161179539 36.76580486237639 48342.5
-116.60221657791016 36.76582464101077 48344.7
-116.60221709141662 36.76584441289675 48346.8
-116.60221764641032 36.765864173485646 48348.2
-116.60221822850323 36.765884007972886 48349.8
-116.6022188055002 36.7659037623508 48351.2
-116.60221935809756 36.76592351972391 48351.9
-116.60221987138334 36.76594328913103 48351.7
-116.60222032802868 36.765963064180696 48351.2
-116.6022207338424 36.76598285133662 48351.0
-116.60222109384874 36.76600265813301 48350.9
-116.6022214147692 36.76602248989034 48350.3
-116.60222170426444 36.76604233679649 48349.2
-116.6022219895008 36.76606219400713 48347.7
-116.602222293417 36.766082053144814 48345.7
-116.60222262846814 36.7661019060818 48343.6
-116.60222299884292 36.76612176007337 48341.3
-116.60222338622523 36.76614160800489 48338.1
-116.60222377392614 36.76616143688154 48334.3
-116.6022241516344 36.76618123401163 48330.0
-116.60222452048896 36.76620098078907 48326.2
-116.6022248979355 36.766220689540326 48322.4
-116.60222529958332 36.76624036574477 48318.4
-116.60222573849586 36.76626000974437 48314.2
-116.6022262188706 36.76627963107233 48310.0
-116.60222672140333 36.76629923803579 48305.8
-116.60222723436716 36.766318846296535 48301.4
-116.60222774855256 36.76633847394312 48296.9
-116.6022282557306 36.76635814378366 48292.0
-116.60222875094838 36.76637786113411 48287.6
-116.60222922821757 36.76639762282518 48283.5
-116.60222967920068 36.766417419421245 48279.1
-116.6022300807482 36.766437217189534 48273.8
-116.602230426252 36.766457000657255 48268.7
-116.60223070194624 36.76647676533475 48263.7
-116.60223089902247 36.76649652741174 48258.5
-116.60223100262763 36.76651627984822 48254.2
-116.60223103126796 36.766536046002905 48249.9
-116.60223100077064 36.76655582880158 48245.8
-116.6022309453356 36.766575618862426 48241.8
-116.60223091897892 36.766595406046 48237.1
-116.60223094597652 36.76661517722991 48232.5
-116.60223103136316 36.766634908221455 48229.0
-116.60223117555472 36.76665457335115 48225.8
-116.60223139259271 36.76667417906301 48222.6
-116.60223167045775 36.76669374560534 48219.1
-116.60223199785852 36.766713294421 48215.6
-116.60223235691385 36.76673284892791 48212.9
-116.60223273383993 36.76675244379884 48210.6
-116.6022331158302 36.766772096318014 48208.0
-116.60223349736673 36.76679182180268 48205.7
-116.6022338762115 36.76681162364319 48203.7
-116.60223425435656 36.76683151004715 48202.3
-116.6022346377217 36.76685145533093 48201.6
-116.6022350337502 36.7668714466748 48201.0
-116.60223545150416 36.766891464161 48200.1
-116.60223591097004 36.76691149361904 48200.1
-116.60223641862972 36.76693150614928 48199.5
-116.60223697899195 36.76695148273632 48198.7
-116.60223758891811 36.76697139707463 48199.0
-116.60223824751436 36.76699122558349 48199.7
-116.60223893686496 36.76701096590672 48200.3
-116.60223964296696 36.76703062343265 48201.2
-116.60224034456796 36.76705022008046 48202.3
-116.60224100029868 36.76706977933584 48203.7
-116.60224158238248 36.76708934036744 48205.6
-116.60224208491285 36.76710891823456 48207.8
-116.60224251871082 36.767128517099735 48209.8
-116.60224289471545 36.7671481167414 48212.1
-116.60224323935648 36.76716772049524 48214.4
-116.6022435666062 36.7671873284316 48217.0
-116.60224389132392 36.76720693490836 48220.3
-116.60224423326063 36.76722653685236 48224.3
-116.60224460197514 36.76724614211592 48227.8
-116.6022449996675 36.76726576364605 48231.5
-116.602245416931 36.76728540686496 48236.1
-116.60224584220173 36.76730508155618 48240.1
-116.60224626231528 36.767324790358224 48244.0
-116.60224667015204 36.76734454466805 48248.5
-116.60224705978987 36.767364358291566 48253.5
-116.60224740194803 36.76738424040455 48258.3
-116.6022476702222 36.76740417820487 48262.3
-116.60224784256177 36.767424161835685 48266.4
-116.60224793286646 36.7674441949214 48271.3
-116.60224798435308 36.76746425189928 48276.3
-116.60224806974236 36.76748429116384 48280.7
-116.6022482564325 36.767504233636224 48285.2
-116.6022485954582 36.767523929690086 48289.5
-116.6022491432042 36.76754314378089 48292.9
-116.60224983693034 36.76756166132999 48296.9
-116.60225058714248 36.767579218255726 48302.2
-116.6022512507088 36.76759563154251 48307.1
-116.6021800047816 36.76767513533076 48316.2
-116.60216357876446 36.76767472823819 48341.2
-116.60214546245436 36.767673751627065 48346.1
-116.60212567586464 36.76767240181244 48349.7
-116.60210413455796 36.767670852354506 48351.8
-116.60208124317388 36.767669293515695 48354.4
-116.60205726055716 36.76766784143469 48359.5
-116.60203256584217 36.76766659322533 48363.9
-116.60200741989756 36.76766567180205 48367.9
-116.6019823891589 36.76766506681946 48372.3
-116.60195795653983 36.767664753220885 48376.3
-116.60193461318192 36.7676646450604 48381.1
-116.6019130550782 36.767664596112674 48386.2
-116.60189344382128 36.767664377175656 48390.4
-116.60187598806252 36.7676637443986 48391.9
-116.60181518907588 36.76760073201574 48382.3
-116.60181621422213 36.767587093760845 48376.1
-116.6018176011544 36.76757231118668 48375.9
-116.6018191214594 36.7675564355316 48377.5
-116.60182059421508 36.767539612889365 48375.9
-116.60182183900704 36.76752179078972 48371.2
-116.60182279123693 36.76750328067025 48366.1
-116.60182341068372 36.76748423756015 48361.5
-116.60182369477413 36.76746483723268 48356.2
-116.60182360562372 36.76744507074967 48350.3
-116.6018232342106 36.76742510525556 48343.8
-116.60182262258752 36.767405016463215 48337.1
-116.60182181757204 36.76738487673442 48330.3
-116.60182083911896 36.76736469808848 48323.2
-116.60181975866314 36.76734454494878 48316.7
-116.601818619526 36.767324454789545 48310.7
-116.60181746700016 36.76730444003491 48303.9
-116.60181636313708 36.76728452159222 48296.6
-116.60181533994236 36.76726467187881 48289.1
-116.6018144084116 36.7672448688312 48282.3
-116.60181355553108 36.76722509280256 48276.7
-116.60181276671716 36.76720537754135 48270.8
-116.60181201417215 36.767185744689776 48265.2
-116.60181128649228 36.767166224156526 48260.1
-116.60181057549944 36.76714682999356 48254.5
-116.60180987577878 36.76712757917897 48249.4
-116.6018091785815 36.767108422830646 48245.1
-116.60180848454029 36.76708932987156 48241.0
-116.60180780126424 36.767070279046045 48236.6
-116.60180714357116 36.767051275834056 48232.4
-116.601806507577 36.76703232296591 48228.9
-116.60180587765444 36.767013424574095 48225.8
-116.60180523074509 36.766994578776895 48222.5
-116.60180454109437 36.76697575837917 48220.0
-116.60180380902656 36.76695693591808 48218.1
-116.6018030429462 36.76693808611701 48216.0
-116.60180226333824 36.766919178982384 48214.0
-116.60180150125092 36.76690018035902 48212.4
-116.601800768036 36.76688108837786 48211.1
-116.60180006695236 36.766861906246575 48209.9
-116.601799396608 36.76684265577903 48209.5
-116.60179874031664 36.76682336879407 48210.1
-116.60179806083778 36.76680406981 48211.2
-116.60179733132018 36.766784770152576 48212.7
-116.60179653853088 36.76676548579305 48215.1
-116.60179567501444 36.766746200763365 48217.6
-116.6017947670321 36.76672683996748 48220.1
-116.60179384974565 36.76670755958163 48223.4
-116.60179294896956 36.76668827152293 48227.0
-116.601792107241 36.76666898587288 48230.7
-116.6017913454364 36.76664968858576 48235.3
-116.60179068539104 36.766630366332656 48239.8
-116.60179013110786 36.7666109897184 48244.6
-116.6017896857711 36.766591584251294 48250.8
-116.6017892956184 36.7665721423588 48257.3
-116.6017889203568 36.766552670840206 48263.5
-116.60178852884788 36.76653318042771 48269.9
-116.60178810274044 36.7665136633609 48276.0
-116.60178765765104 36.76649413111083 48282.3
-116.6017872171607 36.76647458957134 48289.2
-116.60178680056984 36.76645503633481 48295.1
-116.60178641606204 36.76643547253028 48300.6
-116.60178603907572 36.76641588566849 48307.0
-116.601785643708 36.766396270080925 48313.2
-116.60178521015456 36.76637663681301 48319.2
-116.6017847216911 36.76635697600053 48324.2
-116.60178418995709 36.76633730870185 48328.6
-116.6017836158408 36.766317636139085 48332.6
-116.60178299972884 36.76629796343547 48336.4
-116.60178232730122 36.766278268054606 48340.3
-116.60178160750142 36.766258562376336 48343.7
-116.6017808522606 36.76623886225152 48346.1
-116.6017800799316 36.766219188536255 48348.6
-116.60177931047905 36.76619956175666 48350.6
-116.6017785675554 36.76617998701917 48352.3
-116.6017778694268 36.766160464025255 48353.5
-116.60177722595104 36.76614097071832 48353.9
-116.60177665860007 36.76612151933087 48354.3
-116.60177615812526 36.766102082642576 48355.2
-116.60177572092488 36.766082654082965 48356.1
-116.60177533837948 36.766063225743295 48356.8
-116.6017750094595 36.76604381807304 48356.5
-116.6017747046832 36.766024411818286 48356.7
-116.60177440293988 36.76600499375324 48357.6
-116.60177408135216 36.76598555298954 48358.0
-116.6017737141973 36.76596605795558 48357.7
-116.60177330614864 36.76594652851757 48357.5
-116.6017728616411 36.76592697584746 48356.9
-116.6017723897612 36.76590741132424 48356.2
-116.60177191116956 36.765887844525565 48355.4
-116.60177144444158 36.76586828927916 48355.2
-116.60177099209676 36.765848749508926 48354.8
-116.6017705472084 36.76582922510556 48354.3
-116.60177009820164 36.765809700319366 48353.7
-116.6017696459636 36.765790158950566 48352.3
-116.6017692048244 36.76577059910196 48350.7
-116.60176878892696 36.765751021802416 48349.3
-116.60176841930463 36.765731455496365 48348.4
-116.60176809253416 36.76571191236766 48347.2
-116.601767808627 36.76569241004224 48345.4
-116.60176756256186 36.76567296495812 48343.8
-116.60176733541908 36.76565361523998 48342.9
-116.60176709969052 36.7656343498574 48342.2
-116.60176684325076 36.76561516454377 48341.1
-116.60176656435355 36.76559605235735 48339.8
-116.60176626581068 36.76557700641344 48338.2
-116.60176595754103 36.76555801280247 48336.1
-116.601765639684 36.76553906013715 48334.2
-116.6017653064048 36.765520136394095 48333.0
-116.60176494295736 36.76550121456613 48332.0
-116.60176454222388 36.765482282136176 48330.9
-116.60176409843764 36.765463332300655 48329.5
-116.60176361536004 36.76544436946632 48327.9
-116.60176310427768 36.76542538376729 48326.0
-116.60176259574447 36.76540638456705 48323.9
-116.60176211555633 36.76538737228858 48321.9
-116.60176167976226 36.76536833689951 48321.1
-116.60176130499762 36.76534929691165 48320.2
-116.60176098072084 36.76533025054192 48318.9
-116.60176070319632 36.76531120630344 48317.8
-116.60176046087416 36.76529216111519 48317.2
-116.6017602388456 36.76527311761632 48316.6
-116.6017600115332 36.765254061494055 48315.8
-116.60175975984971 36.76523498234126 48314.7
-116.60175946833267 36.765215879925975 48313.9
-116.6017591144834 36.76519671965698 48313.1
-116.60175870251832 36.76517751687324 48312.1
-116.60175822998804 36.76515827186106 48311.2
-116.60175769721252 36.76513899090662 48310.6
-116.60175709718432 36.76511963308851 48310.0
-116.6017564563488 36.76510020667654 48309.3
-116.60175579570604 36.76508070902912 48308.4
-116.60175513728616 36.76506114027514 48307.6
-116.60175451700816 36.76504151998584 48306.9
-116.60175395676328 36.765021882649215 48306.0
-116.60175347709688 36.76500225861391 48304.9
-116.60175308722492 36.764982656727526 48304.4
-116.601752797998 36.76496312870109 48304.1
-116.60175257539468 36.76494364653136 48302.8
-116.60175239494416 36.764924196630254 48301.5
-116.60175222445866 36.764904768975605 48300.9
-116.6017520216094 36.76488534130414 48299.7
-116.6017517645247 36.76486589597654 48298.4
-116.6017514469248 36.76484641721947 48297.6
-116.6017510806482 36.76482689551168 48296.2
-116.60175069803044 36.76480731217216 48294.3
-116.60175035337797 36.76478770716448 48292.4
-116.60175008801684 36.76476814182623 48290.6
-116.60174992479116 36.7647487085716 48289.4
-116.60174988338404 36.764729717481366 48287.8
-116.60174991184266 36.7647114088669 48286.0
-116.60174994777452 36.76469416219803 48284.4
-116.60174990937776 36.76467845807153 48281.8
-116.60174966356573 36.764665018006326 48280.9
-116.60174918230508 36.76465385586916 48284.2
