Long Lat Mag_nT
-116.60344630371598 36.75469946562824 48590.9
-116.60342351087462 36.75470170125956 48589.5
-116.6033997436338 36.754703708599486 48588.6
-116.60337502022738 36.75470544834692 48588.2
-116.6033496830036 36.754706980589006 48587.7
-116.6033238769626 36.75470835925948 48587.3
-116.6032977922266 36.754709635659616 48586.6
-116.60327166685244 36.754710851827525 48585.3
-116.60324573824958 36.75471205203445 48583.9
-116.60322019058005 36.75471325332241 48582.4
-116.60319520252304 36.75471445404721 48581.2
-116.60317104181624 36.75471563142796 48580.3
-116.60314769440896 36.754716759643976 48579.1
-116.6031251637658 36.75471781161161 48577.7
-116.60310338186277 36.75471876508872 48576.3
-116.60308230450488 36.75471959048166 48574.6
-116.60306166584688 36.75472029638578 48573.0
-116.60304124758724 36.75472087561879 48571.8
-116.60302083139756 36.75472130793474 48569.6
-116.6030002004316 36.75472152810482 48567.6
-116.6029792680341 36.75472153517871 48566.4
-116.60295788230688 36.75472133016872 48564.7
-116.6029359373468 36.75472093060044 48563.4
-116.60291329321264 36.7547203678669 48562.2
-116.60289002994745 36.754719746631885 48561.8
-116.60286615929007 36.75471915553175 48561.9
-116.6028417722534 36.754718672234645 48561.3
-116.6028169282665 36.75471838782654 48560.4
-116.60279181137037 36.754718304384106 48561.0
-116.60276661997412 36.754718414400095 48561.1
-116.6027415299022 36.75471870047358 48559.9
-116.602716707064 36.75471914873764 48558.7
-116.60269219926636 36.75471967602963 48557.8
-116.60266807721388 36.75472022633527 48556.2
-116.60264434261444 36.75472075579568 48554.3
-116.60262098614974 36.75472122033995 48552.7
-116.60259785344628 36.754721612676256 48551.1
-116.60257479470624 36.75472192692233 48549.6
-116.60255166468896 36.75472214581685 48548.0
-116.60252832385784 36.75472222205738 48546.6
-116.6025047535226 36.75472215507145 48545.6
-116.60248090829432 36.75472195262961 48544.7
-116.6024567908275 36.75472163921993 48543.7
-116.60243241943182 36.754721242441946 48543.2
-116.60240788635495 36.75472081664776 48543.1
-116.60238323266104 36.75472039724976 48542.2
-116.60235851022628 36.754720010652576 48541.8
-116.60233375720496 36.75471968736941 48541.4
-116.60230899188852 36.75471943686909 48540.3
-116.60228423120056 36.754719272665206 48539.4
-116.60225948377747 36.75471920678572 48538.5
-116.60223473138544 36.75471925314238 48537.2
-116.60220995003937 36.754719379048254 48536.5
-116.60218515486469 36.75471955141344 48536.6
-116.60216034999752 36.75471972383892 48536.5
-116.60213554483464 36.75471984998837 48535.1
-116.60211074893547 36.754719922337244 48533.8
-116.60208594663564 36.754719947665045 48533.1
-116.60206113436956 36.75471993810269 48531.6
-116.60203632701383 36.754719910322166 48529.8
-116.60201153696288 36.75471988361266 48529.3
-116.60198677329042 36.7547198694354 48528.8
-116.60196204977036 36.75471988660488 48527.9
-116.60193737121772 36.75471996298474 48527.1
-116.60191271041404 36.75472010339323 48526.2
-116.60188806236526 36.75472031468249 48525.4
-116.60186342693866 36.75472060185268 48524.7
-116.60183879693103 36.75472096657457 48523.7
-116.60181417361476 36.75472136424748 48523.0
-116.60178958720236 36.75472175425909 48522.1
-116.60176504757936 36.7547221021192 48521.3
-116.60174056345822 36.75472236909238 48520.3
-116.60171612937188 36.7547225514576 48519.7
-116.60169170872688 36.75472264868724 48519.5
-116.6016672637902 36.75472266299792 48518.5
-116.60164276033572 36.75472258853141 48517.3
-116.60161820308242 36.75472244653454 48516.5
-116.60159358316194 36.75472225497981 48516.0
-116.6015689113816 36.754722035828046 48516.3
-116.60154420440988 36.75472181275644 48515.9
-116.60151948189862 36.754721600320565 48514.5
-116.60149476247288 36.75472141111371 48513.4
-116.6014700713578 36.754721255800746 48513.3
-116.60144544074728 36.75472114596307 48513.4
-116.60142087152344 36.75472108726788 48513.1
-116.60139636781068 36.7547210956716 48512.6
-116.60137192513857 36.754721178491934 48511.9
-116.60134752281476 36.75472133965414 48511.0
-116.60132311536576 36.754721545051865 48510.3
-116.60129869568972 36.754721753157135 48509.3
-116.60127424948564 36.75472192019516 48508.3
-116.60124977676244 36.754722008534415 48507.4
-116.6012252993924 36.75472202688269 48506.0
-116.60120080613096 36.75472198855312 48504.7
-116.60117630448698 36.754721910910064 48504.9
-116.60115182166264 36.754721807564174 48505.5
-116.6011273736661 36.75472169617044 48504.7
-116.6011029614916 36.7547215833337 48503.1
-116.60107858506603 36.754721468831264 48502.1
-116.6010542466182 36.75472134937964 48501.3
-116.60102994348668 36.75472122200648 48500.4
-116.60100566873425 36.75472109377207 48499.3
-116.60098140629644 36.75472097587475 48498.3
-116.60095712916888 36.75472088214999 48498.0
-116.60093280381923 36.754720823348606 48497.1
-116.60090841349312 36.75472081464689 48495.9
-116.60088394714964 36.75472087080464 48495.4
-116.60085928189892 36.754720999401975 48495.7
-116.60083463305077 36.754721175915066 48495.9
-116.600809937666 36.75472138531241 48495.7
-116.60078521838568 36.754721618780735 48494.8
-116.60076048255873 36.754721876563465 48494.8
-116.60073573497384 36.754722149837214 48494.6
-116.60071097789596 36.75472242982718 48493.4
-116.60068620678624 36.754722707389234 48492.8
-116.60066142909751 36.75472296531383 48492.7
-116.60063666716968 36.7547231979522 48492.7
-116.60061193636456 36.754723405191605 48492.5
-116.60058724475996 36.754723591517774 48492.2
-116.60056260845 36.75472375956812 48491.6
-116.6005380185398 36.75472392090734 48491.1
-116.60051346247371 36.754724084461344 48490.5
-116.60048892852066 36.754724260880245 48489.0
-116.60046438916164 36.75472445732027 48487.8
-116.60043983258458 36.75472465468647 48487.3
-116.60041526546048 36.75472482464661 48487.5
-116.60039068722962 36.75472494248579 48487.8
-116.60036612581116 36.75472497816997 48487.2
-116.60034158703117 36.754724939375976 48486.4
-116.60031705359329 36.754724837524655 48485.4
-116.60029250592842 36.75472468894581 48484.8
-116.6002679296856 36.75472450980405 48484.5
-116.60024331097918 36.754724327587205 48484.4
-116.6002186438518 36.754724163404994 48483.8
-116.6001939446356 36.75472403681335 48483.7
-116.60016921362671 36.75472396976473 48484.1
-116.60014447188058 36.75472395879136 48484.0
-116.60011974052404 36.75472400523993 48483.1
-116.60009503413356 36.754724111250816 48482.3
-116.60007034689971 36.75472428336075 48481.5
-116.60004567667676 36.75472450560625 48480.9
-116.6000210272574 36.75472476652509 48480.3
-116.59999638894736 36.75472504231898 48479.6
-116.59997175739326 36.754725298398974 48478.8
-116.59994713344696 36.75472552303636 48478.4
-116.59992250787036 36.75472571938951 48478.0
-116.59989787124717 36.75472588800721 48477.7
-116.59987322635644 36.754726020580826 48477.4
-116.59984857493714 36.754726110741125 48476.9
-116.5998239154257 36.75472614719268 48476.2
-116.59979923906684 36.75472612381776 48475.4
-116.59977456615913 36.7547260342339 48474.5
-116.59974990413522 36.75472590324394 48474.2
-116.59972524780495 36.75472574565528 48474.3
-116.599700596598 36.75472557127626 48474.1
-116.59967595522664 36.75472538775272 48473.6
-116.59965132726624 36.75472520662417 48473.3
-116.59962671892325 36.7547250429872 48472.7
-116.59960214949548 36.75472491614549 48472.1
-116.59957761678425 36.75472485499549 48472.0
-116.5995531036382 36.75472485893964 48471.6
-116.5995286023938 36.754724916188806 48470.4
-116.5995041073408 36.754725001333135 48469.3
-116.59947961389132 36.7547250877275 48468.5
-116.59945511780188 36.754725158864616 48468.0
-116.59943061233568 36.75472521046687 48468.0
-116.5994060921229 36.75472524879481 48467.9
-116.59938154403976 36.754725291215024 48467.4
-116.59935695170742 36.75472535657286 48466.7
-116.59933230196224 36.754725463019454 48466.3
-116.59930759660249 36.75472561844748 48466.0
-116.59928282963102 36.75472581021389 48465.5
-116.59925803432462 36.754726004442446 48465.1
-116.59923323297951 36.75472617821833 48464.6
-116.59920843556162 36.75472632294431 48463.7
-116.5991836694426 36.75472643707474 48463.0
-116.59915894672336 36.75472653789284 48463.1
-116.59913427006232 36.75472663554761 48463.1
-116.59910964113784 36.75472673652201 48462.4
-116.59908505596792 36.75472684537477 48462.0
-116.59906049319297 36.75472696329243 48461.6
-116.59903593975224 36.75472709348246 48460.9
-116.59901137887958 36.75472723202097 48460.2
-116.59898678245372 36.75472736523973 48459.8
-116.5989621415089 36.75472747971099 48459.2
-116.5989374571744 36.75472756648914 48458.1
-116.59891273984525 36.75472762033637 48456.9
-116.59888805488096 36.75472762912487 48456.3
-116.5988635091564 36.75472760534174 48455.2
-116.59883925410072 36.75472756899288 48453.9
-116.5988155249107 36.7547275519865 48453.8
-116.59879278811754 36.754727623815405 48455.2
-116.59866378628668 36.7548350244486 48457.6
-116.5986651398438 36.75485140915509 48460.4
-116.59866663626526 36.75486856938734 48458.5
-116.598668229621 36.7548863660976 48452.9
-116.598669859116 36.75490444240968 48450.7
-116.59867148588764 36.75492252017744 48449.8
-116.59867310804349 36.754940278572015 48449.4
-116.59880870056828 36.7550450506868 48445.2
-116.59882921374424 36.75504308855204 48438.2
-116.59885079075262 36.755040942663726 48438.5
-116.59887334427296 36.75503874346086 48439.3
-116.59889684549728 36.755036600881006 48440.8
-116.59892099525156 36.75503456148768 48441.6
-116.59894563376764 36.75503264866723 48440.6
-116.59897059373236 36.75503087577357 48439.8
-116.5989956308382 36.75502928724928 48440.0
-116.59902052703411 36.755027876261465 48440.3
-116.59904516979957 36.7550266437431 48440.3
-116.59906950114124 36.75502558529687 48440.8
-116.59909339863076 36.7550247275607 48441.3
-116.59911692522184 36.75502404753335 48441.5
-116.59914014557164 36.75502354198345 48442.2
-116.59916315365102 36.75502320517113 48442.9
-116.59918596505533 36.75502305476287 48443.8
-116.59920868368576 36.75502304383104 48444.3
-116.59923140319722 36.75502314778159 48444.4
-116.59925420169944 36.75502335108904 48444.5
-116.59927713222127 36.75502365399562 48445.2
-116.5993002173558 36.75502402425804 48446.3
-116.5993234894676 36.75502444124681 48447.2
-116.59934696521292 36.75502488949616 48447.6
-116.59937068163336 36.75502535339158 48448.1
-116.59939460587492 36.75502581413573 48448.7
-116.599418723166 36.75502625493664 48449.2
-116.5994430057155 36.755026654146654 48449.6
-116.59946747120728 36.755026972726895 48449.7
-116.59949208320792 36.755027199407486 48450.0
-116.59951680394164 36.75502732830288 48450.6
-116.59954158415349 36.75502736527382 48451.0
-116.59956640371932 36.75502730967823 48451.4
-116.599591224108 36.755027186767215 48451.4
-116.59961601705022 36.75502701355153 48451.8
-116.599640774038 36.75502680736048 48452.3
-116.59966550480686 36.75502659221864 48452.8
-116.5996903166002 36.75502640233277 48453.3
-116.5997150118148 36.75502626632984 48453.6
-116.5997396960256 36.7550262006785 48453.6
-116.59976430848512 36.75502622449229 48454.3
-116.59978885713876 36.755026310702526 48455.1
-116.59981335277897 36.75502644214377 48455.5
-116.59983780862564 36.75502660121143 48456.2
-116.59986223874408 36.75502676059882 48456.7
-116.59988667249311 36.75502689342903 48457.3
-116.59991112215168 36.75502698527133 48457.7
-116.59993558832478 36.75502702889563 48458.0
-116.59996010570508 36.75502702149553 48458.2
-116.59998467269824 36.75502698370271 48458.9
-116.60000928860536 36.7550269329928 48459.5
-116.60003394619308 36.75502688909392 48459.8
-116.60005861695714 36.75502687439831 48460.2
-116.60008326797904 36.75502689686267 48460.7
-116.60010786833666 36.75502696235655 48460.7
-116.6001324013759 36.75502707158418 48460.8
-116.60015681950968 36.75502722966524 48461.6
-116.60018113679692 36.75502742187067 48462.6
-116.60020536310472 36.75502763473568 48463.6
-116.60022951617508 36.75502784887029 48464.2
-116.60025361911752 36.75502804962019 48464.0
-116.60027769565066 36.75502824249169 48464.4
-116.60030174791235 36.755028439807774 48465.0
-116.600325779901 36.7550286482145 48465.8
-116.6003497947275 36.7550288661749 48466.7
-116.600373807591 36.755029087363695 48467.3
-116.600397823277 36.75502931342314 48467.6
-116.60042184374012 36.75502954754683 48468.4
-116.60044587096644 36.75502979849892 48469.4
-116.6004699196638 36.75503007447945 48469.9
-116.60049400476832 36.75503038331025 48470.1
-116.60051813564225 36.755030719603965 48470.5
-116.6005423190164 36.75503106622378 48471.3
-116.60056653694944 36.7550314106316 48471.9
-116.600590761215 36.75503174819306 48472.3
-116.6006149641588 36.7550320763003 48472.7
-116.60063913020664 36.75503238949337 48473.4
-116.6006632665338 36.75503267939397 48474.0
-116.60068739083565 36.755032927947646 48474.7
-116.60071151534716 36.75503311506733 48475.1
-116.6007357108818 36.755033209062375 48475.6
-116.60075997862069 36.755033222503066 48476.2
-116.60078431003348 36.75503316874011 48476.8
-116.60080868853332 36.75503307162822 48477.3
-116.6008331008506 36.75503296598427 48477.4
-116.60085751394185 36.75503288550574 48477.7
-116.60088192277064 36.75503284999095 48478.2
-116.60090634186923 36.75503286694035 48478.9
-116.60093076506152 36.755032930285225 48479.5
-116.60095520970548 36.75503300295648 48479.8
-116.60097968840977 36.75503304779393 48480.3
-116.601004196518 36.755033034228106 48480.9
-116.60102878258536 36.75503293291213 48481.6
-116.601053435401 36.75503275663325 48482.3
-116.6010781516926 36.755032514591846 48483.0
-116.60110292902333 36.75503222162863 48483.5
-116.60112780199844 36.755031889323504 48484.0
-116.60115275688052 36.75503153038933 48484.6
-116.60117778337109 36.75503114702784 48484.6
-116.60120285471776 36.75503074960234 48484.6
-116.60122791599372 36.75503036526521 48485.1
-116.60125290911564 36.75503002108855 48486.1
-116.601277801376 36.75502973498385 48486.8
-116.60130259483287 36.755029517456144 48487.5
-116.60132724583696 36.75502939313592 48488.1
-116.60135178517292 36.75502936104365 48488.3
-116.6013762309018 36.75502942449958 48488.3
-116.60140061423049 36.75502956850851 48489.0
-116.60142495608947 36.75502975420852 48490.5
-116.60144932305631 36.75502992210312 48491.2
-116.60147373305573 36.75503003665574 48491.2
-116.60149815505793 36.75503007300177 48491.4
-116.6015226063034 36.75502999570952 48492.3
-116.60154706987032 36.75502981482264 48493.6
-116.60157155430248 36.75502953371225 48494.6
-116.60159607039128 36.755029166632205 48495.3
-116.60162068043488 36.75502873572894 48495.5
-116.60164537198608 36.75502830008464 48496.0
-116.60167013461468 36.75502790658343 48496.9
-116.6016949664628 36.75502758911789 48497.1
-116.60171980815716 36.755027377055264 48497.5
-116.60174465215744 36.75502723347813 48498.4
-116.60176949738388 36.75502712496629 48498.9
-116.60179433432316 36.75502703275912 48499.4
-116.60181913578312 36.755026960342505 48500.1
-116.60184389807944 36.75502691305629 48500.9
-116.60186862162467 36.75502689848955 48502.0
-116.6018933165726 36.75502692226252 48502.4
-116.60191796847158 36.75502699206843 48503.1
-116.6019426016829 36.75502709373792 48504.3
-116.60196723638236 36.755027212547965 48505.3
-116.60199188249364 36.755027331717805 48506.1
-116.60201655701108 36.75502742331035 48506.6
-116.60204125561556 36.75502746470367 48507.4
-116.60206596778376 36.755027439814015 48508.3
-116.60209066791916 36.755027344605 48509.4
-116.60211537093272 36.75502717158545 48510.5
-116.60214006624652 36.75502694605273 48511.3
-116.602164750649 36.7550266933369 48512.1
-116.60218942831035 36.75502644284263 48513.0
-116.6022140907062 36.75502622607716 48513.7
-116.60223874787457 36.7550260558872 48514.6
-116.60226341367334 36.75502593994847 48515.3
-116.6022881117376 36.75502587735198 48516.4
-116.60231284373464 36.75502587382666 48517.4
-116.60233762544892 36.75502591572696 48518.2
-116.60236246640802 36.755025998882985 48518.8
-116.60238737068448 36.75502611351737 48519.4
-116.60241233940587 36.75502624730639 48520.4
-116.60243736426963 36.75502638663191 48521.5
-116.60246244717032 36.755026519064096 48522.8
-116.602487588193 36.755026631847485 48524.0
-116.60251281150954 36.75502671483143 48524.6
-116.60253809453488 36.755026776382174 48524.7
-116.60256342359082 36.75502682436685 48525.3
-116.60258878507952 36.7550268635832 48526.3
-116.60261417495482 36.75502688575733 48527.4
-116.60263956657266 36.75502688313857 48528.8
-116.60266492510786 36.75502685010374 48530.0
-116.60269021026927 36.75502678839916 48531.0
-116.60271537347175 36.7550267072163 48532.1
-116.6027403901874 36.75502663647223 48533.3
-116.60276523243692 36.755026603083046 48534.2
-116.60278989833816 36.755026628823046 48535.4
-116.60281433109748 36.75502673715747 48536.9
-116.6028385977594 36.75502690994912 48538.3
-116.60286274786532 36.75502713907312 48540.3
-116.6028868369669 36.755027418566165 48542.3
-116.60291090300684 36.75502775335472 48543.4
-116.60293501599648 36.75502813379724 48544.3
-116.60295923011314 36.75502855591073 48545.9
-116.6029835910016 36.75502901505737 48547.3
-116.60300813657192 36.75502950346929 48548.4
-116.60303283422724 36.75502999866201 48549.6
-116.60305764788802 36.75503048019293 48550.8
-116.60308250675106 36.75503092599594 48552.0
-116.60310735579252 36.75503129952678 48553.1
-116.60313213862928 36.75503158689353 48554.7
-116.60315683111924 36.7550317685953 48556.6
-116.60318141418128 36.75503182411303 48558.5
-116.60320597058352 36.75503172274952 48560.2
-116.6032305234768 36.755031519667945 48562.1
-116.60325509155616 36.75503126278915 48564.2
-116.60327971001917 36.75503100007317 48565.7
-116.60330440225952 36.75503078701262 48566.8
-116.60332916997484 36.75503064047526 48568.4
-116.6033540168292 36.75503056061349 48570.3
-116.60337892974412 36.75503053164434 48572.2
-116.60340384623665 36.75503051572884 48574.0
-116.60342868061969 36.75503045140117 48575.9
-116.60345329633094 36.75503029324594 48577.7
-116.60347746014772 36.755030013941216 48579.0
-116.60350079880884 36.75502957716377 48580.0
-116.60363202602746 36.755133140617005 48596.5
-116.60362968884507 36.75515098124814 48617.9
-116.60362788847986 36.75516954414109 48615.8
-116.60362689027257 36.75518847243372 48614.0
-116.60362667285088 36.75520769424476 48609.8
-116.60362721629178 36.755226842987895 48605.9
-116.6036284647632 36.75524571381399 48607.1
-116.60352907953371 36.75536804897848 48604.3
-116.60350725173588 36.75536512138748 48593.5
-116.60348377356956 36.755362412996405 48594.4
-116.60345890060272 36.7553600969048 48594.2
-116.60343300617218 36.75535838955788 48593.5
-116.60340627667624 36.75535731787433 48592.9
-116.60337927134908 36.75535687848383 48592.5
-116.6033523622974 36.7553570406851 48590.7
-116.60332613518516 36.755357795723214 48589.1
-116.60330063245668 36.7553590007832 48587.2
-116.60327618041624 36.75536050680407 48585.0
-116.60325290053947 36.75536217897772 48583.0
-116.60323097136768 36.755363872100965 48581.2
-116.60321013126364 36.755365445749405 48579.0
-116.60319016566136 36.755366794587545 48576.7
-116.60317079547056 36.755367847084365 48574.5
-116.60315157178616 36.75536852493367 48572.1
-116.60313232896576 36.75536883282791 48570.0
-116.60311265103633 36.75536881963044 48568.0
-116.60309229861652 36.7553685341629 48566.6
-116.60307094130386 36.75536801534761 48566.8
-116.60304869187776 36.75536735119724 48565.2
-116.60302557031288 36.755366610714205 48562.6
-116.60300169352864 36.75536585769724 48561.9
-116.6029771806041 36.755365157594575 48562.0
-116.60295224120064 36.7553645568091 48560.1
-116.6029270739037 36.75536407843839 48558.5
-116.60290182592668 36.755363733405815 48557.8
-116.6028766958405 36.755363542561376 48557.4
-116.60285174582124 36.75536349886063 48556.3
-116.6028271015374 36.75536359763896 48555.3
-116.60280282205872 36.75536383522456 48554.1
-116.60277900249775 36.75536421710874 48552.5
-116.60275549012708 36.755364724961495 48551.0
-116.60273223476996 36.75536534068368 48549.5
-116.6027091488848 36.75536605135887 48548.5
-116.60268614935448 36.75536683641557 48547.8
-116.602663105798 36.75536762718826 48546.6
-116.60263997290346 36.755368341433055 48545.0
-116.6026167011808 36.75536891265642 48543.5
-116.60259317451676 36.75536929436577 48541.9
-116.60256948493648 36.7553695199182 48541.6
-116.6025455876335 36.75536964312485 48542.1
-116.60252149902244 36.75536971384225 48541.5
-116.6024972274434 36.75536976896222 48540.1
-116.6024728338412 36.755369820453794 48538.8
-116.60244836959824 36.75536985655116 48538.0
-116.60242387858628 36.75536986752563 48537.3
-116.60239938306212 36.75536985021433 48536.1
-116.60237490661731 36.7553698100367 48534.8
-116.60235044762592 36.75536975076815 48533.1
-116.60232601083035 36.75536967095773 48531.6
-116.60230160129528 36.75536957052779 48531.5
-116.60227722419752 36.755369458632174 48531.6
-116.60225286763864 36.755369350930174 48530.4
-116.60222851814795 36.755369267359086 48529.0
-116.60220417636096 36.75536923722333 48527.9
-116.60217979525994 36.75536927969704 48526.9
-116.60215537727738 36.75536939738293 48526.3
-116.60213092614352 36.7553695728946 48525.8
-116.60210645531 36.75536977432864 48525.2
-116.60208198367762 36.75536996508654 48524.6
-116.60205753417128 36.75537011943569 48523.4
-116.6020331192677 36.75537022785564 48522.7
-116.60200873935636 36.75537029012903 48522.4
-116.60198440059838 36.75537032246712 48521.9
-116.60196007306855 36.75537033559314 48520.7
-116.60193574104918 36.75537032994658 48519.4
-116.60191138417312 36.755370293406365 48518.9
-116.60188702003408 36.7553702216503 48519.0
-116.60186264220648 36.7553701186437 48518.6
-116.60183826081447 36.75536998711369 48518.0
-116.60181388640616 36.755369833716 48516.7
-116.60178952841436 36.75536968217988 48514.9
-116.6017651772938 36.75536956258188 48513.8
-116.6017408227502 36.75536950660948 48513.3
-116.6017164658155 36.75536954662399 48512.8
-116.60169203853276 36.75536967450245 48512.2
-116.60166755461594 36.75536986536817 48511.7
-116.60164300717264 36.755370096385214 48510.8
-116.60161839385025 36.75537034846538 48509.4
-116.60159372787824 36.755370604414345 48508.2
-116.6015690327404 36.755370853586 48507.8
-116.60154432610396 36.75537108712087 48507.4
-116.60151961530693 36.75537129170184 48506.6
-116.6014949244608 36.755371463390304 48505.6
-116.60147025005224 36.755371605632405 48505.0
-116.60144559269328 36.755371724557605 48504.8
-116.60142094668127 36.75537182246834 48504.1
-116.60139631895032 36.7553719046975 48503.2
-116.60137170524868 36.75537197554254 48502.6
-116.60134710765986 36.75537202982478 48502.0
-116.60132251378928 36.75537205036458 48501.4
-116.6012979375226 36.755372024247045 48500.7
-116.60127337165596 36.75537193798534 48500.9
-116.60124882153224 36.75537177395016 48500.9
-116.60122427975377 36.755371515093714 48499.4
-116.60119979370896 36.75537118529704 48498.2
-116.6011753337322 36.75537081766199 48498.2
-116.60115089350036 36.75537044401576 48499.2
-116.6011264803097 36.75537010396539 48501.1
-116.60110205477432 36.75536982914885 48502.9
-116.60107761431271 36.75536963303538 48501.8
-116.601053150639 36.755369518148726 48499.8
-116.60102866990223 36.75536948428047 48499.1
-116.6010041387416 36.755369494569166 48497.3
-116.60097958711088 36.75536950603632 48495.8
-116.60095503556894 36.75536948850036 48495.2
-116.60093049103666 36.755369428502185 48495.9
-116.60090598139136 36.75536933446005 48495.9
-116.60088149213212 36.755369218321285 48493.3
-116.60085700976389 36.75536908923215 48491.8
-116.60083251129656 36.75536895140039 48491.8
-116.60080798301072 36.755368816656286 48491.5
-116.60078340748542 36.75536870419353 48491.3
-116.6007587783828 36.75536863271581 48491.8
-116.60073410515318 36.75536861816649 48492.0
-116.60070938189332 36.75536865219356 48491.1
-116.6006846429472 36.75536871844768 48489.6
-116.60065990369932 36.755368794890266 48488.3
-116.6006351656126 36.75536884237199 48487.3
-116.60061045297128 36.7553688272054 48487.2
-116.6005857487288 36.75536873130087 48487.2
-116.6005610392366 36.7553685494032 48486.8
-116.60053629121872 36.755368282709306 48486.3
-116.60051144109384 36.75536796627551 48486.3
-116.60048668188378 36.755367648993264 48486.7
-116.60046194097777 36.75536737736319 48487.0
-116.60043727706088 36.755367203044926 48486.8
-116.60041263960372 36.75536712693405 48486.2
-116.60038805016588 36.75536712599837 48485.3
-116.60036349987344 36.755367177723485 48485.0
-116.60033897905168 36.75536726241006 48484.5
-116.60031445519436 36.75536735733128 48483.7
-116.6002899174816 36.75536744951513 48482.7
-116.60026534859516 36.755367524961294 48482.0
-116.60024072089794 36.75536756297453 48481.8
-116.60021605910936 36.75536755226896 48481.8
-116.60019136295476 36.75536749295958 48481.3
-116.60016664222422 36.75536739562068 48481.1
-116.60014190672928 36.755367282830456 48480.9
-116.60011716604208 36.755367191653285 48481.3
-116.6000924254741 36.75536715186906 48481.7
-116.60006770124392 36.755367182359365 48482.3
-116.6000430407914 36.7553673087957 48482.8
-116.60001839972227 36.75536753094024 48482.3
-116.59999379298525 36.75536782567851 48481.6
-116.59996920429812 36.75536814681924 48481.6
-116.59994460256804 36.755368431460575 48481.6
-116.5999200117644 36.75536864444701 48480.8
-116.59989542085816 36.7553687796053 48478.9
-116.59987083053628 36.755368843615685 48477.2
-116.59984623477648 36.75536885380989 48476.0
-116.59982164986728 36.75536884820694 48475.7
-116.59979705946336 36.755368852971046 48475.6
-116.59977245766704 36.75536888270741 48475.5
-116.59974783976035 36.75536894034869 48475.2
-116.599723189542 36.755369014957125 48474.8
-116.5996985176106 36.75536910185427 48474.0
-116.59967382840688 36.75536919564527 48473.4
-116.59964912610047 36.75536928415043 48473.0
-116.5996244211602 36.75536935473507 48472.2
-116.59959971044482 36.755369393291765 48471.3
-116.5995749905385 36.75536938642121 48471.2
-116.59955026025484 36.755369334913375 48470.8
-116.59952554351204 36.755369267485406 48470.5
-116.59950083304548 36.75536920987311 48470.1
-116.59947612852696 36.75536918399264 48469.4
-116.59945145066877 36.75536922102352 48468.6
-116.59942675808377 36.75536933640226 48467.8
-116.59940206037498 36.75536953785012 48467.2
-116.59937735412116 36.755369826579575 48466.8
-116.59935265848016 36.75537019817623 48466.2
-116.59932793819628 36.75537062188568 48465.7
-116.59930320959064 36.75537104931005 48465.4
-116.5992784724424 36.755371422474 48465.1
-116.59925369925008 36.75537168618934 48464.7
-116.5992289524742 36.75537183143385 48464.2
-116.59920420786533 36.75537187667695 48463.5
-116.5991794660886 36.75537185353439 48463.0
-116.59915472541148 36.75537180117357 48462.6
-116.59912998917292 36.755371760782 48462.9
-116.59910525074046 36.75537175707954 48463.0
-116.5990805071188 36.7553717929913 48462.8
-116.59905575533296 36.75537185688334 48462.7
-116.59903097404764 36.75537192618404 48462.8
-116.59900615011296 36.755371982911264 48462.0
-116.59898125879712 36.75537201191881 48460.4
-116.5989562528353 36.75537199408004 48459.2
-116.59893117842348 36.75537191019807 48458.1
-116.5989060769875 36.75537175251707 48458.0
-116.59888103329229 36.755371522429535 48458.4
-116.59885620797468 36.75537122490779 48458.2
-116.59883183386644 36.755370891203405 48457.7
-116.59880816198552 36.75537056232526 48457.9
-116.59878552073592 36.75537030010425 48459.0
-116.59866817197 36.755478980008846 48461.1
-116.59866989532036 36.75549521015423 48466.4
-116.59867158555863 36.75551202723028 48463.6
-116.59867318362107 36.75552924477998 48462.0
-116.59867467216354 36.75554667181852 48459.6
-116.59867610376524 36.75556398262116 48459.0
-116.598677580914 36.75558093139704 48458.8
-116.59867922484754 36.75559721983318 48455.8
-116.59878783967604 36.755677174122766 48449.7
-116.59880639861812 36.755675476092144 48443.5
-116.59882614488524 36.75567346125519 48442.6
-116.5988469627798 36.75567130308207 48442.5
-116.59886886909878 36.7556691413432 48443.0
-116.59889150007244 36.75566709740112 48443.5
-116.59891468903744 36.75566523117715 48442.9
-116.59893826534194 36.75566357680537 48442.0
-116.59896214368756 36.755662157908986 48442.0
-116.59898603711892 36.75566094240868 48442.2
-116.59900990167084 36.7556598879752 48442.4
-116.59903366325392 36.75565896945053 48442.8
-116.59905727428738 36.755658182009455 48443.0
-116.59908066642464 36.755657503002254 48443.0
-116.59910388152473 36.75565691234978 48443.2
-116.59912695316676 36.75565639551412 48443.5
-116.59914994042396 36.755655958567765 48443.9
-116.59917285196168 36.75565560849432 48444.4
-116.59919573543912 36.75565534487615 48444.9
-116.59921862709312 36.75565516013962 48445.6
-116.5992415803265 36.755655054158304 48446.1
-116.5992645690943 36.75565501079361 48446.6
-116.59928762195187 36.75565501566489 48447.1
-116.5993107420426 36.75565506299771 48447.5
-116.59933395505196 36.755655152376505 48448.2
-116.59935725111556 36.755655284577536 48448.7
-116.5993806513642 36.75565546583569 48449.1
-116.59940417202824 36.75565569278706 48449.3
-116.5994278588875 36.75565594377164 48449.8
-116.5994517026469 36.75565619307271 48449.9
-116.59947568155496 36.755656432593135 48449.8
-116.59949976238336 36.755656655195885 48450.2
-116.59952391075495 36.7556568488995 48451.1
-116.59954810362586 36.755657013733234 48452.1
-116.59957229615397 36.75565716200492 48453.1
-116.59959644736549 36.755657309854605 48453.2
-116.5996205032476 36.75565746824662 48452.6
-116.5996444379307 36.75565762873277 48452.9
-116.5996682558616 36.7556577728656 48453.9
-116.59969197895242 36.755657877736255 48455.1
-116.5997156158454 36.75565791858246 48456.2
-116.59973924015226 36.755657894138565 48456.7
-116.59976284624663 36.755657810779056 48456.2
-116.59978643566066 36.75565767891735 48456.0
-116.59981000536688 36.75565751847192 48456.4
-116.5998335669484 36.75565736170835 48457.0
-116.599857118737 36.75565722911656 48457.7
-116.59988066995103 36.75565713287388 48458.4
-116.59990424274343 36.75565708918035 48458.3
-116.59992780965428 36.75565709702053 48458.3
-116.5999513781349 36.755657149138 48458.5
-116.59997493923714 36.75565723401598 48458.7
-116.5999985839326 36.75565733681981 48459.5
-116.6000221209924 36.755657440111136 48460.4
-116.60004564811176 36.755657536168414 48460.7
-116.60006916517372 36.75565762184124 48460.8
-116.60009266883328 36.75565769827294 48461.2
-116.60011615750956 36.75565777650959 48461.5
-116.60013961812032 36.7556578680642 48462.0
-116.60016304084664 36.75565797699573 48462.6
-116.60018640045284 36.75565809487322 48462.8
-116.60020969079464 36.75565819144932 48462.9
-116.60023291897784 36.75565823204022 48464.0
-116.60025609730344 36.75565819049926 48464.9
-116.60027922747685 36.75565805209119 48465.6
-116.6003023792566 36.75565785127885 48466.2
-116.60032553365689 36.75565762606072 48466.3
-116.60034868703414 36.75565741227519 48466.1
-116.60037185213038 36.755657252733485 48466.2
-116.60039499139828 36.75565717556056 48466.4
-116.60041811231956 36.75565719688681 48466.3
-116.60044121035352 36.755657321420905 48466.9
-116.60046431215548 36.75565753642552 48467.8
-116.60048740513538 36.75565779042008 48468.6
-116.60051052104816 36.755658048470494 48469.4
-116.6005336543224 36.75565828993901 48469.7
-116.6005567713281 36.755658485522 48469.8
-116.60057989258816 36.755658606630334 48470.4
-116.60060301014566 36.75565863492313 48471.0
-116.60062613375447 36.75565855890211 48471.2
-116.600649245884 36.75565836769371 48471.3
-116.6006723976346 36.75565808653669 48471.4
-116.60069555526806 36.75565774437232 48472.0
-116.60071871766328 36.75565736834398 48472.8
-116.60074189622536 36.75565699401084 48473.1
-116.60076507456584 36.75565666389725 48472.9
-116.60078824246077 36.75565640708593 48472.9
-116.6008113861542 36.75565623284148 48473.3
-116.60083450676144 36.755656128144096 48473.4
-116.60085759170336 36.755656050227394 48474.0
-116.60088066845536 36.75565597367434 48474.9
-116.60090374063118 36.75565589109777 48475.5
-116.60092680614716 36.75565580546273 48476.0
-116.6009498566046 36.75565572687383 48476.3
-116.60097287551332 36.755655669407446 48476.8
-116.60099584813292 36.755655646505815 48477.3
-116.60101876787526 36.755655668968046 48477.9
-116.60104162584904 36.75565572168676 48478.4
-116.60106445958527 36.75565578585297 48478.7
-116.6010872964808 36.755655847593125 48479.4
-116.6011101682992 36.75565589100812 48479.9
-116.60113310669756 36.75565591523666 48480.3
-116.601156103027 36.75565592906996 48480.5
-116.60117914287808 36.755655942528826 48480.8
-116.60120221744506 36.75565596326221 48481.3
-116.60122531512492 36.75565599043228 48482.1
-116.60124844290968 36.75565602224461 48482.7
-116.60127161381776 36.75565605931444 48483.2
-116.6012948445793 36.75565611640456 48483.9
-116.6013180917949 36.75565621745903 48484.0
-116.60134132272864 36.75565638471711 48483.8
-116.60136449997285 36.75565663309187 48483.8
-116.601387610283 36.75565697147427 48484.8
-116.60141062295756 36.755657371024654 48486.1
-116.60143359697749 36.75565779486038 48486.9
-116.60145658299707 36.7556582042161 48487.2
-116.60147962462436 36.755658565263374 48487.6
-116.60150276994784 36.7556588672964 48488.3
-116.60152600648918 36.75565910455148 48488.2
-116.60154932978628 36.75565927303893 48488.7
-116.60157272204312 36.75565937400062 48489.7
-116.6015961811929 36.75565943509064 48490.4
-116.60161966016844 36.755659487909206 48490.7
-116.6016431340716 36.75565956268614 48490.9
-116.60166659361832 36.75565969144027 48491.6
-116.60168999915408 36.75565988222699 48492.2
-116.60171336524056 36.755660129739 48492.7
-116.60173670441816 36.75566041808184 48493.2
-116.60176003774924 36.7556607247554 48493.8
-116.60178339431609 36.755661015894106 48493.9
-116.60180680411646 36.75566126671419 48494.4
-116.60183027847636 36.75566146909358 48495.3
-116.6018538151872 36.75566162576565 48495.9
-116.60187741625684 36.75566175818679 48496.6
-116.60190105703624 36.75566188331416 48497.1
-116.6019247281906 36.755662013826885 48497.9
-116.60194842830224 36.75566216037094 48498.8
-116.60197214253316 36.755662319105525 48499.5
-116.60199587248744 36.75566247805295 48499.8
-116.60201961188427 36.755662620325474 48500.2
-116.60204334014588 36.75566272489368 48501.0
-116.60206706794004 36.75566278701809 48501.9
-116.60209077949412 36.755662813248215 48502.6
-116.60211447318792 36.75566281661376 48503.6
-116.6021381446845 36.75566281320244 48504.8
-116.60216178626774 36.75566282146234 48505.8
-116.60218538025512 36.75566286369944 48506.3
-116.60220891175705 36.75566296834753 48506.6
-116.60223239461948 36.75566317828239 48507.6
-116.60225578590152 36.75566350639188 48508.7
-116.60227913784948 36.75566394567558 48509.4
-116.60230248826056 36.755664470280976 48510.1
-116.60232589247076 36.75566503933063 48511.2
-116.60234938127404 36.755665597827885 48512.1
-116.60237298635792 36.75566611221724 48512.6
-116.60239671061638 36.755666569523925 48513.2
-116.60242053805058 36.75566696572342 48514.4
-116.60244445514056 36.75566731982592 48515.5
-116.60246841817248 36.75566764726034 48516.2
-116.6024924108773 36.755667955693255 48517.2
-116.60251641884578 36.75566824440012 48518.3
-116.60254043481372 36.75566851568185 48519.2
-116.60256444313096 36.755668771486725 48520.2
-116.6025884390273 36.755669006080126 48521.3
-116.60261241546316 36.7556692036484 48522.4
-116.60263640637052 36.75566935166732 48523.6
-116.60266041583309 36.75566943591848 48524.8
-116.60268445124916 36.755669441618025 48525.8
-116.60270849682765 36.755669355584295 48526.9
-116.60273258576883 36.755669203064606 48528.3
-116.60275668260786 36.75566902161029 48529.3
-116.60278077330295 36.75566885013994 48530.1
-116.60280486636796 36.755668731199286 48531.0
-116.60282893901284 36.755668688058485 48532.4
-116.60285301535856 36.75566873305405 48533.5
-116.60287710378908 36.75566886999643 48534.7
-116.60290123174772 36.755669098144246 48536.1
-116.6029253633022 36.75566938434992 48537.5
-116.60294952538072 36.755669696380735 48538.9
-116.60297372673324 36.75567000011701 48539.9
-116.60299796463477 36.755670251903005 48541.2
-116.60302227932053 36.75567043260036 48543.0
-116.60304666196733 36.75567055302177 48544.8
-116.60307110243215 36.75567063899841 48546.5
-116.60309558507612 36.755670716532165 48547.4
-116.60312008649376 36.75567080537442 48548.2
-116.60314459937636 36.75567091617878 48549.8
-116.6031691193338 36.75567105455534 48552.1
-116.60319364594278 36.75567122364659 48553.5
-116.60321816265837 36.75567141239693 48554.3
-116.60324268824468 36.755671603401446 48556.3
-116.60326724497293 36.75567178180359 48558.8
-116.60329186849064 36.75567194296726 48560.4
-116.60331658412326 36.75567210228184 48561.7
-116.60334139871271 36.7556722741568 48562.9
-116.6033663130639 36.755672465507466 48564.7
-116.60339131971256 36.75567267382865 48566.4
-116.60341635166829 36.75567287407517 48567.9
-116.60344132277568 36.75567302675036 48570.1
-116.60346609234612 36.75567308086624 48572.5
-116.603490306692 36.755672967470645 48574.1
-116.60351376522097 36.75567267675852 48574.8
-116.6035360880216 36.75567224244043 48575.6
-116.60364275199106 36.7557617116945 48600.2
-116.60364086242129 36.755778178212175 48606.3
-116.60363926660588 36.75579574662829 48607.6
-116.60363807959487 36.75581418312133 48607.7
-116.60363734635868 36.755833286458376 48604.9
-116.60363713356423 36.75585275891358 48602.0
-116.60363738561192 36.75587238718549 48599.7
-116.60363806336076 36.755891757016485 48599.4
-116.6036391336772 36.755910513509946 48595.1
-116.60354495007525 36.75600188709676 48586.1
-116.6035243769237 36.75599917868679 48587.4
-116.60350219830204 36.755996677635935 48589.9
-116.60347863072236 36.75599456577123 48588.5
-116.60345394557145 36.75599303971532 48585.7
-116.60342825055493 36.75599207329687 48583.7
-116.60340199222908 36.75599160629458 48581.3
-116.6033754319056 36.75599153318624 48578.5
-116.60334890989888 36.755991770945485 48576.4
-116.60332258303517 36.75599221368289 48574.3
-116.6032967107639 36.75599282175613 48572.4
-116.60327143829952 36.75599358885881 48570.9
-116.6032470061871 36.75599451656816 48569.3
-116.60322328023508 36.7559955568792 48567.0
-116.6032002700234 36.75599664982717 48564.6
-116.6031779181001 36.75599773616314 48562.4
-116.6031561551262 36.75599873649011 48560.3
-116.60313479955607 36.75599958716855 48558.1
-116.60311364818612 36.756000245916205 48556.0
-116.60309251866704 36.75600067516233 48553.8
-116.60307112012784 36.75600082215904 48552.2
-116.60304945773808 36.756000717256114 48551.3
-116.60302733887382 36.75600041067203 48550.6
-116.60300468842924 36.75599996558002 48549.3
-116.6029814148682 36.75599945534167 48548.4
-116.6029576374374 36.755998959599246 48547.5
-116.60293344139198 36.75599852523792 48546.6
-116.60290892779018 36.7559981760296 48545.9
-116.6028842050057 36.75599791443632 48545.5
-116.60285938056552 36.75599771790616 48544.9
-116.6028345620976 36.75599759662337 48544.0
-116.60280980806948 36.75599757957355 48543.0
-116.6027852086117 36.755997713030645 48540.8
-116.60276069210865 36.755997986048655 48538.4
-116.6027362877796 36.75599835339656 48536.7
-116.60271198434484 36.75599876420089 48535.4
-116.6026877605196 36.75599918609946 48533.8
-116.6026635688526 36.75599959374862 48531.5
-116.60263937483172 36.755999971162645 48530.9
-116.60261514468492 36.75600031134052 48531.4
-116.602590826509 36.75600061966857 48530.4
-116.6025664156284 36.75600091270329 48528.7
-116.60254191510256 36.75600118874021 48528.1
-116.6025173668514 36.75600142710115 48527.7
-116.60249281547485 36.75600161158568 48526.8
-116.60246832124696 36.75600175391131 48526.7
-116.6024438809066 36.75600186849414 48526.3
-116.6024194916554 36.75600196616201 48524.9
-116.60239514675622 36.75600204964074 48523.3
-116.60237083638548 36.75600211770424 48521.6
-116.6023465475028 36.75600216290333 48520.0
-116.60232227565106 36.756002181625696 48518.8
-116.60229801324748 36.75600217367733 48519.0
-116.60227376812986 36.75600214848605 48518.8
-116.60224952812636 36.75600212374924 48517.3
-116.60222528066164 36.75600212011119 48515.6
-116.60220102147856 36.75600216105353 48514.8
-116.60217671994388 36.756002248536085 48514.1
-116.60215239447818 36.75600236304378 48512.8
-116.602128065371 36.756002476658566 48512.5
-116.60210374498484 36.75600256928297 48512.5
-116.60207944483848 36.75600263894464 48512.1
-116.60205514415858 36.75600269154038 48511.4
-116.60203082030804 36.75600273594075 48510.6
-116.60200644724972 36.75600278346291 48510.0
-116.60198201682353 36.75600283489684 48509.4
-116.60195754164256 36.756002876133486 48508.9
-116.60193304235244 36.75600289155567 48508.5
-116.60190853647674 36.756002867296914 48508.3
-116.60188406330776 36.75600281920331 48508.3
-116.60185961199826 36.75600276876072 48507.8
-116.6018351740374 36.75600273564631 48506.4
-116.60181074297192 36.75600273699367 48504.9
-116.6017862880231 36.75600277440278 48503.9
-116.60176180641989 36.75600284588828 48504.1
-116.60173729051652 36.756002940450685 48503.2
-116.6017127288126 36.75600302906082 48502.6
-116.60168815223902 36.75600307381532 48502.8
-116.6016635772311 36.75600306042233 48503.0
-116.60163901426968 36.756002992987206 48502.9
-116.60161446764458 36.75600288958255 48502.9
-116.60158994475869 36.756002783119214 48502.1
-116.60156543505612 36.75600269852612 48500.5
-116.6015409379059 36.75600265321256 48499.6
-116.60151648067352 36.75600266484571 48498.9
-116.60149203723677 36.75600272911674 48498.9
-116.60146761711394 36.756002825108965 48498.8
-116.60144320284736 36.75600293701523 48498.0
-116.60141876091151 36.75600305166367 48497.2
-116.6013942736408 36.756003161243946 48496.7
-116.60136973807111 36.75600327003698 48495.7
-116.60134515539832 36.756003392761286 48495.9
-116.60132053683532 36.75600354434055 48495.5
-116.60129590056329 36.756003723631714 48494.6
-116.60127128234484 36.75600392117805 48494.1
-116.60124669742842 36.75600412010263 48493.5
-116.6012221395128 36.75600429539071 48493.2
-116.6011976086956 36.75600443500511 48492.9
-116.6011730833944 36.75600453575798 48492.5
-116.60114854753284 36.756004602605806 48491.8
-116.60112396888336 36.7560046419084 48491.1
-116.6010993454822 36.75600465867294 48490.2
-116.60107466973324 36.756004658639576 48490.0
-116.60104994806468 36.75600464957412 48489.8
-116.60102519627452 36.75600465029601 48488.6
-116.60100042900008 36.756004683333245 48488.3
-116.60097566907488 36.75600476133662 48488.9
-116.600950928372 36.756004879983294 48489.8
-116.60092621240103 36.75600501847426 48489.0
-116.60090151361504 36.75600514252434 48487.6
-116.60087683621931 36.75600522893559 48486.6
-116.60085217834748 36.75600526643103 48486.3
-116.60082753588333 36.75600524485845 48486.7
-116.60080294637704 36.75600517321472 48486.4
-116.60077840319028 36.756005064917645 48485.9
-116.60075390645108 36.75600493415608 48485.5
-116.60072945924551 36.75600479391628 48485.7
-116.60070505777476 36.756004649665904 48486.1
-116.60068070581453 36.756004496560976 48485.8
-116.60065640758197 36.75600433298938 48484.9
-116.60063216330948 36.75600416950204 48484.2
-116.60060793643105 36.75600403102317 48483.7
-116.60058369481683 36.75600394605448 48483.8
-116.60055941486354 36.756003937022186 48485.0
-116.60053509842064 36.75600402116941 48485.8
-116.60051071064068 36.75600418567831 48485.4
-116.60048628302596 36.75600441970624 48483.9
-116.600461820457 36.75600470164965 48482.2
-116.60043731771272 36.75600499709884 48480.6
-116.6004127713852 36.75600525936736 48479.2
-116.60038817163203 36.756005449391054 48479.2
-116.60036341164712 36.75600554179099 48478.9
-116.6003387468646 36.75600550919964 48477.0
-116.60031385351212 36.75600536684538 48476.3
-116.60028900628429 36.756005136963374 48476.5
-116.60026411147764 36.75600484539762 48476.3
-116.60023917908369 36.7560045247185 48476.8
-116.60021424208446 36.756004212584685 48477.4
-116.60018931638136 36.75600393682964 48478.2
-116.60016442301018 36.75600371790742 48477.8
-116.60013961655456 36.75600357926356 48476.2
-116.60011486788584 36.7560035244943 48475.6
-116.60009019852144 36.75600354927902 48477.0
-116.60006560414404 36.75600363761404 48477.2
-116.6000410623395 36.75600375151939 48475.8
-116.60001653732736 36.75600383770711 48474.1
-116.59999201241628 36.75600385712529 48472.9
-116.59996747049362 36.75600378470723 48471.5
-116.59994286387784 36.75600360350983 48470.6
-116.59991823501632 36.756003334858086 48470.2
-116.59989355616788 36.75600299757834 48470.0
-116.59986882837693 36.756002610435736 48471.3
-116.59984405226749 36.75600219624225 48472.3
-116.59981925816432 36.75600178450298 48471.9
-116.59979446590155 36.75600139679592 48471.4
-116.5997696986542 36.7560010518438 48471.5
-116.59974499804238 36.7560007803505 48472.6
-116.59972032359364 36.75600059114562 48473.0
-116.59969568814732 36.75600048248087 48472.2
-116.5996710843424 36.7560004454209 48470.8
-116.5996465119616 36.75600046490558 48469.5
-116.59962193453444 36.7560005013702 48468.9
-116.59959735208304 36.75600052098254 48468.5
-116.59957275353464 36.756000497698025 48468.6
-116.59954811422185 36.75600041131439 48468.4
-116.59952347266444 36.75600026412648 48467.9
-116.59949882484926 36.75600006837632 48468.0
-116.5994741827879 36.75599984070235 48468.8
-116.59944955965554 36.75599960044931 48469.5
-116.59942495947384 36.755999372077206 48468.4
-116.59940037938269 36.7559991698954 48466.9
-116.59937581524582 36.75599899745851 48466.6
-116.59935126604071 36.755998855022014 48466.2
-116.59932669944097 36.755998730216696 48465.1
-116.59930210220152 36.75599860761556 48464.0
-116.59927746394412 36.75599847237151 48463.5
-116.5992527698899 36.75599830990299 48463.2
-116.59922804874294 36.755998112118405 48463.4
-116.59920330248428 36.75599787762758 48463.8
-116.5991785376892 36.75599760585928 48463.2
-116.59915375654684 36.755997289698016 48461.7
-116.59912899872424 36.75599694306192 48460.8
-116.5991042604294 36.755996588969545 48461.7
-116.599079532784 36.75599625539097 48463.1
-116.59905480193576 36.75599596079199 48462.4
-116.59903002543666 36.75599569583307 48461.7
-116.59900519630472 36.75599545326239 48462.2
-116.59898029648066 36.755995236445365 48462.4
-116.5989553096602 36.75599505519654 48461.4
-116.5989302419137 36.75599490367143 48460.6
-116.5989051537639 36.75599477050315 48460.0
-116.59888014059096 36.755994641116736 48459.7
-116.59885541340807 36.75599450058037 48459.4
-116.5988312133132 36.755994346295374 48458.0
-116.59880782961076 36.75599420060875 48457.5
-116.59878560053656 36.75599411063102 48458.5
-116.59868176418796 36.75610046268152 48463.9
-116.59868362514976 36.75611541674192 48462.3
-116.5986852934106 36.75613051657747 48460.5
-116.59868670000913 36.75614550017325 48457.8
-116.5986877574136 36.75616011834119 48453.7
-116.59868845261616 36.75617408507281 48451.7
-116.59880356271104 36.7562871963286 48446.7
-116.59882384977126 36.75628773096504 48442.3
-116.59884466723288 36.75628793673263 48441.6
-116.59886599181311 36.75628787413917 48441.2
-116.59888767315844 36.75628758342648 48441.1
-116.59890969103384 36.75628711872549 48440.9
-116.59893206006365 36.75628655886206 48440.5
-116.59895469899423 36.75628600772745 48439.7
-116.59897749580594 36.75628552561472 48439.5
-116.5990003621403 36.7562851451432 48439.9
-116.59902323364824 36.75628489013543 48440.1
-116.59904598511773 36.75628473113228 48440.5
-116.59906863092968 36.75628462990735 48441.4
-116.59909117554416 36.75628455927233 48442.1
-116.5991136287474 36.75628450173724 48442.4
-116.59913603106696 36.756284434681874 48442.4
-116.59915842236654 36.75628433969424 48441.9
-116.59918082809692 36.75628421129096 48442.4
-116.59920327273052 36.75628405388077 48443.4
-116.59922578104904 36.756283887903216 48443.7
-116.59924835806908 36.75628372220015 48444.1
-116.59927101645856 36.75628355264051 48444.5
-116.59929377373945 36.75628337342764 48444.8
-116.59931662554328 36.7562831871686 48445.2
-116.59933956156031 36.756283006524654 48445.5
-116.59936257065073 36.75628284929618 48445.4
-116.5993856465494 36.756282733494245 48445.2
-116.59940873753396 36.75628265186048 48445.8
-116.5994318463096 36.7562825928452 48446.6
-116.59945497484864 36.75628254516609 48447.3
-116.5994781353758 36.756282504256895 48448.3
-116.59950132802167 36.75628247099088 48448.8
-116.59952455452876 36.7562824528284 48448.6
-116.5995478093646 36.75628246459312 48448.7
-116.59957109763512 36.75628253327193 48449.6
-116.59959435686848 36.75628267440164 48450.1
-116.59961756517964 36.7562828994915 48449.9
-116.59964068783268 36.75628321163112 48450.3
-116.5996637142004 36.75628360658484 48450.8
-116.59968662784529 36.75628405309764 48450.8
-116.59970947253628 36.75628452145749 48451.6
-116.59973227950648 36.75628497869776 48452.6
-116.5997550582214 36.75628539479258 48453.0
-116.59977785158472 36.75628575962336 48453.0
-116.59980065216646 36.75628607463453 48453.3
-116.59982345647433 36.75628634497616 48453.8
-116.59984625347668 36.756286564373504 48454.5
-116.5998690841198 36.756286727154254 48455.5
-116.599891955817 36.756286829343225 48456.7
-116.59991488934108 36.7562868720516 48456.8
-116.59993789177868 36.75628685737945 48456.3
-116.59996097624928 36.75628680316376 48456.1
-116.5999841201434 36.75628672255141 48456.5
-116.60000731296688 36.75628663052159 48456.8
-116.60003055111738 36.75628654834308 48456.9
-116.60005380406233 36.75628649636121 48457.4
-116.600077156275 36.756286488418326 48457.5
-116.60010031879963 36.75628653316776 48457.9
-116.60012366971682 36.756286636441736 48458.4
-116.60014690609452 36.756286779002046 48458.9
-116.60017014749164 36.7562869483354 48459.3
-116.600193413163 36.75628713376244 48460.2
-116.6002167369769 36.75628734077043 48460.3
-116.60024010214772 36.756287581792975 48460.0
-116.600263506297 36.75628786600669 48460.1
-116.60028695287828 36.75628818946902 48460.4
-116.6003104802234 36.756288543536485 48461.4
-116.60033409425336 36.756288907840094 48462.0
-116.60035780702076 36.75628926333216 48461.9
-116.60038158654608 36.75628960481222 48461.1
-116.600405351662 36.7562899300825 48460.6
-116.60042903146037 36.756290231356 48461.5
-116.60045258890644 36.75629048938337 48462.5
-116.60047603430348 36.75629067907349 48462.8
-116.60049938067893 36.75629076194235 48463.6
-116.60052275806436 36.75629073958862 48464.2
-116.60054616828148 36.75629063689716 48464.2
-116.60056962062824 36.75629048642712 48464.0
-116.60059312727512 36.7562903257551 48463.9
-116.60061666937035 36.756290195035206 48464.5
-116.60064023065658 36.7562901245004 48465.0
-116.60066379233989 36.75629013734186 48465.3
-116.6006873600586 36.75629026342041 48465.8
-116.60071086546333 36.75629050100294 48466.6
-116.60073432543533 36.75629085116337 48466.9
-116.60075773448057 36.75629130036934 48467.1
-116.60078110446068 36.75629182744933 48467.4
-116.6008044125551 36.75629238698381 48467.5
-116.60082769058614 36.75629293799125 48467.8
-116.600850952034 36.75629345119513 48467.9
-116.60087419562647 36.75629389990368 48468.5
-116.6008974858384 36.75629427333467 48469.3
-116.60092083576778 36.75629455900072 48469.6
-116.60094426722472 36.75629475086857 48469.6
-116.60096778302936 36.75629484696505 48469.6
-116.6009914076238 36.75629487908533 48470.3
-116.60101510291037 36.756294872871486 48470.7
-116.60103885379564 36.75629484739358 48470.7
-116.60106264160932 36.7562948129079 48471.1
-116.60108644598073 36.7562947765132 48471.8
-116.60111025347902 36.75629474272552 48472.0
-116.60113406043985 36.75629471656812 48472.0
-116.60115787621211 36.7562947024706 48472.2
-116.60118169778896 36.75629470471421 48472.3
-116.60120552412026 36.75629473229026 48472.4
-116.60122935332429 36.75629479486328 48472.9
-116.6012531999162 36.75629489536748 48473.3
-116.60127706683105 36.756295009804646 48473.6
-116.60130099074983 36.756295106966455 48473.8
-116.60132499293118 36.75629516125064 48473.9
-116.60134906796436 36.75629515731947 48474.1
-116.60137321730836 36.756295110043766 48474.6
-116.60139740894508 36.75629504267711 48474.9
-116.60142162669644 36.75629498164116 48475.1
-116.601445872301 36.75629495910265 48475.3
-116.6014701133984 36.75629498893521 48475.7
-116.60149436633256 36.75629507060263 48476.4
-116.60151863953078 36.75629519920268 48476.3
-116.601542944215 36.75629536814768 48476.0
-116.60156725538404 36.75629555657844 48476.3
-116.6015915758386 36.75629574652397 48476.6
-116.60161590662904 36.756295920038646 48476.5
-116.60164024321516 36.75629605178614 48477.1
-116.601664611289 36.756296125084845 48477.6
-116.60168900895874 36.7562961266736 48478.1
-116.6017134405014 36.756296057549086 48478.6
-116.601737902276 36.756295923595744 48478.3
-116.60176242300346 36.75629575139262 48477.7
-116.60178698648694 36.75629556604367 48478.3
-116.60181158939734 36.75629538920352 48478.6
-116.6018362408042 36.756295244962175 48478.3
-116.60186091481098 36.75629513971549 48478.4
-116.60188562178044 36.756295073943726 48478.9
-116.60191036803704 36.75629504852908 48479.7
-116.60193518279812 36.75629507256598 48480.0
-116.60196004681517 36.75629514295225 48479.8
-116.60198497311696 36.75629525862713 48480.2
-116.60200995652822 36.75629541494798 48480.4
-116.60203497751932 36.75629559715318 48479.8
-116.60205998409025 36.75629577583141 48480.4
-116.60208494007664 36.75629592961868 48481.2
-116.60210980603364 36.7562960384012 48481.3
-116.602134539583 36.75629608948885 48481.4
-116.60215918926984 36.75629610615216 48481.8
-116.60218375632503 36.75629611435932 48482.3
-116.60220825183563 36.75629613571483 48482.8
-116.60223268732769 36.75629619474356 48482.8
-116.60225706464648 36.756296292075646 48483.1
-116.60228142201044 36.75629641134022 48483.4
-116.6023057941789 36.75629653277123 48483.7
-116.60233021203445 36.75629664228195 48484.3
-116.60235468792465 36.756296743114085 48484.9
-116.60237920702436 36.75629685065606 48485.3
-116.60240374721472 36.7562969821081 48485.7
-116.6024282983006 36.75629715874325 48486.5
-116.60245283070024 36.7562973808316 48487.0
-116.60247736322512 36.75629763415495 48487.0
-116.60250190769928 36.75629788963874 48487.1
-116.60252646590985 36.7562981011808 48487.8
-116.60255106972438 36.75629824839352 48488.3
-116.60257570133275 36.75629832951776 48489.1
-116.60260035035144 36.756298354887136 48489.7
-116.60262498714712 36.75629834179712 48490.2
-116.60264959658424 36.75629831511534 48490.8
-116.6026741532211 36.756298291580016 48491.1
-116.602698649585 36.75629828219734 48491.4
-116.60272308721268 36.75629829198564 48492.4
-116.602747484728 36.75629831416937 48493.8
-116.602771869765 36.7562983429566 48495.1
-116.60279626367684 36.75629837572106 48495.7
-116.6028206820478 36.75629841719644 48496.2
-116.60284510892716 36.756298475325 48496.9
-116.60286952988892 36.75629855953333 48497.6
-116.6028939286674 36.756298678639766 48498.6
-116.60291829463138 36.756298842695024 48500.0
-116.60294259702344 36.75629904651272 48501.0
-116.60296683752917 36.75629927640171 48501.8
-116.60299101509858 36.75629950754302 48502.9
-116.60301511782932 36.756299710107655 48504.0
-116.6030391782148 36.75629987248493 48505.2
-116.60306319480688 36.75629999025217 48506.7
-116.60308716785424 36.75630006574119 48508.2
-116.60311108013248 36.75630010508152 48509.6
-116.60313495227676 36.75630012449366 48511.0
-116.60315878284716 36.756300131900296 48512.8
-116.60318258145313 36.75630013427834 48513.9
-116.60320636409487 36.75630013242069 48515.3
-116.60323016620713 36.756300119240926 48517.1
-116.6032540155134 36.75630008717301 48518.7
-116.60327793753716 36.75630002884936 48520.4
-116.60330195635984 36.75629993317391 48522.4
-116.60332609290148 36.75629979478786 48524.0
-116.60335033531248 36.75629960604706 48525.2
-116.60337466807788 36.75629935460083 48526.9
-116.60339903160998 36.756299010412576 48528.9
-116.60342339101996 36.756298557040346 48530.8
-116.60344761122424 36.75629797046995 48532.8
-116.60347152594316 36.75629722388621 48535.0
-116.603494733611 36.75629628920492 48537.1
-116.60351708161404 36.75629522433447 48537.8
-116.6035381950296 36.7562941393192 48537.1
-116.60355776115166 36.75629318764804 48537.6
-116.60363758208877 36.7563993434056 48568.9
-116.60363594985516 36.7564146478981 48565.4
-116.60363458478352 36.75643005036835 48560.7
-116.603633577566 36.75644519307336 48555.5
-116.60363301253146 36.75645981922517 48552.1
-116.60363285055196 36.75647403773387 48548.6
-116.60363305352514 36.756487720568025 48542.0
-116.60363357612488 36.75650084078081 48534.9
-116.60363436725088 36.75651328166903 48532.5
-116.60349430850812 36.75662251234296 48515.3
-116.60347195216735 36.756621457649416 48487.4
-116.60344850981984 36.756620591973245 48485.7
-116.60342425633668 36.75662004412881 48483.2
-116.60339939046315 36.75661981768918 48480.7
-116.6033742426346 36.756619877644965 48477.4
-116.60334901084283 36.7566201796112 48474.7
-116.603323929391 36.75662069690157 48472.5
-116.60329902048689 36.75662137251169 48470.9
-116.60327440060638 36.756622155953934 48468.8
-116.60325013454502 36.756622996817846 48466.6
-116.6032263393068 36.756623842628656 48464.4
-116.60320299160944 36.75662464659558 48462.3
-116.60318004768216 36.7566253718348 48459.7
-116.60315743565916 36.75662599077161 48457.3
-116.60313501937571 36.75662646905716 48455.0
-116.60311269188944 36.756626806247176 48453.8
-116.60309026966756 36.75662701558221 48452.8
-116.60306764286292 36.756627110762444 48452.7
-116.60304467051328 36.756627085740966 48452.8
-116.60302142880056 36.75662695046334 48452.4
-116.60299792943232 36.75662672336503 48452.0
-116.60297422083411 36.75662643903038 48452.0
-116.6029503490618 36.75662614347984 48451.6
-116.60292637293956 36.7566258759915 48450.9
-116.60290232735896 36.75662565245812 48450.2
-116.60287823259536 36.756625485787055 48449.9
-116.60285411125896 36.756625396063626 48449.6
-116.60282992593405 36.75662538439843 48449.5
-116.60280569991453 36.75662544474987 48449.9
-116.60278145534156 36.75662557011093 48450.4
-116.60275724229228 36.756625755753184 48451.9
-116.60273306630044 36.756625977783294 48452.8
-116.60270895729336 36.75662621543661 48452.6
-116.602684918117 36.75662644958264 48451.8
-116.6026609360852 36.756626654392 48451.8
-116.6026370009012 36.756626817424525 48452.1
-116.60261307399608 36.756626934198174 48452.7
-116.60258911975316 36.756626998402645 48454.0
-116.60256506981835 36.756626995616784 48455.8
-116.60254094080504 36.75662692676419 48457.1
-116.6025167143745 36.756626797492366 48457.9
-116.60249240035397 36.75662662092224 48458.8
-116.60246800723206 36.75662641012372 48460.1
-116.60244358074232 36.75662618221804 48461.2
-116.60241914059031 36.75662595076388 48462.2
-116.60239471010476 36.756625730678806 48463.7
-116.60237032613308 36.75662554739515 48464.4
-116.60234597153604 36.756625421177695 48464.6
-116.6023216564602 36.75662536338916 48464.9
-116.602297375025 36.75662537822152 48466.0
-116.6022731248654 36.756625459956254 48466.9
-116.60224885097804 36.75662557369184 48467.4
-116.60222455014345 36.75662568757864 48467.6
-116.60220021081211 36.756625782211565 48468.3
-116.60217582189853 36.75662585440539 48468.7
-116.60215140391824 36.75662592156772 48469.4
-116.6021269580384 36.7566260036526 48470.6
-116.60210249102548 36.756626113918045 48471.3
-116.60207801085392 36.75662625887033 48471.7
-116.60205350584047 36.75662642288548 48472.5
-116.60202898869947 36.75662658372989 48473.5
-116.60200446052896 36.75662673011089 48474.0
-116.60197991761632 36.756626861566446 48474.2
-116.60195536680632 36.75662698831988 48474.1
-116.60193081183348 36.75662711230715 48474.4
-116.60190626563522 36.75662722234168 48474.8
-116.6018817378026 36.75662729260888 48475.3
-116.60185727080062 36.756627308757146 48475.9
-116.60183286380196 36.75662726329448 48476.5
-116.60180851821806 36.756627154341615 48477.3
-116.60178422423716 36.756626990570965 48478.4
-116.60175997405736 36.75662681274376 48479.3
-116.60173572063157 36.75662665809679 48480.7
-116.60171143441252 36.75662654281459 48483.3
-116.60168710371168 36.75662647083232 48486.3
-116.60166271120151 36.75662642863647 48487.1
-116.60163826695772 36.75662640110573 48485.6
-116.60161377304372 36.75662637297695 48484.5
-116.60158921904824 36.75662632429213 48485.7
-116.60156462904835 36.7566262422249 48487.4
-116.60153999489528 36.75662613233564 48486.5
-116.60151530666484 36.75662601032185 48486.2
-116.60149056044088 36.75662591004541 48485.4
-116.60146574377934 36.75662587471516 48484.9
-116.60144087647105 36.75662593155423 48485.3
-116.60141598221068 36.75662607850165 48487.1
-116.6013911196252 36.7566263065043 48486.3
-116.6013662928496 36.756626596648346 48484.7
-116.60134154449992 36.7566269398885 48484.1
-116.60131689270432 36.75662733169703 48483.9
-116.6012923676556 36.75662776532632 48483.0
-116.60126793344 36.75662821197488 48481.8
-116.6012435768972 36.756628643526895 48480.5
-116.6012192572462 36.756629037195296 48479.6
-116.60119489507947 36.756629365752005 48479.2
-116.60117048943 36.75662962970547 48480.2
-116.60114601325628 36.75662984637732 48481.9
-116.6011214767078 36.756630037699935 48483.1
-116.6010969067572 36.756630229819685 48482.9
-116.60107233264662 36.75663043666634 48482.4
-116.60104777901232 36.75663066117574 48482.3
-116.60102326066688 36.756630903405885 48481.8
-116.6009987923061 36.75663116594226 48481.1
-116.6009743511298 36.75663144454519 48480.6
-116.6009499252212 36.75663172086272 48480.2
-116.60092549955743 36.75663196205184 48480.2
-116.60090103992832 36.75663212972077 48480.4
-116.6008765728172 36.7566322181362 48480.5
-116.60085206910932 36.75663223570161 48480.3
-116.60082752498728 36.75663219543644 48480.0
-116.60080293736172 36.75663211640076 48479.9
-116.60077833063048 36.756632034511966 48479.9
-116.60075370229012 36.75663197547614 48479.4
-116.60072906376436 36.75663195684767 48478.8
-116.60070444385572 36.756631993142896 48478.6
-116.60067983345536 36.75663207500912 48478.9
-116.60065525780875 36.75663218077233 48479.0
-116.60063072249828 36.75663227809912 48478.8
-116.60060621466944 36.756632321667766 48478.3
-116.60058176100588 36.75663228592047 48477.3
-116.60055733946608 36.75663216375818 48477.0
-116.60053293534024 36.75663196245685 48477.3
-116.60050852414848 36.756631705953765 48477.5
-116.60048410873604 36.75663145339385 48478.3
-116.60045967379068 36.75663125574265 48478.4
-116.60043522875722 36.756631144255714 48477.9
-116.60041081682968 36.75663113829554 48477.5
-116.60038640355069 36.75663121429433 48476.4
-116.60036201481148 36.756631342240745 48474.7
-116.60033762452473 36.756631488801645 48473.6
-116.60031317690564 36.75663161693984 48473.9
-116.60028866730488 36.7566317043463 48474.4
-116.60026408094645 36.756631743002686 48473.7
-116.600239415622 36.75663172831964 48473.3
-116.60021455747336 36.756631656990365 48473.7
-116.60018975533924 36.756631545567735 48473.6
-116.60016492707788 36.75663141063998 48473.4
-116.60014010667774 36.75663126789702 48473.1
-116.60011532407188 36.75663112188551 48473.3
-116.60009059117615 36.756630972993285 48473.0
-116.6000659034487 36.756630824143 48472.5
-116.600041250893 36.75663068210795 48472.2
-116.6000166249312 36.756630562917394 48471.7
-116.59999197657925 36.75663047562077 48471.3
-116.59996727861152 36.75663042808964 48471.1
-116.59994250893848 36.75663043278527 48471.5
-116.59991766334952 36.75663050634188 48471.8
-116.5998927295592 36.756630639877386 48471.8
-116.599867750182 36.756630817468405 48471.4
-116.59984275021048 36.75663102165148 48470.3
-116.59981775973428 36.75663123105924 48469.3
-116.59979280606592 36.75663142355076 48469.1
-116.59976790656084 36.75663158429484 48468.0
-116.5997430693902 36.75663170809468 48466.9
-116.5997182915518 36.75663179263183 48466.9
-116.59969357330904 36.75663184569315 48466.7
-116.59966889143972 36.75663187450856 48465.9
-116.59964423607198 36.75663187906719 48465.5
-116.5996196020812 36.75663185403496 48465.1
-116.5995949996149 36.75663180639442 48464.5
-116.59957042441856 36.75663174681869 48464.0
-116.59954588266902 36.756631689192496 48463.7
-116.59952139340764 36.756631648875214 48463.6
-116.59949693982932 36.75663163437527 48463.8
-116.59947250864428 36.75663165360697 48463.5
-116.59944807594692 36.756631711480175 48462.0
-116.59942361935026 36.756631806506064 48460.8
-116.59939910559798 36.756631919740016 48460.9
-116.59937453847346 36.75663203568439 48460.7
-116.59934991649236 36.75663214273428 48460.7
-116.59932522839388 36.75663222923404 48460.2
-116.599300492136 36.756632291716585 48459.8
-116.59927570759424 36.7566323290594 48459.1
-116.59925088123374 36.756632343755136 48458.4
-116.59922602050553 36.7566323399288 48457.7
-116.5992011484268 36.756632329987575 48457.4
-116.5991762700626 36.7566323345532 48457.2
-116.59915138262204 36.75663237674904 48456.8
-116.59912649722123 36.75663248216812 48456.6
-116.59910157769248 36.75663264809919 48456.3
-116.59907663607449 36.75663285337309 48454.9
-116.5990516706925 36.75663306290672 48454.0
-116.5990266687598 36.75663323702568 48453.4
-116.59900164928892 36.75663335041432 48452.1
-116.59897660504268 36.75663338810308 48451.4
-116.59895153979552 36.75663334716835 48451.4
-116.59892646411885 36.75663322564107 48450.7
-116.59890148005664 36.75663305480366 48449.3
-116.59887668447784 36.75663286699446 48449.7
-116.59885225988712 36.75663268868553 48450.6
-116.59882860133776 36.75663254055621 48450.5
-116.5988059916449 36.75663245501197 48451.7
-116.59884985162996 36.756928147275126 48442.8
-116.59887118261376 36.75692537225435 48435.8
-116.59889357235284 36.75692281075918 48436.1
-116.59891650245454 36.75692061381404 48435.0
-116.59893985349817 36.75691880886389 48433.9
-116.598963447354 36.756917396805065 48434.1
-116.59898718464268 36.75691635505912 48435.1
-116.59901075671432 36.75691555346227 48436.0
-116.5990341802165 36.75691487588372 48436.1
-116.5990574237373 36.75691425196369 48435.7
-116.59908046810656 36.75691365755852 48435.8
-116.59910333478211 36.75691310230948 48436.4
-116.59912605140462 36.75691260651104 48436.8
-116.59914863167252 36.756912205580726 48437.0
-116.59917111992962 36.75691195960309 48437.1
-116.59919345897744 36.75691189165751 48437.2
-116.59921571953689 36.75691200164549 48436.7
-116.5992379495032 36.756912271685934 48436.9
-116.59926025983304 36.75691268619196 48438.0
-116.59928266155912 36.75691320050432 48439.0
-116.59930524543216 36.75691378960536 48439.3
-116.59932804580237 36.7569144364041 48439.0
-116.59935111942332 36.756915122383866 48438.9
-116.59937442772268 36.75691582317214 48439.4
-116.59939795386632 36.75691651713037 48440.0
-116.59942167862962 36.75691717698908 48439.8
-116.59944557361489 36.75691775700805 48439.6
-116.59946965100433 36.75691822514894 48440.8
-116.599493872646 36.756918562333766 48442.1
-116.599518220395 36.75691875686602 48441.6
-116.59954264011112 36.75691878859756 48441.4
-116.59956716314936 36.75691868649904 48441.8
-116.5995917154038 36.756918488992326 48440.8
-116.5996162662831 36.75691824192291 48440.6
-116.5996407946726 36.75691799530536 48441.2
-116.59966527988011 36.75691779204248 48441.9
-116.5996897210878 36.756917646183744 48442.3
-116.59971412473416 36.756917552569135 48442.9
-116.59973849607933 36.756917493126544 48443.1
-116.59976283883027 36.75691743414819 48443.4
-116.59978717973075 36.756917351290525 48444.4
-116.59981153516578 36.75691723805184 48445.2
-116.59983591700826 36.756917109374 48445.1
-116.59986031804112 36.75691699859653 48445.1
-116.5998847185142 36.7569169338181 48445.5
-116.59990910736832 36.756916937213965 48446.2
-116.59993350129676 36.756917029945456 48446.4
-116.59995785856668 36.75691720347204 48446.4
-116.59998220650384 36.75691743739026 48446.9
-116.60000655507676 36.75691770659736 48447.7
-116.60003092720048 36.75691798555612 48448.3
-116.6000553351334 36.75691825448458 48448.4
-116.60007978058567 36.75691849282768 48448.4
-116.6001042523127 36.75691868126856 48449.0
-116.60012870768968 36.756918801310405 48449.8
-116.60015314235532 36.75691886180834 48450.0
-116.6001775146996 36.756918876819725 48450.0
-116.60020180970622 36.75691885877013 48449.8
-116.60022601026564 36.75691880774422 48450.6
-116.6002501628559 36.75691872399352 48451.4
-116.60027428570136 36.756918606134576 48451.8
-116.60029839748084 36.75691845482916 48451.8
-116.60032250583365 36.75691827736362 48451.7
-116.6003466214167 36.7569180912982 48451.9
-116.60037082396002 36.756917914765566 48452.1
-116.60039491346734 36.756917768861314 48452.3
-116.6004189934004 36.75691768061781 48452.5
-116.60044301767029 36.7569176609796 48452.2
-116.6004669735408 36.75691771254368 48452.0
-116.60049083417718 36.75691782648524 48452.5
-116.6005145690672 36.756917990699066 48453.2
-116.6005381643541 36.75691817766388 48453.5
-116.6005616464312 36.75691835777212 48453.3
-116.60058504536904 36.7569185036296 48452.6
-116.60060838078446 36.75691860253795 48452.3
-116.60063170977855 36.7569186688642 48452.8
-116.60065504634676 36.75691871275016 48452.8
-116.60067841446453 36.75691873298016 48452.6
-116.60070183300672 36.75691872304255 48452.8
-116.60072531300014 36.75691869196898 48452.5
-116.60074883429672 36.756918653839286 48452.0
-116.60077237716644 36.75691863041527 48452.0
-116.6007959435194 36.756918653105295 48451.6
-116.60081950130576 36.75691874500346 48450.9
-116.60084306737104 36.756918925664415 48450.3
-116.60086664666956 36.75691920690392 48450.0
-116.60089026825436 36.756919589227245 48450.1
-116.6009138837542 36.75692004085892 48449.9
-116.60093750968836 36.75692053539676 48449.3
-116.60096113963031 36.7569210447838 48448.8
-116.6009847578675 36.75692153139951 48448.7
-116.60100837839424 36.756921962731575 48448.1
-116.60103199111488 36.75692230963095 48447.4
-116.60105559418948 36.75692254491161 48446.7
-116.6010791544242 36.756922640131165 48446.4
-116.60110274716315 36.756922619019576 48446.3
-116.60112633867764 36.75692251922352 48445.5
-116.60114992638404 36.75692238234167 48444.7
-116.60117351027873 36.75692224868857 48444.2
-116.60119707563568 36.75692214665287 48444.1
-116.60122062418212 36.75692209376472 48443.6
-116.6012441580492 36.7569221032471 48442.3
-116.60126770524406 36.75692218484666 48441.1
-116.60129126066973 36.756922324483966 48440.4
-116.6013148764962 36.75692251105857 48439.9
-116.6013385883827 36.75692273420067 48439.2
-116.60136244368806 36.75692297878054 48438.1
-116.60138643633816 36.75692321728169 48437.1
-116.60141057033113 36.75692342157031 48436.0
-116.6014348323986 36.75692356696431 48435.7
-116.6014591791826 36.756923630848654 48434.9
-116.60148359295589 36.756923620081615 48433.6
-116.60150801121452 36.756923548996106 48432.5
-116.60153239789705 36.75692344128431 48431.5
-116.60155673231176 36.75692333034765 48430.3
-116.60158102652528 36.7569232534708 48428.5
-116.60160530375312 36.75692323580133 48427.4
-116.60162958790671 36.7569232888298 48427.1
-116.6016539221598 36.756923411221365 48426.1
-116.60167830223295 36.75692356210467 48424.7
-116.60170275465197 36.75692370525412 48423.3
-116.60172726789855 36.75692381680975 48421.9
-116.6017517975628 36.75692387968797 48420.7
-116.60177631757084 36.75692390253307 48418.8
-116.6018007780394 36.75692390150233 48416.8
-116.60182515920611 36.75692389005523 48414.6
-116.60184945170316 36.75692386995141 48413.1
-116.60187369054862 36.756923832219655 48411.9
-116.60189788735644 36.756923774442406 48409.7
-116.6019220424688 36.75692370391632 48407.1
-116.60194615006898 36.75692362649951 48405.1
-116.60197023492532 36.75692354327301 48402.7
-116.60199431992396 36.75692344690958 48400.4
-116.60201842816667 36.75692332603823 48397.9
-116.6020425775642 36.756923170176506 48395.2
-116.60206679375864 36.756922983993306 48392.6
-116.60209107496884 36.756922775290015 48389.9
-116.60211542339805 36.75692255373541 48387.0
-116.60213984309308 36.756922328201206 48384.4
-116.60216431517604 36.756922108077234 48381.5
-116.60218882929712 36.75692189320036 48378.3
-116.60221337420934 36.7569216806719 48374.9
-116.60223793167908 36.756921463927405 48371.7
-116.60226248255556 36.75692123415712 48368.2
-116.60228700794012 36.75692098442151 48364.8
-116.60231149071537 36.7569207146291 48361.0
-116.60233591354728 36.75692043382721 48357.3
-116.60236028504282 36.756920159526814 48353.8
-116.602384613126 36.75691990426781 48349.9
-116.60240891284369 36.756919675263006 48346.1
-116.60243320724332 36.756919474873456 48342.7
-116.60245750236056 36.75691929680888 48338.8
-116.60248181306864 36.75691914186397 48334.7
-116.60250613850212 36.75691901225036 48331.0
-116.60253047045708 36.75691891218307 48327.0
-116.6025547691272 36.75691883737047 48322.8
-116.60257901728544 36.75691877952761 48318.5
-116.60260319466732 36.75691872572708 48314.8
-116.60262727591277 36.756918657106965 48311.3
-116.60265129111114 36.75691855923514 48308.2
-116.60267525978028 36.75691841867188 48305.7
-116.60269920471436 36.7569182245966 48302.4
-116.6027231290019 36.756917969438646 48298.2
-116.6027470752354 36.7569176704304 48294.1
-116.60277103449916 36.75691734566136 48291.1
-116.60279500727168 36.75691700970796 48288.2
-116.60281899521064 36.75691667265212 48285.5
-116.6028429925019 36.75691633945576 48283.3
-116.60286700300452 36.75691600567508 48281.1
-116.6028910309566 36.75691566909883 48278.4
-116.60291508127284 36.756915330880574 48276.4
-116.6029391517453 36.75691500061539 48275.0
-116.60296323535876 36.756914697826765 48272.6
-116.60298732093663 36.756914448557325 48270.2
-116.60301141578093 36.756914287321365 48268.0
-116.60303546818734 36.75691421754173 48266.5
-116.6030595009492 36.75691423569591 48265.7
-116.60308351586336 36.75691433723234 48265.0
-116.60310753442128 36.756914520605136 48264.7
-116.60313153491104 36.75691476365953 48265.2
-116.60315555006036 36.756915048899536 48265.9
-116.6031795869954 36.75691535840094 48266.5
-116.60320364546088 36.756915670272114 48267.8
-116.60322772976944 36.75691596007096 48270.3
-116.60325184474148 36.7569162188041 48273.4
-116.60327599255412 36.756916448922674 48277.1
-116.60330017751374 36.75691665128316 48281.3
-116.603324419303 36.75691683265912 48285.5
-116.60334872280475 36.75691699544969 48290.1
-116.60337309118827 36.75691713505768 48295.1
-116.60339749769857 36.75691723633718 48300.7
-116.60342190270036 36.756917284234206 48307.0
-116.60344619652912 36.756917265675085 48313.3
-116.60347023475283 36.7569171703348 48320.7
-116.60349370837956 36.75691699504391 48328.3
-116.6035164115454 36.75691677971575 48334.9
-116.6035380258689 36.75691658997388 48340.6
-116.60355824162588 36.75691652788791 48344.7
-116.60364838254594 36.75701050443227 48387.1
-116.60364615309754 36.757025907431 48379.5
-116.60364400221675 36.75704216427828 48374.0
-116.6036421320105 36.757059174591326 48368.3
-116.60364074140055 36.75707679282584 48361.9
-116.60363984327536 36.75709495189733 48353.6
-116.60363943156293 36.757113325587135 48342.5
-116.60363948067668 36.757131657912765 48333.4
-116.60363999258432 36.75714949440259 48326.3
-116.60364083562972 36.75716668653636 48319.0
-116.60353248790793 36.75725135212869 48282.0
-116.603511917947 36.75724876612211 48255.5
-116.60348977299408 36.75724644126117 48252.1
-116.60346618390524 36.75724447682634 48248.1
-116.60344152464155 36.75724292480208 48243.1
-116.60341604164084 36.75724178680048 48236.8
-116.60339004988504 36.75724108104414 48229.9
-116.6033637643306 36.75724071082671 48223.4
-116.60333758669164 36.75724062727463 48217.4
-116.60331179859224 36.757240792011565 48212.1
-116.6032868312736 36.75724118283056 48205.7
-116.6032627216191 36.7572417181162 48198.7
-116.60323962162929 36.757242323193466 48192.3
-116.60321755358044 36.7572429335691 48186.8
-116.60319654027153 36.75724348111496 48181.3
-116.60317629679678 36.75724392902296 48176.1
-116.6031565562818 36.757244259877744 48171.5
-116.60313705557314 36.75724446679807 48166.9
-116.60311746285277 36.7572445428353 48163.4
-116.60309761305945 36.75724453615901 48159.2
-116.6030773108992 36.75724450368692 48156.0
-116.60305646611688 36.757244491137776 48153.6
-116.60303498858688 36.7572445313903 48152.2
-116.60301297717238 36.757244608170254 48151.3
-116.60299056933404 36.7572447076509 48151.1
-116.60296789531844 36.75724481577038 48152.0
-116.60294508220616 36.757244917234175 48152.5
-116.60292226538706 36.757245017483605 48152.6
-116.60289949943216 36.75724513456296 48153.6
-116.60287680547415 36.7572452841868 48154.3
-116.6028541907984 36.75724548722136 48154.3
-116.60283155379707 36.757245746336494 48154.0
-116.60280882721688 36.75724606094812 48154.2
-116.60278593069565 36.757246426826526 48155.6
-116.60276278272144 36.75724683962979 48157.1
-116.60273937289838 36.7572472955976 48158.6
-116.60271572635232 36.7572477947342 48161.0
-116.60269187303372 36.75724833373878 48162.8
-116.60266783377811 36.75724891356977 48164.4
-116.60264364788088 36.75724952173445 48166.7
-116.60261936610648 36.757250126086845 48169.4
-116.60259503136932 36.75725068812908 48172.0
-116.60257066839064 36.75725116402335 48174.5
-116.60254637060956 36.757251544019645 48176.8
-116.60252214457564 36.75725183311545 48180.4
-116.60249800145874 36.757252044685934 48184.3
-116.6024739404658 36.75725219682145 48188.3
-116.6024499563486 36.757252327609216 48192.8
-116.60242602121016 36.75725246338217 48197.3
-116.60240212315657 36.757252627193786 48201.7
-116.60237827153904 36.75725284674338 48206.6
-116.60235441890508 36.75725312839565 48212.1
-116.60233056006976 36.757253473538064 48218.1
-116.60230666682897 36.757253874060446 48221.7
-116.60228268804374 36.757254300109295 48225.1
-116.60225859871696 36.75725471589506 48229.7
-116.60223438144082 36.75725510001433 48234.1
-116.60221002714378 36.757255442596566 48237.4
-116.60218552128092 36.757255748851705 48242.0
-116.60216092148336 36.75725605239544 48248.9
-116.60213625360518 36.757256380264224 48255.7
-116.60211155549628 36.757256738969794 48262.4
-116.602086877066 36.75725711676086 48268.7
-116.60206224666392 36.75725749306358 48274.0
-116.60203768327256 36.75725785112756 48278.5
-116.60201319305853 36.757258176888286 48283.3
-116.60198878176128 36.757258455145646 48288.5
-116.60196446570448 36.75725868987767 48293.2
-116.6019402299493 36.75725888999924 48298.1
-116.6019160659524 36.7572590677224 48303.9
-116.60189197002748 36.75725924152646 48309.4
-116.60186790635224 36.75725942463478 48314.7
-116.60184384274976 36.757259617222736 48318.7
-116.60181975198132 36.7572598057676 48321.6
-116.60179560249736 36.75725996905643 48325.6
-116.60177141002228 36.75726010077857 48329.8
-116.60174717516924 36.757260202008936 48333.8
-116.60172291111296 36.757260282068806 48338.2
-116.60169862488 36.75726034290627 48341.9
-116.60167434940416 36.757260382521686 48344.7
-116.60165009764386 36.7572603919901 48348.9
-116.60162588029488 36.75726035797498 48352.9
-116.60160168811916 36.75726026380285 48354.9
-116.60157752943545 36.75726010918876 48357.0
-116.6015533741584 36.757259895323976 48359.8
-116.6015292239654 36.757259626980165 48362.2
-116.60150510001364 36.75725932297702 48365.0
-116.60148103063472 36.75725902742537 48368.6
-116.60145701297245 36.75725877965732 48371.3
-116.6014330481646 36.75725860816342 48374.7
-116.60140916579437 36.75725854758953 48378.3
-116.60138529011698 36.75725859736393 48380.1
-116.60136143674876 36.7572587479168 48382.2
-116.60133759162424 36.7572589868898 48384.3
-116.60131374776007 36.75725929803448 48385.7
-116.60128986041872 36.75725963294858 48386.8
-116.60126594378048 36.75725994316936 48388.1
-116.60124200282466 36.75726019367266 48390.2
-116.60121802836494 36.75726034802485 48392.3
-116.60119409659876 36.757260407398086 48395.0
-116.6011701980318 36.75726038859948 48397.7
-116.60114633707092 36.757260316086416 48401.0
-116.60112250975068 36.75726022244872 48403.4
-116.60109869613471 36.7572601352897 48405.5
-116.60107488095488 36.75726006033625 48407.4
-116.60105106478976 36.75725999509025 48409.3
-116.60102725584343 36.75725993117256 48410.6
-116.6010034647124 36.75725986097953 48412.1
-116.60097969741436 36.757259787388925 48415.2
-116.60095595218668 36.757259719068536 48418.5
-116.600932235535 36.75725966345259 48422.2
-116.60090852933116 36.75725962398084 48424.9
-116.60088482022692 36.75725959924536 48425.1
-116.6008610959698 36.75725958140687 48426.8
-116.60083736085862 36.75725956154537 48430.5
-116.60081362368386 36.75725953753272 48433.6
-116.60078988721108 36.75725951344823 48436.1
-116.60076614681503 36.75725950586979 48439.0
-116.60074240589412 36.757259538368935 48441.7
-116.60071862965036 36.75725962428477 48444.0
-116.60069482160657 36.757259761509545 48446.6
-116.60067098066872 36.75725993775757 48449.6
-116.6006471072058 36.757260130530746 48451.5
-116.6006232229538 36.7572603088037 48452.9
-116.6005993534728 36.75726045241231 48454.5
-116.6005755204874 36.757260548851896 48455.2
-116.60055173977364 36.757260589714896 48455.5
-116.60052803415256 36.75726058846924 48455.9
-116.60050438012011 36.757260566929375 48456.0
-116.60048075756224 36.75726056307988 48456.1
-116.60045716160298 36.757260626594594 48456.5
-116.60043351764642 36.757260771491104 48457.7
-116.60040980965664 36.75726097749981 48458.7
-116.60038600572068 36.757261212299504 48458.6
-116.60036207378523 36.75726144019647 48457.7
-116.60033805016732 36.75726164315616 48457.6
-116.60031395435232 36.75726181983201 48458.9
-116.60028980818778 36.75726196832296 48459.1
-116.60026562197488 36.757262079870586 48459.1
-116.6002414375232 36.7572621578376 48459.1
-116.60021725829772 36.75726221039251 48458.7
-116.60019309364472 36.757262251052005 48459.4
-116.60016896312575 36.7572623000142 48460.0
-116.6001448675442 36.75726237305253 48459.4
-116.60012081077208 36.75726247177423 48458.6
-116.60009678550465 36.757262590582506 48457.3
-116.60007277429216 36.75726271949892 48456.0
-116.6000487524162 36.75726283718047 48455.1
-116.60002471194434 36.757262926717246 48453.5
-116.60000065116044 36.75726297378971 48451.7
-116.59997656604112 36.75726297296092 48450.3
-116.5999524851124 36.757262950390775 48451.8
-116.59992830128668 36.75726292999014 48453.0
-116.59990419766405 36.757262924223326 48453.0
-116.5998800764293 36.75726294692897 48451.9
-116.59985591890108 36.75726301064643 48450.8
-116.59983172266536 36.757263117285326 48450.1
-116.5998074760612 36.75726325976889 48449.4
-116.59978316609585 36.757263433488085 48448.4
-116.5997587855206 36.75726363409567 48447.7
-116.59973434136984 36.75726386483685 48446.7
-116.59970983233384 36.75726412597936 48445.3
-116.5996852589718 36.75726440925026 48445.6
-116.59966063119104 36.75726468467469 48445.8
-116.59963597415944 36.75726491329363 48444.6
-116.599611303718 36.75726506928302 48443.2
-116.59958660360644 36.7572651372378 48441.8
-116.59956191178034 36.75726513985703 48440.6
-116.59953721265256 36.75726510314948 48440.5
-116.59951251995848 36.7572650470308 48440.1
-116.59948786025194 36.75726498024096 48439.9
-116.59946325294756 36.757264904662016 48440.4
-116.59943870141215 36.757264819180335 48440.3
-116.59941420156396 36.75726472576724 48440.0
-116.59938975354495 36.7572646296664 48440.4
-116.59936534456858 36.757264538844126 48440.7
-116.59934096828752 36.75726446215519 48440.8
-116.59931661831888 36.75726440920376 48440.9
-116.59929229461164 36.75726439369246 48440.8
-116.5992679517364 36.75726441064369 48441.0
-116.59924357350312 36.75726443778999 48440.7
-116.5992191417418 36.75726444072418 48439.4
-116.59919462178809 36.75726438305668 48439.4
-116.59917005956268 36.75726425932765 48440.8
-116.59914545645276 36.757264082480894 48442.7
-116.5991208299995 36.75726387388589 48444.0
-116.59909619851524 36.75726366109199 48444.5
-116.59907156737516 36.75726346696672 48443.9
-116.59904693404908 36.757263300662295 48443.6
-116.59902228954007 36.75726316376944 48443.6
-116.59899762417456 36.75726306026179 48442.7
-116.5989729180454 36.75726298063136 48441.4
-116.59894819541476 36.75726291292319 48441.2
-116.59892350255106 36.7572628495605 48441.4
-116.59889896745194 36.75726279001511 48441.6
-116.59887475462575 36.75726273738002 48440.8
-116.598851089045 36.75726269701705 48440.1
-116.59882825573712 36.75726267735655 48441.5
-116.5988068359092 36.75726273169308 48443.2
-116.59878697563757 36.75726295322144 48444.1
