Long Lat Mag_nT
-116.599295777545 36.75897542462334 48139.0
-116.59929291893953 36.75898900658987 48140.0
-116.59929009055024 36.75900383408639 48141.3
-116.59928732787569 36.759020032106925 48143.6
-116.59928464696124 36.759037272696375 48145.4
-116.5992820668177 36.75905537274317 48145.8
-116.59927960139004 36.75907415684193 48144.7
-116.59927727112591 36.75909357445444 48143.5
-116.59927504927596 36.75911339844381 48144.7
-116.5992729126054 36.7591335046975 48146.8
-116.59927083092006 36.75915380524075 48149.3
-116.59926876742644 36.7591742444692 48151.5
-116.59926668265656 36.7591947274431 48153.5
-116.59926455502575 36.75921520911063 48154.2
-116.59926237641844 36.75923566234989 48155.9
-116.5992601526474 36.75925604407795 48157.1
-116.5992579018932 36.7592763447924 48159.3
-116.59925562798053 36.75929654979857 48162.3
-116.59925332624594 36.75931664346977 48165.2
-116.59925098755988 36.75933658268609 48166.7
-116.59924861382478 36.75935638730532 48170.5
-116.5992462041134 36.7593760735493 48175.3
-116.59924376243016 36.75939566166746 48178.3
-116.59924129669947 36.759415154368384 48180.0
-116.59923882216196 36.75943458614369 48180.5
-116.59923633917532 36.75945397053949 48182.5
-116.599233835625 36.75947331594138 48185.1
-116.59923128686916 36.759492605281565 48187.1
-116.59922868096272 36.759511831474335 48189.0
-116.59922601146704 36.75953099578389 48190.6
-116.5992232852482 36.75955011363582 48193.3
-116.59922052460612 36.759569191610936 48195.8
-116.5992177622298 36.759588258081656 48197.9
-116.59921501367008 36.75960732911389 48199.3
-116.59921228892696 36.75962641679108 48200.9
-116.59920958542396 36.75964554910368 48201.4
-116.59920688009002 36.759664727289824 48201.7
-116.59920415735392 36.75968394437204 48201.4
-116.59920141371526 36.759703180986094 48202.6
-116.59919866524352 36.759722394582255 48203.3
-116.59919594079236 36.75974155818337 48203.4
-116.5991932600878 36.75976065341521 48202.3
-116.59919063307387 36.75977966203343 48203.5
-116.59918806378128 36.75979858258593 48205.5
-116.59918552505736 36.759817433746896 48206.8
-116.5991829912821 36.759836221038384 48209.1
-116.59918043045565 36.75985496005769 48210.8
-116.599177804449 36.75987365024511 48210.1
-116.5991751114956 36.7598923100222 48212.1
-116.59917235507696 36.75991095516731 48214.6
-116.59916954340906 36.75992959192793 48216.6
-116.5991666886949 36.75994819531478 48218.3
-116.59916381435562 36.759966743586986 48218.2
-116.59916093696762 36.75998521791632 48217.4
-116.599158072684 36.76000359548087 48218.4
-116.59915524240373 36.76002182566573 48219.0
-116.59915245571268 36.7600399107063 48220.4
-116.59914971063246 36.76005785144504 48224.0
-116.5991469984412 36.76007566521584 48227.9
-116.59914430941524 36.76009336835588 48229.7
-116.59914161984676 36.76011099581308 48230.2
-116.5991389113321 36.76012855543815 48231.1
-116.5991361698436 36.7601460521969 48230.8
-116.59913338761255 36.76016346367405 48232.4
-116.59913058566175 36.760180809739566 48235.5
-116.59912778819265 36.760198110978415 48240.6
-116.5991250183132 36.76021536856444 48243.3
-116.59912230509607 36.76023258355031 48241.7
-116.5991196512998 36.76024976491387 48241.3
-116.59911705493184 36.76026690269328 48242.5
-116.59911450992348 36.76028398631731 48242.9
-116.59911201247183 36.76030101807798 48244.5
-116.5991095336835 36.76031800904734 48246.8
-116.59910704070164 36.76033495391541 48244.3
-116.59910449718537 36.76035186886708 48240.2
-116.59910186161828 36.76036876436197 48239.2
-116.5990991537788 36.76038566725117 48243.1
-116.59909641981316 36.76040259857376 48246.9
-116.5990937209756 36.76041954270113 48245.9
-116.5990911236994 36.76043648554638 48245.3
-116.59908863618897 36.76045341333538 48243.8
-116.59908625204336 36.760470313395885 48243.7
-116.59908395000043 36.76048718202516 48244.2
-116.59908170412884 36.76050404481567 48244.1
-116.59907947662812 36.76052092601879 48243.6
-116.59907725830304 36.76053784423021 48247.7
-116.59907505545888 36.76055480692786 48246.6
-116.59907288159472 36.76057182495484 48241.9
-116.59907073141213 36.76058887293016 48240.0
-116.59906859529995 36.76060592374045 48238.5
-116.599066459338 36.76062296731024 48237.6
-116.59906429601116 36.760640002348346 48237.7
-116.59906208417928 36.76065703637131 48236.1
-116.59905980718185 36.76067407971331 48235.3
-116.59905745818548 36.760691148130114 48234.5
-116.5990550381184 36.76070823553889 48231.7
-116.59905258590288 36.76072534264259 48229.5
-116.5990501355592 36.760742479119656 48230.2
-116.59904771597613 36.76075963778913 48231.3
-116.5990453502218 36.76077682096691 48230.8
-116.59904302440331 36.760794012943975 48228.0
-116.59904072079075 36.76081117980388 48225.2
-116.59903842709991 36.760828285390886 48224.4
-116.5990361508437 36.76084528070032 48223.9
-116.59903391523302 36.76086215859412 48226.1
-116.59903175044134 36.7608788967364 48232.4
-116.59902967797656 36.76089545027975 48233.4
-116.5990276844268 36.760911729234095 48230.8
-116.59902567888528 36.760927675816816 48230.7
-116.59902356680328 36.760943183255534 48228.6
-116.59902125536848 36.76095819405672 48223.3
-116.59901863535632 36.7609724705305 48221.3
-116.59901572755956 36.760986055410655 48221.6
-116.5990125557877 36.760999007262186 48222.9
-116.59900917609052 36.76101140400344 48222.6
-116.5990057023992 36.761023172179925 48222.4
-116.5990022861727 36.7610345224093 48222.1
-116.5989990439558 36.76104563244236 48221.7
-116.59899609261674 36.76105660371023 48224.2
-116.5989935604403 36.7610677480964 48230.0
-116.5989914221064 36.76107928114735 48235.1
-116.59898965989646 36.76109127667948 48239.7
-116.59898820943418 36.76110376345878 48245.2
-116.598986993384 36.76111691734062 48247.1
-116.59898588311088 36.76113060429281 48247.7
-116.59898482050802 36.76114473544429 48249.0
-116.59898377153505 36.76115925097321 48251.8
-116.59898270356793 36.76117414175808 48254.5
-116.59898159857777 36.76118929991178 48256.2
-116.59898044484892 36.761204693980325 48259.5
-116.59897923218942 36.761220309232726 48263.4
-116.59897794523188 36.76123616062985 48265.7
-116.59897658597424 36.761252274598334 48269.1
-116.59897516739063 36.76126845596583 48272.6
-116.59897366079916 36.76128497144868 48275.2
-116.59897206649694 36.76130163652753 48276.4
-116.59897039627548 36.76131848552051 48277.8
-116.59896866324254 36.761335514541365 48281.4
-116.59896687953076 36.76135271216948 48285.2
-116.59896505032704 36.76137006131746 48286.8
-116.59896319075432 36.76138750902107 48287.2
-116.59896130727796 36.761405033397125 48290.1
-116.5989593995865 36.76142262145645 48292.5
-116.59895745548324 36.76144024668894 48293.1
-116.59895547302229 36.761457871401454 48289.7
-116.5989534483276 36.76147546434446 48288.7
-116.5989513807502 36.761493020492615 48289.7
-116.59894927219304 36.76151054411175 48291.0
-116.59894713270812 36.7615280710552 48293.4
-116.5989449583776 36.7615456071927 48293.7
-116.5989427448692 36.76156315305664 48293.2
-116.59894047964023 36.76158068446851 48291.7
-116.59893816553463 36.76159818553765 48289.7
-116.5989358033966 36.76161563884583 48288.9
-116.59893339971998 36.76163304172088 48287.5
-116.59893095713127 36.7616503706488 48287.7
-116.59892848237952 36.76166763553597 48290.5
-116.5989259714421 36.76168483082381 48288.8
-116.59892341875296 36.76170195618664 48288.1
-116.59892081925337 36.761718973274846 48287.3
-116.59891819051668 36.7617359004264 48286.8
-116.598915544703 36.76175275334826 48287.3
-116.59891289922707 36.76176954131146 48287.6
-116.59891029545194 36.76178628333592 48285.1
-116.59890776836812 36.7618030133572 48283.3
-116.59890535115112 36.76181974182121 48286.8
-116.598903071695 36.76183644491826 48290.3
-116.59890096854336 36.761853152691394 48292.2
-116.59889900072332 36.76186981535256 48292.4
-116.59889711684843 36.76188636845925 48291.9
-116.5988952481297 36.76190274441692 48292.0
-116.59889330876103 36.761918734393646 48291.1
-116.59889125128016 36.7619342331709 48287.2
-116.59888904330914 36.76194912179064 48282.7
-116.59888666061136 36.76196337101672 48280.8
-116.59888408549467 36.76197672447679 48278.5
-116.59888137055025 36.76198933420992 48277.8
-116.59887855517375 36.762001256972496 48277.2
-116.59887569033044 36.76201257566798 48274.9
-116.59887286539636 36.762023252912165 48271.8
-116.59887014957168 36.76203358060951 48270.1
-116.59886761706056 36.76204378307316 48271.6
-116.59886535276232 36.762054010827214 48276.2
-116.59886343303693 36.76206476666791 48280.8
-116.59886181923936 36.76207615211195 48285.8
-116.59886047758698 36.762088228349945 48289.2
-116.59885934900636 36.76210096879081 48288.3
-116.59885837649628 36.7621144862381 48284.4
-116.59885746491392 36.76212852150498 48283.6
-116.59885655859811 36.762142962054 48283.9
-116.59885561010348 36.762157728620416 48282.5
-116.59885455671386 36.76217274889438 48282.1
-116.59885336881251 36.76218791757329 48283.4
-116.5988520211382 36.7622031870698 48281.6
-116.59885050751004 36.76221854533985 48281.9
-116.5988488228014 36.76223392760092 48282.4
-116.59884703333373 36.762249345503314 48283.2
-116.5988451881446 36.762264829584254 48286.8
-116.59884333282984 36.76228039981493 48289.2
-116.5988414965586 36.76229610206696 48288.8
-116.59883966758204 36.76231191045067 48288.1
-116.59883782102794 36.76232781032319 48286.7
-116.59883593792028 36.76234380272111 48284.8
-116.59883400551767 36.762359895017205 48280.7
-116.59883204421764 36.762376098321816 48275.2
-116.59883008206806 36.76239244363517 48276.8
-116.59882814347128 36.7624089416444 48280.9
-116.59882623063532 36.76242562131311 48280.7
-116.5988243025936 36.76244240916363 48277.8
-116.59882230390616 36.76245924645913 48272.7
-116.5988201777606 36.762476109278055 48266.6
-116.59881787232896 36.762492937317504 48264.4
-116.5988154278296 36.7625097748144 48267.1
-116.59881288941072 36.76252667094258 48272.8
-116.59881031944374 36.76254364660239 48273.5
-116.598807800647 36.762560742250166 48269.2
-116.59880539011284 36.762577961414166 48266.4
-116.59880311901247 36.76259531071952 48266.6
-116.59880099179216 36.762612774780514 48267.7
-116.5987989899038 36.76263039940833 48267.2
-116.59879703770557 36.76264811114204 48265.0
-116.59879507687845 36.76266586542173 48265.3
-116.59879306097083 36.762683654046114 48267.2
-116.59879094956533 36.76270145058367 48270.1
-116.59878875089233 36.76271925135018 48270.7
-116.59878647284457 36.762737058654494 48268.0
-116.59878412896408 36.76275488536105 48267.5
-116.59878174152416 36.76277275619872 48271.1
-116.5987793483581 36.76279070515894 48279.8
-116.59877697096944 36.76280875689304 48285.1
-116.59877460525529 36.762826910383744 48284.0
-116.59877221947384 36.76284515450792 48282.3
-116.59876978741424 36.762863440489376 48283.9
-116.59876729803152 36.76288173015976 48290.9
-116.59876475572167 36.762899986594455 48293.6
-116.59876217452953 36.762918111010286 48295.2
-116.59875959107916 36.762936041238575 48296.3
-116.59875704209128 36.762953710436726 48296.5
-116.5987545667525 36.76297105854145 48300.0
-116.59875223085676 36.76298804586595 48304.8
-116.59875004522624 36.763004775863386 48313.0
-116.5987480027461 36.76302131676023 48320.9
-116.59874607390248 36.763037736733125 48326.0
-116.59874421477664 36.76305413252243 48327.4
-116.59874235594442 36.76307054754893 48328.6
-116.59874044899018 36.76308698980175 48330.6
-116.59873845372772 36.76310346602431 48331.8
-116.59873632835104 36.7631199168059 48331.7
-116.5987340953584 36.76313632379225 48334.0
-116.59873177938904 36.76315266982669 48337.7
-116.59872940162673 36.76316893782537 48338.7
-116.5987269538139 36.76318502854862 48337.4
-116.59872441790516 36.7632008717144 48336.5
-116.59872175287978 36.7632163360905 48334.2
-116.5987189159363 36.76323132043319 48328.3
-116.5987158525281 36.76324541844078 48320.2
-116.59871257640732 36.763258618598485 48313.9
-116.59870907536154 36.763270880238 48310.7
-116.59870532703168 36.76328231256573 48309.7
-116.59870141216317 36.76329262807194 48311.8
-116.59868049006144 36.763386643974926 48323.3
-116.59868066855668 36.76339811623961 48339.3
-116.59868073672898 36.76341019242301 48338.7
-116.59868056962192 36.76342278390132 48338.1
-116.59868016833352 36.76343575372436 48339.2
-116.59867953730232 36.763449066073 48341.7
-116.59867870119224 36.76346272147629 48343.6
-116.59867766657494 36.763476677318806 48344.8
-116.59867650795952 36.763490881734846 48345.6
-116.59867527459812 36.76350532439945 48347.8
-116.5986740091698 36.763519991703774 48351.4
-116.59867273215448 36.763534893592976 48354.3
-116.59867143305031 36.76354993696626 48357.2
-116.5986700692182 36.763565018206855 48359.2
-116.59866857507556 36.76358003824621 48360.1
-116.59866683732008 36.763594694881775 48360.2
-116.59866483868612 36.763608872039136 48359.4
-116.59866257657652 36.763622473504725 48356.4
-116.59866007806345 36.763635496242514 48352.5
-116.59865741509417 36.76364773811931 48351.7
-116.59865470763658 36.763659445480215 48353.2
-116.59865204034992 36.76367078512296 48356.5
-116.59864949578072 36.76368191490037 48361.5
-116.598647219613 36.7636930278652 48367.3
-116.59879329699912 36.76383261230552 48365.1
-116.59881536138272 36.76383122642336 48351.4
-116.59883796064548 36.763829537014544 48347.7
-116.5988609291026 36.76382771313075 48343.6
-116.59888404539365 36.76382589985875 48338.2
-116.5989071358824 36.76382417505073 48333.1
-116.59893007797696 36.76382258762784 48329.7
-116.59895276543348 36.763821173306894 48326.5
-116.59897509964668 36.76381990951406 48323.3
-116.59899710240568 36.76381878655815 48321.1
-116.59901878026815 36.76381780709632 48319.3
-116.59904018729983 36.76381700410876 48317.7
-116.59906132733892 36.76381638090447 48316.4
-116.59908230708716 36.76381592454829 48315.6
-116.5991031952736 36.763815617039285 48315.2
-116.59912410357184 36.76381545658575 48314.8
-116.59914503739677 36.763815405232094 48315.1
-116.59916610069776 36.76381543866186 48315.1
-116.59918733630268 36.76381554019049 48315.3
-116.59920879960836 36.76381568873519 48315.4
-116.59923043770716 36.763815848288566 48314.5
-116.59925223160744 36.76381599680369 48314.1
-116.59927415466262 36.763816122121575 48314.0
-116.59929621013168 36.76381622099743 48314.1
-116.59931839750968 36.76381630609848 48314.2
-116.59934071120227 36.76381639078934 48314.3
-116.59936315674992 36.76381649062947 48314.3
-116.59938576084336 36.763816624876206 48314.0
-116.59940847320594 36.76381679376173 48313.0
-116.59943128502904 36.76381698415364 48312.4
-116.59945417551162 36.7638171718925 48311.7
-116.59947711692756 36.763817318604005 48310.7
-116.59950012597052 36.76381740794461 48310.0
-116.59952321166551 36.76381744720644 48309.2
-116.59954641495273 36.76381746021006 48308.3
-116.59956980411958 36.763817481607695 48307.4
-116.5995933415765 36.763817535807206 48305.6
-116.59961698197525 36.76381762866877 48302.9
-116.5996406579491 36.763817754985645 48300.6
-116.59966429709932 36.76381790525066 48299.7
-116.59968784592417 36.76381806601923 48299.5
-116.59971128527766 36.763818231658405 48298.7
-116.5997346035024 36.763818399740046 48298.5
-116.59975779061196 36.76381856821831 48298.4
-116.59978089594463 36.76381873975336 48298.0
-116.59980397566576 36.76381892942437 48297.7
-116.59982709030892 36.763819158614446 48296.8
-116.5998503449037 36.76381945248743 48296.2
-116.59987376253 36.76381981755956 48296.2
-116.59989740846498 36.76382025896218 48296.6
-116.59992131196124 36.76382078530624 48297.0
-116.59994553167644 36.763821418320425 48297.2
-116.599969948365 36.763822138156826 48297.6
-116.59999452346348 36.76382291585075 48298.5
-116.60001918595448 36.7638237075359 48299.4
-116.60004383906 36.76382444565256 48301.1
-116.60006846572269 36.76382507702464 48303.0
-116.60009302391404 36.76382556830056 48304.5
-116.60011749963952 36.763825905544245 48306.8
-116.6001418481816 36.76382607951168 48309.0
-116.6001661616046 36.76382613684745 48310.5
-116.6001904044698 36.76382610931974 48312.0
-116.60021457136033 36.76382601638345 48313.9
-116.60023861630098 36.76382586444582 48316.3
-116.60026255474104 36.76382566950984 48318.1
-116.60028635584597 36.76382544765686 48320.3
-116.60031001192836 36.76382522317833 48321.9
-116.6003335410619 36.76382504063652 48322.6
-116.60035697352372 36.76382494250304 48323.5
-116.60038037959168 36.76382495885041 48324.3
-116.60040383085908 36.763825106364514 48326.4
-116.60042744729054 36.763825395844925 48328.3
-116.6004512024468 36.76382578168058 48328.4
-116.60047515617546 36.76382622888316 48328.5
-116.60049930180686 36.76382670220244 48329.0
-116.600523613883 36.76382715464473 48328.1
-116.6005480514512 36.76382754678957 48326.6
-116.60057257087496 36.7638278509612 48325.9
-116.60059714663366 36.763828045634575 48325.2
-116.60062173138712 36.763828109693776 48323.9
-116.6006463577986 36.76382806702901 48322.1
-116.60067097629438 36.76382794904027 48320.3
-116.60069557723408 36.76382779820516 48318.7
-116.60072017408456 36.76382767123535 48316.8
-116.60074475264298 36.76382761236695 48314.3
-116.60076932024648 36.76382763930313 48311.8
-116.60079386620404 36.763827747949605 48309.5
-116.60081837909966 36.76382791882019 48307.5
-116.60084284054518 36.763828109417375 48305.9
-116.60086726882996 36.763828289689016 48304.3
-116.60089166682896 36.76382843543469 48302.8
-116.60091600997625 36.7638285198406 48301.2
-116.6009403377086 36.763828545968806 48299.7
-116.60096464299129 36.76382852506888 48298.1
-116.60098894136875 36.76382847038028 48296.4
-116.60101326518692 36.763828394659335 48295.3
-116.6010376609422 36.76382832119256 48294.4
-116.60106214808376 36.76382827052326 48292.5
-116.60108672966676 36.76382825395596 48290.0
-116.60111139251804 36.763828269998285 48287.4
-116.6011360702424 36.76382829377231 48285.5
-116.60116073633216 36.76382830240692 48284.2
-116.60118537175178 36.76382828522774 48282.3
-116.6012099638862 36.763828245541234 48279.9
-116.6012345397048 36.76382820263453 48277.5
-116.60125912124938 36.76382817260427 48275.3
-116.60128374134096 36.76382816736961 48273.6
-116.60130844251589 36.76382819611517 48271.8
-116.6013331999267 36.763828254284086 48269.7
-116.6013580038896 36.7638283306172 48267.4
-116.60138282937788 36.763828408749134 48265.4
-116.60140764467268 36.76382846857518 48263.8
-116.60143243505055 36.76382849636696 48262.3
-116.60145717514078 36.763828481639656 48260.9
-116.60148185504552 36.76382841934553 48259.8
-116.6015064559494 36.76382830619185 48258.8
-116.6015310260244 36.76382816231117 48257.5
-116.60155557053116 36.76382801146717 48256.4
-116.60158011012427 36.76382787072437 48255.4
-116.60160467102163 36.7638277519862 48254.7
-116.60162924734576 36.76382765019487 48254.2
-116.601653844785 36.763827555234606 48254.0
-116.60167846361207 36.76382745658669 48253.9
-116.60170310147868 36.76382734422173 48253.6
-116.60172775811957 36.76382721306172 48253.9
-116.60175242062463 36.763827061515165 48254.5
-116.60177707868084 36.763826891358136 48255.1
-116.6018017176738 36.7638267097736 48255.7
-116.60182634264304 36.76382653123465 48256.7
-116.60185095484589 36.76382637018929 48258.0
-116.60187555739569 36.76382623791972 48259.7
-116.60190015383468 36.76382614054944 48261.7
-116.60192472524832 36.763826068221846 48263.4
-116.6019492783258 36.76382600802755 48265.4
-116.60197381246314 36.76382595074967 48267.6
-116.60199832680924 36.76382589194705 48269.7
-116.602022827217 36.76382582826434 48272.1
-116.60204731297137 36.76382575505252 48274.7
-116.60207178606828 36.76382567002595 48276.9
-116.60209624991978 36.76382557116203 48278.9
-116.602120725129 36.76382546674862 48281.1
-116.60214522309856 36.76382537229024 48283.3
-116.6021697617804 36.76382530663948 48285.0
-116.60219448810471 36.763825295685855 48286.7
-116.60221918880596 36.76382534524661 48288.4
-116.60224398706924 36.76382545647567 48290.1
-116.60226889477424 36.76382562949978 48291.8
-116.6022939205878 36.763825857061214 48293.1
-116.60231900973116 36.76382610531613 48294.1
-116.60234413556832 36.76382634411517 48295.2
-116.60236926394867 36.763826548970805 48296.4
-116.6023943559927 36.76382669470698 48297.6
-116.60241942093393 36.76382678238723 48298.8
-116.6024444411498 36.76382681400121 48300.3
-116.6024694063946 36.76382679450886 48301.4
-116.60249428966011 36.76382673075779 48302.7
-116.60251909586717 36.763826634701005 48304.2
-116.60254380427033 36.76382651085749 48305.9
-116.60256840265984 36.763826366494506 48307.7
-116.6025928729876 36.763826214817385 48309.6
-116.6026172399884 36.7638260772005 48312.0
-116.6026415193901 36.7638259737888 48314.4
-116.6026657349526 36.76382591934978 48316.5
-116.602689914033 36.76382592107348 48318.9
-116.60271406806932 36.76382595491771 48321.3
-116.6027382282862 36.76382599639008 48323.8
-116.60276240868268 36.76382603014477 48326.7
-116.60278663160184 36.76382605086646 48329.7
-116.60281090245265 36.76382607023211 48332.6
-116.6028352154131 36.76382609950959 48335.8
-116.60285957279125 36.76382614809636 48338.6
-116.60288397968664 36.763826225585376 48341.7
-116.60290841369752 36.763826325111445 48345.3
-116.60293287264112 36.76382643922841 48349.0
-116.60295734970052 36.7638265631751 48352.7
-116.60298184150696 36.763826700646646 48356.1
-116.60300634119596 36.76382685582571 48359.9
-116.60303085804888 36.763827029207775 48364.1
-116.6030554066354 36.76382721446034 48367.8
-116.60308001276684 36.76382740438646 48371.1
-116.60310467516652 36.76382759289184 48374.4
-116.60312939627757 36.7638277718449 48377.6
-116.6031541726399 36.763827930628544 48380.9
-116.60317900419346 36.76382805062444 48384.0
-116.60320389206218 36.76382812347483 48386.4
-116.60322881635584 36.763828147918325 48388.8
-116.60325375860252 36.763828130043485 48390.8
-116.60327869940636 36.76382807074878 48392.8
-116.60330363878673 36.7638279851012 48395.2
-116.60332856559774 36.76382788188965 48397.2
-116.60335348280162 36.763827768149326 48398.7
-116.6033784221118 36.76382765653656 48399.7
-116.60340340817363 36.76382755314911 48401.0
-116.60342845282048 36.76382746601188 48402.4
-116.60345354732316 36.7638274065117 48403.7
-116.60347865168674 36.76382740337442 48404.7
-116.60350364969575 36.76382747418963 48406.0
-116.60352843041242 36.76382762470108 48407.9
-116.60355282859088 36.76382784184746 48409.8
-116.60357649198907 36.7638280811672 48411.2
-116.60373274213444 36.763738538911646 48416.8
-116.6037302758242 36.76372306199112 48421.6
-116.60372719669624 36.76370663940864 48415.7
-116.60372376505968 36.76368929218481 48409.7
-116.6037202704928 36.76367133717056 48405.6
-116.60371685447674 36.76365303132421 48402.9
-116.6037135769373 36.76363465597542 48398.6
-116.603710442411 36.763616666232686 48392.1
-116.60357203503152 36.76351086792384 48378.9
-116.60355283376737 36.76351247760598 48367.1
-116.60353247384631 36.76351417601324 48364.5
-116.60351084434632 36.763515821744605 48364.1
-116.60348827225576 36.76351733353837 48364.8
-116.60346485514056 36.76351868896153 48365.4
-116.60344072463567 36.76351988072332 48365.5
-116.60341596193778 36.76352088914466 48364.7
-116.6033908881543 36.76352174374023 48362.6
-116.60336561939556 36.76352246830973 48360.3
-116.6033402772654 36.76352307903547 48358.3
-116.6033149830485 36.763523571716505 48356.2
-116.60328985600444 36.763523967435006 48354.2
-116.60326492930308 36.7635242819736 48351.8
-116.6032402299076 36.76352453208898 48349.3
-116.6032158000778 36.763524734425445 48347.0
-116.60319159488743 36.76352490689792 48344.0
-116.60316756890153 36.7635250505029 48341.0
-116.60314367984796 36.763525156330026 48337.5
-116.60311988657566 36.76352520508146 48333.2
-116.60309614935734 36.76352519857088 48330.4
-116.60307241961442 36.76352513378711 48328.9
-116.603048663311 36.76352499999295 48326.2
-116.60302483514532 36.76352476766441 48322.7
-116.60300095988958 36.76352443418346 48319.4
-116.60297700944106 36.76352400029589 48316.5
-116.6029529720974 36.76352347103252 48314.3
-116.60292881709384 36.763522847967685 48312.4
-116.60290457206445 36.76352216268063 48310.0
-116.60288021887224 36.76352144038598 48306.7
-116.6028557735788 36.7635207121278 48304.8
-116.60283126535067 36.76352001931711 48305.2
-116.60280672094562 36.76351938724969 48305.1
-116.60278217495632 36.76351882878744 48303.3
-116.60275764515823 36.763518346599774 48301.1
-116.60273314669467 36.76351794363115 48298.7
-116.6027086553498 36.763517598202974 48296.5
-116.60268418508824 36.763517298750926 48294.8
-116.60265973122917 36.763517033627295 48293.4
-116.60263529388956 36.76351679729529 48291.2
-116.6026108692238 36.76351658074454 48289.4
-116.60258648005014 36.76351638120726 48287.8
-116.6025621476527 36.763516199384654 48286.3
-116.60253789815276 36.763516042497805 48285.1
-116.60251371930896 36.76351591356493 48284.2
-116.60248961319463 36.763515815690745 48283.0
-116.6024655773452 36.76351574764056 48281.7
-116.60244161442064 36.76351570681773 48280.2
-116.60241769417304 36.763515690209935 48278.2
-116.60239380119664 36.7635157039165 48277.2
-116.60236991324209 36.76351575227935 48277.0
-116.60234599343153 36.76351582902746 48276.5
-116.602322006582 36.76351590237699 48274.7
-116.60229793707072 36.76351594209137 48273.0
-116.60227376964988 36.76351592545876 48271.4
-116.60224947938715 36.76351583326103 48270.9
-116.60222511374327 36.76351568037416 48271.1
-116.60220067386106 36.763515481704566 48271.5
-116.6021761753732 36.763515248904525 48271.1
-116.60215163130482 36.76351498898951 48270.4
-116.60212707644637 36.76351471466239 48270.0
-116.60210252773189 36.76351443655592 48269.3
-116.60207800577447 36.763514165553445 48268.9
-116.60205354063872 36.76351391603172 48268.6
-116.60202912952884 36.76351369333032 48267.9
-116.60200477854984 36.76351350022433 48267.3
-116.6019804867454 36.763513337566366 48267.2
-116.60195616031493 36.76351320731075 48267.0
-116.60193198304913 36.76351310585209 48266.2
-116.60190785960012 36.76351302999044 48265.1
-116.60188378317837 36.76351297531439 48264.9
-116.6018597352644 36.76351293390931 48264.8
-116.60183569061526 36.76351289067542 48264.7
-116.60181163697408 36.763512836506585 48264.9
-116.6017875588889 36.76351276254462 48264.6
-116.60176344815191 36.763512663883375 48263.7
-116.60173931467403 36.7635125517686 48264.1
-116.60171515922532 36.763512442944446 48264.8
-116.6016909888244 36.76351235404759 48264.5
-116.60166681172116 36.76351230490605 48264.8
-116.60164263050312 36.763512291590295 48264.8
-116.60161845667388 36.76351230077115 48263.8
-116.60159428705816 36.76351231268752 48261.5
-116.6015701056022 36.7635122980241 48260.0
-116.60154590828706 36.76351224405505 48260.4
-116.60152167553484 36.76351214852731 48260.9
-116.60149739054228 36.76351201921646 48260.0
-116.60147303938696 36.76351187945497 48258.3
-116.6014486264072 36.76351176054532 48256.4
-116.60142416737852 36.7635116870957 48255.4
-116.60139969897276 36.76351168132864 48255.0
-116.60137524725378 36.7635117713455 48255.1
-116.60135080951282 36.76351194313968 48255.4
-116.60132639561968 36.76351217486808 48254.1
-116.6013019823951 36.763512432093535 48251.9
-116.60127753384296 36.76351266068183 48250.2
-116.6012530521726 36.76351282301761 48248.2
-116.60122852694832 36.76351289852168 48247.0
-116.60120394734302 36.76351287720341 48247.1
-116.60117933201974 36.76351275353448 48247.5
-116.60115472454602 36.76351256240684 48247.9
-116.60113012806012 36.76351233050086 48248.0
-116.60110555184478 36.76351208289563 48248.6
-116.60108099839364 36.76351184585929 48249.1
-116.60105644986844 36.76351164033553 48249.7
-116.60103190234044 36.763511477644336 48251.4
-116.60100736033289 36.76351136151576 48253.0
-116.6009828326257 36.76351129199366 48254.2
-116.60095832568764 36.763511256264046 48255.8
-116.60093385534476 36.76351124948615 48258.7
-116.6009094277407 36.7635112658603 48260.9
-116.60088504006684 36.76351130049896 48262.6
-116.60086066718884 36.76351134876669 48264.2
-116.60083629095534 36.76351141280023 48265.2
-116.6008118968896 36.76351149305862 48266.1
-116.6007874698298 36.76351158150276 48267.0
-116.60076301184894 36.7635116689212 48267.3
-116.60073852348076 36.76351175186588 48267.8
-116.60071400688744 36.76351182545213 48268.4
-116.60068946345804 36.763511886913065 48268.8
-116.6006649055098 36.76351194218217 48269.0
-116.60064033255716 36.763511997912815 48268.8
-116.60061574549876 36.763512057662446 48268.5
-116.6005911417298 36.76351213061841 48268.3
-116.60056652242224 36.76351222076332 48268.6
-116.60054189601932 36.76351232611096 48268.7
-116.60051726851128 36.76351244479566 48268.4
-116.60049264288337 36.763512577560725 48269.0
-116.60046801684604 36.763512725920975 48269.8
-116.60044338815348 36.76351289110482 48270.3
-116.60041875789013 36.76351307020681 48270.8
-116.60039412499911 36.76351325747375 48271.2
-116.6003694909174 36.76351343739015 48272.0
-116.60034485435833 36.763513596379326 48272.8
-116.6003202068632 36.76351372255772 48273.5
-116.6002955451136 36.76351380572807 48274.3
-116.60027087311916 36.7635138489091 48274.8
-116.60024618059408 36.763513852262776 48275.7
-116.6002214595362 36.76351382118956 48275.8
-116.60019670327334 36.76351375958264 48276.1
-116.60017191895966 36.76351368361299 48276.2
-116.6001471054896 36.76351360871268 48276.2
-116.60012227973068 36.76351355140089 48276.1
-116.60009746964396 36.763513542283285 48276.4
-116.60007268199536 36.763513594421966 48276.2
-116.6000479308546 36.76351371212389 48275.7
-116.60002322032106 36.76351388664451 48275.5
-116.59999854683782 36.76351410932905 48274.6
-116.59997389282412 36.7635143600192 48273.1
-116.59994925847325 36.76351463213779 48271.4
-116.59992463672182 36.76351492098489 48270.5
-116.5999000156528 36.763515221934526 48269.5
-116.59987538629096 36.76351552641128 48268.0
-116.59985075079268 36.76351582897722 48266.5
-116.59982611053124 36.763516121697606 48264.8
-116.5998014693636 36.76351638272124 48263.3
-116.599776839105 36.76351659490308 48261.3
-116.59975221174558 36.76351674756156 48259.4
-116.59972757713663 36.763516835203326 48258.0
-116.59970294399984 36.76351686311137 48256.8
-116.59967832523132 36.76351686620834 48256.6
-116.59965371911584 36.763516871809976 48256.2
-116.59962914037408 36.763516906954536 48255.7
-116.59960459636751 36.76351699860616 48255.6
-116.59958007173525 36.76351714013998 48256.1
-116.59955557215504 36.76351731763686 48257.0
-116.59953109214064 36.7635175101678 48257.8
-116.59950662665184 36.763517690998256 48259.1
-116.59948216962464 36.76351784591197 48260.4
-116.5994577067712 36.76351797410454 48262.1
-116.59943322431177 36.763518084174486 48264.8
-116.59940870627666 36.76351818341248 48267.8
-116.59938414716184 36.763518278279406 48270.0
-116.5993595365796 36.76351836664809 48271.9
-116.59933486788591 36.763518439693534 48274.4
-116.5993101372161 36.76351848150744 48277.4
-116.5992853690508 36.763518488850536 48279.6
-116.59926057070356 36.7635184602898 48281.8
-116.59923574470146 36.763518393422096 48283.8
-116.59921089489428 36.7635182804016 48285.3
-116.59918602655192 36.7635181255122 48286.8
-116.59916112825952 36.763517926338125 48288.0
-116.5991361920519 36.76351768080676 48289.5
-116.5991112226744 36.76351738012946 48292.0
-116.59908624581983 36.76351703898133 48294.4
-116.59906126179244 36.763516670681454 48296.5
-116.59903628277227 36.76351629261112 48298.5
-116.599011326924 36.76351593587522 48300.3
-116.5989863824236 36.76351562933889 48302.3
-116.59896144107508 36.76351538905133 48304.6
-116.59893648726616 36.76351522028116 48306.6
-116.5989114890432 36.76351513847308 48308.8
-116.5988864438728 36.76351515261355 48310.9
-116.59886141716268 36.76351528890847 48313.7
-116.59883653435624 36.763515573092654 48317.2
-116.59881203942568 36.763516041959925 48320.1
-116.59878813468032 36.76351666177613 48321.8
-116.59876515530507 36.76351738742186 48323.9
-116.59863497364952 36.7634007992941 48321.8
-116.59863708965352 36.763382072542 48318.4
-116.59863887870588 36.76336234435684 48316.7
-116.5986402109718 36.76334191889752 48315.0
-116.59864101512906 36.76332117957874 48312.7
-116.5986411953458 36.76330060386847 48310.5
-116.5986408797894 36.7632806392654 48307.8
-116.5986402040504 36.76326179002983 48303.7
-116.59863938632768 36.763244433083415 48299.5
-116.59875620150052 36.763175418435374 48295.0
-116.59877649084036 36.7631772223833 48293.1
-116.59879783981263 36.76317890854872 48289.1
-116.59882003326696 36.763180356957 48284.9
-116.59884310911596 36.76318146091404 48279.4
-116.598866803744 36.76318226391147 48272.7
-116.59889093785264 36.7631827970732 48266.7
-116.5989153733974 36.763183099286366 48261.6
-116.59894008983063 36.763183179122514 48257.2
-116.5989649594856 36.76318310566703 48253.0
-116.59898989347664 36.76318291680506 48248.9
-116.59901482623988 36.76318264983968 48245.4
-116.59903974069428 36.76318233577599 48242.2
-116.59906464964274 36.763182021434496 48239.6
-116.59908958674912 36.76318173488138 48236.6
-116.59911459812513 36.76318150054432 48232.7
-116.59913968780648 36.76318134251039 48229.0
-116.59916480784216 36.76318124898956 48225.7
-116.59918991485496 36.763181206623976 48222.8
-116.59921495336336 36.76318119707295 48221.2
-116.59923983605024 36.76318121019472 48219.3
-116.59926453558252 36.763181236922 48217.1
-116.59928903051517 36.76318127596961 48215.5
-116.59931332595164 36.7631813323535 48214.2
-116.59933741184818 36.76318141357292 48213.6
-116.5993613618452 36.76318150950436 48213.9
-116.59938523569616 36.76318160937739 48215.0
-116.59940909280029 36.76318170404167 48216.6
-116.5994330017631 36.76318179460152 48217.7
-116.59945698949156 36.76318188096767 48218.6
-116.59948105990856 36.763181948536655 48219.9
-116.59950518791617 36.76318197878052 48221.9
-116.59952936081363 36.76318194254316 48224.3
-116.5995535440487 36.7631818418374 48226.6
-116.59957770012228 36.763181682365726 48228.7
-116.59960179693591 36.763181478734566 48231.2
-116.59962581556088 36.76318125393111 48234.7
-116.59964976337828 36.763181052963134 48237.7
-116.5996736433421 36.76318091681186 48239.2
-116.59969748666262 36.76318086994145 48240.1
-116.5997213097437 36.76318093149011 48242.1
-116.5997451524122 36.76318107898339 48244.9
-116.59976904529177 36.76318129394262 48246.5
-116.59979300332836 36.76318155695512 48247.8
-116.59981704653732 36.76318184807065 48249.5
-116.5998411867298 36.76318214248012 48251.4
-116.59986544126043 36.763182425720245 48252.6
-116.59988980989544 36.76318268273189 48252.9
-116.59991430071038 36.76318288782496 48252.6
-116.5999388669598 36.76318302764804 48252.2
-116.59996345584112 36.76318308759176 48251.6
-116.59998800151816 36.76318305763452 48250.7
-116.60001246466372 36.76318291548423 48249.6
-116.60003684729315 36.763182682323645 48248.8
-116.60006113549495 36.76318237989209 48248.1
-116.6000853242044 36.76318203784569 48246.5
-116.6001093917732 36.76318169966674 48243.7
-116.60013334035662 36.763181406994654 48241.2
-116.60015717665569 36.76318118831216 48239.2
-116.6001809344542 36.763181058652 48237.0
-116.60020460219138 36.76318103706369 48234.4
-116.6002282036942 36.76318108985707 48231.5
-116.600251764406 36.76318117961928 48228.7
-116.6002752895235 36.76318126414903 48226.1
-116.600298790824 36.7631813038609 48223.5
-116.6003222810964 36.76318128486584 48220.9
-116.60034575448564 36.76318119894628 48218.3
-116.60036919662832 36.76318104605534 48215.7
-116.60039261801828 36.763180824150126 48213.4
-116.60041602124213 36.76318056221341 48211.1
-116.60043939561984 36.76318028463342 48209.3
-116.60046273628944 36.76318001793161 48208.3
-116.60048601692282 36.76317979532375 48207.4
-116.60050923684136 36.76317962698008 48206.6
-116.60053240643975 36.76317951774641 48206.1
-116.60055553965908 36.763179465064425 48205.8
-116.60057862982924 36.76317947437136 48206.0
-116.60060169731048 36.76317953326478 48206.7
-116.60062477195297 36.76317963108571 48208.5
-116.6006478768624 36.76317975429394 48210.2
-116.60067103593492 36.7631798848845 48211.3
-116.60069426125848 36.76317999818373 48212.5
-116.60071755799125 36.763180073094894 48215.1
-116.6007409196966 36.76318009444494 48217.8
-116.60076437121572 36.76318005124462 48219.7
-116.60078790118412 36.76317996079906 48221.5
-116.60081149983844 36.76317983648702 48224.4
-116.60083515769436 36.76317969849909 48226.9
-116.6008588567642 36.763179575625145 48228.3
-116.60088255495651 36.76317948713079 48228.8
-116.60090623031506 36.76317943775872 48229.5
-116.60092986966336 36.76317942328905 48231.2
-116.60095345127569 36.76317942776661 48234.6
-116.60097699561994 36.76317942301807 48238.4
-116.60100052118192 36.76317939813932 48241.1
-116.6010240454392 36.76317935578302 48242.9
-116.60104759274805 36.763179311116126 48245.2
-116.60107117037631 36.76317928683704 48248.2
-116.60109478369236 36.76317930210338 48251.3
-116.60111843446724 36.76317937203283 48254.3
-116.60114209724254 36.76317951365576 48257.0
-116.60116575842964 36.76317970091953 48260.0
-116.60118943103176 36.7631798975034 48264.2
-116.60121312085964 36.76318006457853 48268.1
-116.60123686991012 36.763180154348944 48271.8
-116.60126069781104 36.763180159480726 48275.1
-116.60128459870045 36.76318008204899 48277.5
-116.60130857002748 36.76317993746511 48279.6
-116.60133264107182 36.76317975001606 48282.5
-116.60135680131918 36.76317955273509 48285.5
-116.601381055234 36.76317936143918 48287.8
-116.60140540781002 36.76317918334063 48289.2
-116.60142986465628 36.763179024127695 48290.1
-116.60145438523531 36.76317887305871 48291.2
-116.60147893817576 36.76317871129909 48292.5
-116.60150348579246 36.76317851707634 48293.6
-116.6015280147126 36.76317826821315 48294.5
-116.60155252012704 36.763177980670925 48294.7
-116.6015769885934 36.76317767520813 48294.3
-116.60160140839298 36.763177367522886 48294.1
-116.60162575962823 36.76317707318473 48294.4
-116.6016500466961 36.76317680044005 48294.9
-116.60167427963206 36.763176553309954 48294.4
-116.60169847899267 36.76317633569136 48293.9
-116.60172266312424 36.76317615584233 48292.9
-116.60174685886052 36.763176015154095 48291.8
-116.6017710853121 36.763175915785816 48290.9
-116.60179535702262 36.76317585742985 48289.7
-116.6018196664978 36.76317584266884 48288.4
-116.60184399511223 36.76317585764506 48287.0
-116.60186833403183 36.76317589478384 48285.2
-116.60189267312418 36.7631759514663 48283.5
-116.60191699300844 36.76317603294233 48281.6
-116.60194128573087 36.76317614582256 48279.7
-116.60196554652572 36.76317630310736 48277.3
-116.60198977728272 36.763176516535744 48274.6
-116.60201395563996 36.76317680604446 48272.2
-116.60203809439372 36.76317715413972 48270.0
-116.60206222158833 36.7631775440808 48267.9
-116.60208636634276 36.76317795421459 48265.4
-116.60211055975336 36.763178360995134 48263.6
-116.60213480930908 36.76317876309809 48262.0
-116.6021591170998 36.76317917485325 48260.4
-116.6021834939398 36.76317961513428 48258.4
-116.60220794979055 36.763180108185566 48256.4
-116.60223247474671 36.7631806518475 48254.9
-116.60225707223576 36.76318123167782 48253.3
-116.6022817366064 36.76318182418815 48252.4
-116.60230647109545 36.76318239495272 48252.0
-116.60233127225172 36.76318291428827 48251.2
-116.60235613587923 36.76318336272463 48250.6
-116.60238104608136 36.76318373413216 48250.4
-116.6024060082904 36.763184016817526 48250.0
-116.6024309971524 36.76318423912033 48250.0
-116.60245609181644 36.7631844258434 48249.6
-116.6024810952598 36.76318460094815 48249.4
-116.60250612097468 36.76318479577015 48249.6
-116.60253116703602 36.76318502676661 48250.1
-116.60255622494034 36.763185295476646 48250.4
-116.60258127508584 36.76318558864933 48250.7
-116.60260628714389 36.7631858747796 48251.7
-116.60263125685034 36.76318611578121 48253.0
-116.60265617789044 36.76318628033029 48254.0
-116.60268102862304 36.76318635363592 48254.7
-116.60270584526477 36.76318632266921 48256.6
-116.6027306359937 36.76318622843264 48258.8
-116.60275539843326 36.763186108451485 48260.5
-116.60278013561916 36.76318600225196 48262.5
-116.60280480663316 36.76318595919325 48264.6
-116.60282938716102 36.76318599764871 48266.6
-116.60285385119889 36.763186121126 48269.1
-116.6028781870515 36.76318630823939 48272.4
-116.6029023696534 36.763186520485085 48275.1
-116.6029264713164 36.763186709651485 48277.8
-116.602950548047 36.76318684919073 48280.9
-116.60297464710176 36.763186935910106 48284.1
-116.60299884481192 36.763186985167245 48286.6
-116.60302314067526 36.763187033863375 48289.1
-116.60304752874374 36.763187101073896 48290.7
-116.60307200216148 36.76318719425949 48291.6
-116.60309654143224 36.763187308668144 48293.2
-116.60312112814292 36.76318742651908 48295.1
-116.6031457539255 36.76318753596559 48296.2
-116.60317039391434 36.76318762336832 48296.7
-116.60319504316053 36.76318766405036 48297.1
-116.60321968504044 36.76318764728744 48298.0
-116.6032443150277 36.76318756201224 48298.8
-116.60326893460956 36.76318741190238 48299.4
-116.603293587333 36.76318720818632 48300.1
-116.60331827735808 36.763186990241294 48299.8
-116.6033430081974 36.763186783689136 48299.2
-116.60336779467826 36.763186604264334 48298.8
-116.60339263920046 36.763186471051206 48298.5
-116.603417538501 36.76318638246156 48297.7
-116.6034424800368 36.76318633897403 48296.8
-116.60346744211914 36.7631863367724 48296.5
-116.60349233311292 36.76318637548884 48296.0
-116.6035170356616 36.76318643946827 48294.8
-116.60354136841404 36.76318650987284 48293.2
-116.60356506324165 36.763186550794416 48291.7
-116.6035876339001 36.763186473512576 48288.0
-116.60360887841262 36.76318618714348 48283.4
-116.6036285285316 36.76318556365347 48281.5
-116.6035557628756 36.7628672040519 48307.3
-116.60353624121156 36.76286899840082 48312.5
-116.60351547588031 36.76287079549692 48312.5
-116.60349354822904 36.762872482729705 48314.2
-116.60347051965338 36.76287401853668 48317.3
-116.60344651435348 36.76287537032072 48320.6
-116.60342186254051 36.76287660791873 48323.4
-116.60339677158628 36.76287778016796 48325.0
-116.60337146266896 36.76287893350484 48326.5
-116.60334614420296 36.762880111026725 48327.6
-116.60332097997232 36.7628813248076 48327.5
-116.60329606987828 36.762882559196 48326.8
-116.60327147804172 36.762883781157086 48324.9
-116.60324732335614 36.762884934376174 48323.7
-116.60322356463752 36.76288597834276 48323.2
-116.60320016591812 36.76288687571216 48321.8
-116.60317701737868 36.76288760539017 48319.4
-116.6031541062436 36.76288812061384 48317.2
-116.60313127530787 36.762888454681246 48316.2
-116.6031084358094 36.76288862083779 48315.6
-116.60308550520396 36.76288864060907 48314.5
-116.60306248300664 36.76288852117603 48313.8
-116.60303934956067 36.76288831789059 48313.2
-116.6030160919054 36.762888067466974 48312.6
-116.60299271364458 36.762887805217815 48311.5
-116.60296919292836 36.76288757141345 48309.8
-116.60294556101748 36.762887393513445 48308.2
-116.60292183028496 36.76288729010172 48305.8
-116.60289801769056 36.76288725999768 48302.9
-116.60287408328875 36.76288728805721 48300.4
-116.60285005213542 36.76288732404719 48297.9
-116.6028259294777 36.762887339585006 48294.7
-116.60280171458191 36.7628873252801 48291.8
-116.60277741536083 36.76288728078653 48289.6
-116.60275305312392 36.76288721907103 48287.0
-116.6027286438417 36.76288714557917 48284.3
-116.6027042099812 36.76288706576756 48281.5
-116.60267977472364 36.76288698353118 48279.2
-116.60265535683284 36.76288690110021 48276.8
-116.6026309712566 36.76288681593099 48274.4
-116.6026066300136 36.76288672867416 48272.9
-116.60258233956549 36.76288664132156 48271.4
-116.6025580846917 36.762886555517134 48269.7
-116.60253385373208 36.762886474107376 48268.8
-116.60250963355092 36.76288639985311 48268.7
-116.60248539941436 36.76288633596685 48268.3
-116.6024611356654 36.76288628002241 48267.8
-116.60243683422664 36.76288622869557 48268.0
-116.60241249483228 36.762886183621966 48268.1
-116.60238810607326 36.762886151825896 48268.2
-116.60236367575838 36.762886136841054 48269.1
-116.6023392138431 36.76288614173746 48270.9
-116.6023147372962 36.76288617317362 48272.9
-116.602290241402 36.762886243474064 48274.6
-116.60226573830522 36.7628863461152 48276.9
-116.60224123452696 36.76288647275461 48279.9
-116.6022167384369 36.7628866168137 48283.1
-116.60219225223696 36.76288677185581 48285.7
-116.6021677868178 36.7628869257186 48288.7
-116.60214334900088 36.7628870708626 48292.4
-116.60211892807315 36.76288719446832 48296.5
-116.60209452865745 36.76288727710554 48300.0
-116.602070136568 36.762887315096485 48303.3
-116.60204574872608 36.76288730840944 48307.6
-116.60202135963848 36.76288726440583 48311.8
-116.60199698849712 36.76288719135805 48315.6
-116.60197263972796 36.762887112222806 48319.7
-116.60194831941632 36.762887043119285 48324.3
-116.60192404000314 36.76288699702023 48328.3
-116.6018997914618 36.76288698844528 48331.6
-116.60187555837092 36.762887006183895 48334.6
-116.6018513274278 36.76288703359064 48337.3
-116.6018270788832 36.76288705276246 48340.0
-116.60180280295272 36.762887046795214 48342.4
-116.6017784929454 36.7628870145496 48345.0
-116.60175413906816 36.762886953398166 48347.4
-116.60172972425865 36.76288685909108 48348.9
-116.60170515075674 36.76288672094634 48349.9
-116.60168072004709 36.76288654777257 48351.2
-116.60165604616547 36.76288634372752 48352.4
-116.60163143362716 36.76288612230009 48353.2
-116.60160679446396 36.762885893865295 48354.1
-116.60158213600522 36.762885674215575 48354.6
-116.6015574721082 36.76288547742831 48355.1
-116.60153283629202 36.76288531926791 48356.3
-116.60150822924425 36.762885226328144 48357.1
-116.60148367341928 36.76288519877024 48357.2
-116.60145917943926 36.76288523697553 48356.4
-116.6014347701963 36.762885337582375 48355.0
-116.6014104218661 36.76288550083109 48353.3
-116.60138612443453 36.76288569286202 48351.6
-116.60136186242306 36.762885893445215 48349.5
-116.60133760464124 36.762886084314495 48346.9
-116.60131334131768 36.762886238772 48343.0
-116.60128905089068 36.76288635784954 48340.3
-116.60126472398296 36.76288645063976 48338.1
-116.60124035200047 36.76288652770408 48334.5
-116.60121592812328 36.762886595784266 48330.2
-116.60119145441436 36.76288665813142 48325.3
-116.60116693215744 36.76288671345728 48319.7
-116.6011423602206 36.76288675960989 48314.6
-116.60111774243867 36.76288679308879 48310.0
-116.60109309304758 36.76288682020791 48305.6
-116.60106842474084 36.76288684695228 48300.8
-116.60104376153332 36.76288687839469 48296.2
-116.6010191343146 36.76288691774472 48291.1
-116.60099456302184 36.76288695806377 48285.6
-116.60097005120434 36.76288699204751 48279.2
-116.6009455770514 36.76288700955736 48271.6
-116.60092113293376 36.762886995168806 48266.5
-116.60089668866422 36.76288696056881 48264.1
-116.60087222898048 36.762886921551534 48260.9
-116.60084774458709 36.76288689426688 48256.7
-116.60082320094364 36.76288688563047 48251.8
-116.60079860718196 36.76288687983504 48246.7
-116.60077396987788 36.76288686701656 48242.1
-116.60074930086448 36.76288684550188 48238.8
-116.60072461910045 36.76288681586024 48236.3
-116.60069994012808 36.76288677775687 48233.6
-116.60067526947816 36.76288673287485 48231.1
-116.60065060823736 36.76288668780089 48228.0
-116.60062594702802 36.762886661742485 48225.6
-116.60060128065236 36.762886670182304 48223.8
-116.60057660808972 36.76288672698592 48222.0
-116.60055195023509 36.76288684723316 48221.6
-116.60052726342244 36.762887050773045 48222.0
-116.6005025674948 36.76288731239691 48222.5
-116.60047786887328 36.76288760870003 48223.3
-116.60045316528876 36.76288790862425 48225.4
-116.600428478698 36.76288816621712 48228.4
-116.60040380426209 36.76288834924109 48231.1
-116.60037914022612 36.76288843113914 48233.1
-116.60035445681989 36.76288840002354 48235.7
-116.6003298130046 36.762888243261614 48239.1
-116.60030517211456 36.762888006764406 48242.7
-116.60028052823372 36.762887720324976 48246.8
-116.60025587861682 36.76288741600887 48250.7
-116.60023121000997 36.76288712871759 48254.8
-116.60020652197196 36.7628868769708 48258.4
-116.6001818161025 36.76288666521838 48261.9
-116.60015711131103 36.762886490434255 48264.9
-116.60013240928669 36.76288635239128 48267.1
-116.60010773928477 36.76288624102382 48269.2
-116.60008312491148 36.76288615501015 48271.3
-116.6000585985199 36.762886099422055 48273.1
-116.6000341644578 36.762886081922815 48273.5
-116.60000980719124 36.76288609314936 48274.0
-116.59998550612868 36.762886128515454 48274.6
-116.59996124654208 36.76288618506031 48274.9
-116.59993699111163 36.76288626906033 48275.2
-116.59991271473828 36.76288637019845 48274.9
-116.59988839110886 36.76288646673065 48274.5
-116.59986398865824 36.762886534272745 48274.4
-116.59983950420128 36.762886546840285 48274.2
-116.59981493291512 36.7628865074729 48273.6
-116.59979027616149 36.76288642079487 48272.7
-116.5997655346858 36.762886297877 48271.8
-116.59974073125346 36.76288614818281 48270.7
-116.59971589400467 36.762885991694766 48270.1
-116.59969104578768 36.76288583895309 48268.8
-116.5996662098412 36.762885699431294 48266.7
-116.59964138959236 36.76288558377534 48264.2
-116.59961659688094 36.76288548840478 48261.9
-116.59959184093084 36.76288541181158 48260.5
-116.59956713791505 36.762885355186896 48259.5
-116.59954249369768 36.76288533369092 48257.7
-116.5995179029468 36.76288535341348 48255.6
-116.59949335565295 36.76288541909057 48253.6
-116.5994688394062 36.76288552525793 48251.0
-116.59944431265173 36.76288565676722 48248.5
-116.59941976607269 36.76288579118373 48247.2
-116.59939518921044 36.76288592294684 48245.7
-116.59937057972432 36.762886050944864 48243.5
-116.59934594368116 36.762886178103365 48241.5
-116.59932129433798 36.76288630790806 48240.5
-116.5992966358031 36.76288643958768 48239.2
-116.5992719630426 36.7628865683664 48237.7
-116.59924727514162 36.762886693854114 48237.0
-116.5992225714806 36.76288681797678 48236.7
-116.59919785523792 36.76288694027106 48236.5
-116.59917313187246 36.762887063448375 48236.5
-116.59914840778916 36.7628871877568 48237.0
-116.59912369164869 36.76288730435267 48238.3
-116.59909898763053 36.76288740077016 48239.3
-116.59907428273787 36.76288746504432 48240.1
-116.59904958934952 36.7628874805556 48241.4
-116.59902488201844 36.762887453743296 48244.1
-116.59900014662507 36.76288739287712 48247.2
-116.59897536987104 36.76288731096791 48250.3
-116.59895053662326 36.762887225277645 48254.2
-116.59892564997456 36.762887157317365 48258.9
-116.59890072432157 36.76288712582278 48262.9
-116.5988758273874 36.762887151277525 48266.4
-116.59885104948552 36.762887273314725 48270.3
-116.59882657674824 36.762887496452144 48275.0
-116.5988026478743 36.762887828056655 48279.6
-116.59877957960344 36.76288824987965 48283.5
-116.59864172944268 36.76277031064057 48284.3
-116.59864328309708 36.7627516950653 48275.7
-116.59864455187792 36.76273217662267 48272.2
-116.59864541198787 36.76271202831441 48268.8
-116.59864572221775 36.76269167414232 48265.6
-116.59864553647203 36.76267142249164 48263.2
-116.59864494298854 36.76265178634216 48260.3
-116.5987937721897 36.76254510914078 48245.5
-116.59881587872572 36.76254665055845 48240.2
-116.59883921685018 36.76254799124346 48237.4
-116.5988635210896 36.762549107604 48234.1
-116.59888859921524 36.762549988622645 48231.3
-116.59891422391308 36.76255059085938 48229.5
-116.59894036147313 36.76255092635594 48228.2
-116.59896656684175 36.7625510048427 48227.5
-116.5989928056004 36.76255085029596 48226.8
-116.599018890131 36.76255048394157 48225.7
-116.59904481211694 36.762549975040976 48225.7
-116.59907047498896 36.762549381681055 48226.2
-116.5990958482734 36.762548750275855 48226.9
-116.59912086473972 36.762548114969306 48227.5
-116.59914554775104 36.76254748985198 48228.2
-116.59916990707372 36.76254688341815 48228.6
-116.5991939642304 36.76254630447623 48228.6
-116.5992177644468 36.76254576750964 48229.4
-116.5992414031041 36.76254528179217 48229.9
-116.5992649726516 36.76254485188703 48230.4
-116.59928854326746 36.7625444780911 48230.9
-116.59931219418624 36.762544166251125 48230.9
-116.59933591455174 36.76254391332506 48230.1
-116.59935971983064 36.7625437195463 48228.7
-116.59938360618328 36.762543583057465 48226.6
-116.59940758037308 36.76254349576256 48224.7
-116.59943160668588 36.76254343233228 48223.5
-116.59945569265253 36.76254336997586 48222.3
-116.59947983709289 36.76254328918439 48221.0
-116.59950403038005 36.76254316984833 48219.9
-116.59952827581004 36.76254301433551 48218.9
-116.5995525501445 36.762542838092855 48218.0
-116.59957684199372 36.76254266077538 48217.0
-116.59960114936672 36.76254250645472 48216.7
-116.59962543783791 36.76254238871224 48217.1
-116.59964969562073 36.76254231138226 48217.8
-116.59967390674628 36.76254227085512 48218.5
-116.5996980535452 36.76254225842508 48219.4
-116.59972214148624 36.76254224626202 48221.4
-116.59974620024056 36.7625422136907 48224.6
-116.59977025459114 36.76254215101396 48227.1
-116.59979432276114 36.76254205745544 48229.3
-116.59981842499984 36.76254194719 48231.7
-116.59984255073871 36.76254183644672 48233.4
-116.59986669266765 36.76254174498378 48234.8
-116.59989085413424 36.7625416942451 48236.2
-116.59991500085408 36.762541690273245 48237.8
-116.59993913365028 36.76254172964116 48239.6
-116.59996324006728 36.762541803983545 48240.7
-116.5999873108894 36.762541897833735 48241.8
-116.60001134814148 36.76254199589104 48242.2
-116.6000353656094 36.76254208883858 48242.2
-116.6000593799044 36.7625421697954 48242.3
-116.60008340460492 36.76254223098388 48242.3
-116.60010746744273 36.762542266935135 48241.8
-116.60013158078468 36.7625422776006 48241.1
-116.60015575361795 36.76254226738837 48240.2
-116.60017998101756 36.762542234248016 48239.0
-116.60020425580562 36.76254218120157 48237.5
-116.60022855810809 36.76254211626851 48235.8
-116.60025287640568 36.762542044029374 48233.7
-116.60027719795896 36.76254196923568 48231.6
-116.60030151135264 36.76254189285634 48229.8
-116.60032580938334 36.762541807115966 48227.7
-116.60035008626976 36.76254169959315 48225.2
-116.60037431332792 36.762541551359455 48222.8
-116.60039850163086 36.76254135557205 48221.2
-116.6004226300582 36.76254111891655 48219.5
-116.60044669149232 36.76254085962293 48217.8
-116.60047069514404 36.762540605433 48216.3
-116.6004946655513 36.76254038823019 48215.0
-116.60051864262772 36.762540224823866 48214.4
-116.60054265902431 36.76254011675331 48215.1
-116.60056675489298 36.762540056335865 48215.7
-116.60059091554804 36.76254002635211 48216.6
-116.60061514565912 36.762540019309846 48218.6
-116.60063943278696 36.76254003008177 48221.0
-116.60066377102008 36.76254006115008 48224.0
-116.6006881268283 36.76254011702087 48227.8
-116.60071248742948 36.762540202648 48232.0
-116.60073684611032 36.76254031994936 48236.6
-116.60076120553904 36.76254047013671 48241.7
-116.60078555196576 36.762540637928495 48247.3
-116.60080990129572 36.76254080573772 48253.2
-116.60083426227597 36.76254095646125 48259.3
-116.60085863719333 36.762541069162616 48265.9
-116.60088304706592 36.76254113702899 48272.3
-116.60090747458328 36.762541156601365 48278.3
-116.6009319124691 36.762541122299126 48284.9
-116.6009563363984 36.76254102475677 48292.0
-116.6009807747312 36.76254086844527 48299.2
-116.60100521757202 36.762540661674784 48306.8
-116.60102967547296 36.76254041871804 48313.7
-116.60105415902196 36.76254015145434 48320.1
-116.60107868467897 36.76253986994626 48326.9
-116.6011032552284 36.7625395793862 48333.9
-116.6011278713776 36.76253928129604 48340.3
-116.6011525290472 36.76253897906014 48346.2
-116.60117720331807 36.76253868851551 48351.6
-116.6012018715212 36.762538432971866 48356.2
-116.60122651909724 36.76253823351069 48360.2
-116.6012511583536 36.76253811748696 48364.1
-116.60127574928268 36.76253809225638 48367.7
-116.60130032053031 36.76253816011096 48370.6
-116.6013248839024 36.762538324706085 48372.9
-116.60134947420606 36.76253858944884 48375.4
-116.6013740582468 36.76253892090847 48377.3
-116.60139867051052 36.76253928565655 48377.7
-116.60142331882372 36.76253964716279 48378.6
-116.60144799766722 36.76253996045812 48379.7
-116.60147274127112 36.76254020488829 48379.3
-116.60149753589104 36.762540385533214 48378.2
-116.60152237999662 36.762540524271685 48376.8
-116.6015472718399 36.762540655102725 48375.4
-116.60157219537768 36.76254080524432 48373.5
-116.60159714031296 36.762540986006805 48371.5
-116.60162209846028 36.76254119949716 48368.7
-116.60164706948508 36.76254144652461 48365.5
-116.60167203606866 36.76254171002277 48362.6
-116.6016969977134 36.7625419713072 48359.5
-116.60172193699624 36.762542212338666 48355.7
-116.60174681943596 36.762542410598606 48351.5
-116.60177165502664 36.76254255496158 48347.8
-116.60179641938372 36.76254263929392 48343.9
-116.60182110661268 36.76254266613283 48340.0
-116.60184569623684 36.76254264465288 48335.4
-116.60187020728476 36.76254259354172 48330.5
-116.60189462221072 36.76254252416131 48326.3
-116.60191893660068 36.76254244344523 48321.8
-116.60194314431628 36.762542363760495 48317.0
-116.6019672565983 36.76254229341285 48312.8
-116.60199128434644 36.76254223292088 48308.6
-116.60201523050452 36.76254217879353 48303.9
-116.6020390836246 36.762542130516046 48298.8
-116.60206285125368 36.76254208383519 48294.2
-116.60208654043308 36.7625420296118 48290.2
-116.60211014988104 36.76254196451351 48286.9
-116.60213366249424 36.76254190365093 48282.5
-116.60215707076892 36.76254185933088 48278.3
-116.60218037862631 36.76254183061993 48274.5
-116.60220358969006 36.76254181376245 48271.1
-116.6022266908174 36.76254180969757 48267.6
-116.60224968003632 36.76254182579791 48263.6
-116.6022725659334 36.76254187386022 48260.1
-116.60229536995269 36.76254196456679 48257.0
-116.60231815472778 36.76254211112905 48253.6
-116.60234095694572 36.762542307888616 48250.2
-116.60236381866147 36.76254254442741 48247.4
-116.60238674835271 36.76254281465656 48244.6
-116.60240976305325 36.76254312078518 48242.2
-116.60243282805948 36.76254345595137 48241.1
-116.60245593954552 36.76254380810392 48239.2
-116.60247908192342 36.762544158010265 48237.1
-116.60250221979156 36.762544479607904 48235.7
-116.60252535797096 36.76254475182146 48234.1
-116.60254849097748 36.76254496890512 48234.0
-116.60257162017288 36.76254513737484 48234.9
-116.60259473537084 36.7625452795422 48236.3
-116.60261780120187 36.76254544120032 48237.1
-116.60264077718152 36.76254563404552 48237.2
-116.602663638709 36.762545845686525 48237.4
-116.6026863601683 36.76254605253117 48238.8
-116.6027089870368 36.76254624071594 48241.5
-116.60273156222244 36.76254640493229 48244.0
-116.60275412394697 36.762546545339966 48245.6
-116.6027766853993 36.762546663295616 48245.9
-116.60279925682066 36.762546768705086 48246.3
-116.60282191776976 36.76254687593458 48247.6
-116.6028444804379 36.76254699816098 48249.6
-116.60286703756672 36.762547149796674 48251.9
-116.60288957239568 36.76254732711909 48254.0
-116.60291209471308 36.76254751380575 48256.0
-116.60293460652224 36.7625476959654 48257.7
-116.60295710523631 36.76254787471276 48259.5
-116.6029795931544 36.76254805549971 48261.6
-116.60300207517804 36.76254824539849 48264.1
-116.60302456045588 36.762548450311726 48266.3
-116.60304707208924 36.76254868526573 48267.8
-116.60306958995368 36.7625489603572 48269.4
-116.60309212006642 36.76254927548407 48271.8
-116.60311466956172 36.76254962665838 48275.1
-116.603137261873 36.76255001788677 48278.6
-116.6031598801238 36.76255044599674 48281.6
-116.60318255167472 36.76255090448033 48284.5
-116.60320529335708 36.76255137235356 48287.1
-116.6032281171995 36.76255181405039 48289.9
-116.60325103907245 36.76255220136808 48293.2
-116.60327404329313 36.76255251961408 48296.2
-116.603297119972 36.76255276056843 48298.9
-116.60332024830797 36.76255291380173 48301.1
-116.60334345587972 36.76255299120815 48303.5
-116.60336670926868 36.7625530099012 48305.6
-116.60338999771189 36.76255299005874 48307.3
-116.60341332044852 36.76255295965302 48309.0
-116.60343666300096 36.76255295672634 48310.2
-116.60345999936727 36.762553011566055 48311.4
-116.60348328589733 36.76255314283449 48312.4
-116.60350645292432 36.76255336535217 48313.4
-116.60352934172847 36.762553656544334 48314.6
-116.60355181916404 36.762553976930654 48315.7
-116.60357367406564 36.762554257702575 48315.7
-116.60370841398507 36.76245068212823 48313.0
-116.603705426036 36.7624343249902 48306.5
-116.60370228825448 36.76241711172701 48303.4
-116.60369925591338 36.76239918326485 48300.7
-116.60369651299558 36.76238064775754 48298.9
-116.60369409583345 36.762362033961466 48297.1
-116.60369191623992 36.76234366455128 48293.0
-116.60368984415388 36.76232594294318 48284.5
-116.60353739369998 36.7622368459962 48294.7
-116.60351683190108 36.76223894008687 48296.1
-116.60349512761988 36.76224097135759 48297.1
-116.60347240663688 36.76224287247389 48298.1
-116.60344868288584 36.76224458927557 48298.4
-116.60342442302424 36.762246111112255 48298.4
-116.60339981520865 36.76224745197885 48297.4
-116.60337507782184 36.76224861724555 48295.6
-116.60335036053 36.76224961129312 48294.6
-116.60332582431931 36.76225048952989 48293.6
-116.6033014341268 36.762251308660886 48292.3
-116.60327716347584 36.762252102922496 48290.8
-116.6032529854224 36.76225289294332 48289.6
-116.60322886815295 36.762253685694695 48288.6
-116.603204816427 36.76225447253595 48287.2
-116.60318085038332 36.76225523254919 48286.0
-116.60315697725753 36.76225592847949 48284.9
-116.60313321526765 36.76225652722751 48284.2
-116.60310952676716 36.76225699687589 48283.3
-116.60308589106488 36.76225731351742 48282.1
-116.6030622402874 36.76225745632945 48281.2
-116.60303860946584 36.76225745503727 48280.5
-116.603014901894 36.76225734509167 48280.2
-116.60299107218144 36.7622571557054 48279.7
-116.60296707081888 36.76225692585752 48278.7
-116.60294292015696 36.76225670469059 48277.5
-116.60291864269348 36.76225650867561 48276.1
-116.60289427148082 36.7622563349679 48275.1
-116.6028698390518 36.76225616974645 48274.3
-116.60284538794872 36.76225598611139 48273.0
-116.60282094455384 36.76225576325004 48271.7
-116.60279652425427 36.76225548815372 48270.6
-116.60277211983204 36.762255143892816 48269.2
-116.60274776433438 36.7622547457304 48268.1
-116.60272343447404 36.76225432034467 48267.1
-116.60269911498312 36.762253888572616 48265.6
-116.60267479213182 36.76225346298051 48263.8
-116.60265045259996 36.7622530604358 48262.6
-116.60262610441248 36.76225269795077 48261.5
-116.60260176015206 36.76225239332577 48260.2
-116.60257744750072 36.76225217282061 48258.9
-116.6025531158908 36.76225203143322 48257.6
-116.60252877552122 36.76225195319704 48256.5
-116.60250441576429 36.76225191857649 48255.8
-116.60248002602252 36.762251905002486 48255.7
-116.60245560413829 36.76225189054993 48255.7
-116.6024311509617 36.76225186519085 48255.2
-116.6024066574256 36.76225182358567 48255.6
-116.60238210807266 36.762251759249416 48256.2
-116.6023575281272 36.76225167998569 48256.6
-116.60233293598012 36.76225159707498 48257.3
-116.60230836110824 36.762251519330206 48257.9
-116.60228384705673 36.76225145507405 48259.0
-116.60225940509802 36.7622514046808 48260.6
-116.602235046271 36.76225136522871 48262.1
-116.60221076616716 36.76225133359979 48263.5
-116.60218655209272 36.76225130761373 48265.1
-116.60216237279612 36.7622512810406 48267.0
-116.60213820541564 36.76225124676871 48269.0
-116.60211403342424 36.76225119470941 48271.5
-116.60208983268012 36.76225111837383 48273.7
-116.60206560924334 36.762251021420326 48275.8
-116.60204135652016 36.762250917181085 48277.6
-116.60201706822592 36.7622508166124 48279.5
-116.60199274466194 36.76225072894703 48281.8
-116.60196838059709 36.76225066837428 48284.1
-116.60194397664888 36.76225063820368 48287.2
-116.60191953384115 36.76225063289864 48291.0
-116.60189506340332 36.76225064926869 48294.6
-116.60187057136862 36.76225067890365 48297.7
-116.60184607200058 36.76225071808548 48301.4
-116.60182157422416 36.76225076943863 48305.1
-116.60179709383584 36.7622508418556 48308.8
-116.60177262530252 36.76225093763945 48312.6
-116.60174817476332 36.76225105540104 48316.1
-116.6017237364405 36.76225119214839 48319.1
-116.60169929945457 36.762251337117966 48322.3
-116.60167485683787 36.762251477921325 48325.6
-116.60165040832187 36.76225161398102 48329.6
-116.60162595393038 36.76225174839784 48333.5
-116.6016014965672 36.76225188700899 48336.8
-116.60157703143106 36.76225202736838 48340.0
-116.60155255786545 36.76225216290317 48342.6
-116.60152807687687 36.76225229197512 48344.9
-116.60150358936616 36.762252415422665 48346.9
-116.60147910303188 36.762252532625055 48349.2
-116.60145462503311 36.762252643147335 48351.5
-116.60143016168377 36.76225274726216 48353.2
-116.60140571583524 36.76225283953713 48354.3
-116.60138128851112 36.76225291440781 48355.2
-116.60135687199012 36.76225297119419 48356.0
-116.60133246243132 36.7622530151961 48357.2
-116.6013080610232 36.76225305682823 48358.1
-116.60128357123574 36.76225311186232 48358.8
-116.60125918527817 36.76225319550603 48358.8
-116.6012348029318 36.76225331671816 48358.5
-116.60121043477024 36.762253488892526 48358.4
-116.60118605233576 36.76225371171248 48358.4
-116.60116166744464 36.762253982638136 48358.1
-116.60113728171964 36.762254297051086 48357.4
-116.60111290373897 36.76225464509892 48357.1
-116.6010885202888 36.762254996214025 48355.1
-116.60106412896336 36.7622553148262 48353.2
-116.60103972043365 36.76225556798597 48352.4
-116.6010152519274 36.76225571815592 48351.1
-116.60099077426356 36.76225575895041 48349.8
-116.60096627373312 36.76225570634163 48349.9
-116.6009417748326 36.76225559040169 48352.4
-116.6009173070874 36.76225544843609 48354.2
-116.6008928822968 36.76225531365896 48353.5
-116.60086849601048 36.76225519423393 48351.7
-116.60084414138822 36.76225508940272 48350.3
-116.60081980701584 36.76225499503817 48349.0
-116.6007954693932 36.76225490257586 48347.8
-116.60077111579857 36.76225480829241 48346.6
-116.6007467395067 36.76225471229708 48344.9
-116.60072233529988 36.76225461898812 48343.1
-116.6006979007648 36.762254535216094 48341.0
-116.60067343575906 36.7622544697042 48338.3
-116.60064893872052 36.76225442861965 48335.2
-116.60062441036534 36.762254416852585 48331.8
-116.6005998435982 36.762254426607846 48328.7
-116.60057525361027 36.76225445500787 48326.4
-116.6005506526165 36.76225449838252 48323.5
-116.6005260641816 36.76225455114616 48319.6
-116.6005015050172 36.76225461280725 48316.5
-116.60047698312678 36.76225468174479 48314.6
-116.60045249801767 36.76225475341378 48312.8
-116.60042803772303 36.76225481887485 48310.6
-116.60040358409616 36.76225486584775 48308.5
-116.60037912020334 36.76225488116542 48306.5
-116.60035463804005 36.762254856075245 48304.7
-116.60033012882371 36.76225478564589 48302.6
-116.60030563461802 36.76225468620987 48300.8
-116.60028117305812 36.76225458454549 48299.7
-116.60025677501903 36.76225451577855 48300.5
-116.60023250214098 36.762254523498406 48302.2
-116.60020830576931 36.76225462811544 48302.3
-116.60018418682736 36.76225483429072 48301.2
-116.60016011196504 36.762255126764586 48300.9
-116.6001360315766 36.762255463386985 48299.9
-116.60011188961244 36.76225578264599 48299.0
-116.60008767006478 36.76225604599816 48299.1
-116.6000633591433 36.76225623643442 48298.3
-116.60003892758232 36.76225634144158 48297.4
-116.6000144363075 36.76225637448152 48296.9
-116.59998987528324 36.76225634708251 48296.8
-116.5999652532706 36.7622562684069 48295.7
-116.59994057181908 36.76225615306878 48293.8
-116.59991586820011 36.762256037916266 48292.3
-116.59989115501888 36.7622559505111 48290.6
-116.5998664513848 36.76225590270506 48288.7
-116.59984178392504 36.76225589436714 48286.6
-116.59981715120088 36.76225591355687 48283.6
-116.59979257213126 36.76225595637776 48280.3
-116.599768055689 36.76225601901468 48277.2
-116.59974362425471 36.76225610079826 48274.7
-116.59971925459476 36.76225619145974 48272.2
-116.59969493651414 36.76225627678592 48269.2
-116.59967065208916 36.762256348164414 48266.1
-116.59964637800644 36.76225640696088 48263.7
-116.59962208910592 36.76225646796848 48262.2
-116.59959776035872 36.76225654334464 48260.4
-116.59957337517277 36.76225664103914 48259.4
-116.59954890799357 36.76225675774759 48259.6
-116.59952434999693 36.762256870263045 48260.1
-116.5994997018102 36.762256950255605 48260.7
-116.5994749676362 36.762256973970096 48261.7
-116.59945013999337 36.76225692865992 48263.6
-116.59942528455072 36.762256838737216 48265.8
-116.5994004085066 36.76225673394863 48268.5
-116.59937552855531 36.76225663314759 48271.1
-116.5993506687469 36.76225653910164 48273.3
-116.5993258455215 36.76225644977525 48275.6
-116.59930106650384 36.762256375085904 48278.1
-116.59927633092596 36.76225633012052 48280.0
-116.59925164091572 36.76225633486023 48281.3
-116.59922694226223 36.76225638725994 48282.6
-116.59920222933752 36.76225648284802 48283.3
-116.59917749518476 36.76225662245615 48283.6
-116.59915275354317 36.76225681716272 48284.0
-116.59912798436812 36.762257065044295 48284.0
-116.59910319805468 36.76225735728857 48283.3
-116.59907838882992 36.76225767401207 48282.4
-116.59905354619497 36.76225799547252 48281.0
-116.59902866874071 36.76225830836568 48279.0
-116.59900375183211 36.76225860116175 48276.7
-116.59897878735812 36.762258861706016 48274.6
-116.5989537514304 36.76225907190804 48272.7
-116.59892868071265 36.7622592317931 48270.8
-116.59890358566732 36.76225935247716 48269.0
-116.59887851296536 36.76225945805453 48267.3
-116.59885359656164 36.76225958990356 48266.0
-116.59882897019324 36.76225979011109 48264.9
-116.59880485097652 36.762260082669535 48263.3
-116.59878150900488 36.76226046243132 48262.1
-116.59875944019404 36.762260868964745 48263.0
-116.59873883865691 36.762261168699474 48264.4
-116.59863701780904 36.7621653129055 48255.3
-116.59863883302955 36.76214889834447 48251.9
-116.59864073473815 36.762131318651605 48254.7
-116.59864245296436 36.762112758856496 48254.6
-116.59864382258476 36.76209343567791 48253.4
-116.59864474017016 36.76207359840019 48252.4
-116.5986451042706 36.76205366412893 48251.9
-116.59864501011724 36.76203392886073 48251.0
-116.59864458288368 36.7620149059456 48248.9
-116.59864399212168 36.76199701556144 48243.9
-116.59876400080424 36.76191774431448 48245.5
-116.59878452274556 36.76191919232352 48248.9
-116.5988062406633 36.76192053455412 48251.5
-116.59882909586877 36.76192169072042 48252.4
-116.5988530429627 36.76192257316872 48251.7
-116.59887793703784 36.76192316774043 48251.7
-116.59890345923402 36.76192345664917 48252.6
-116.59892938399514 36.761923435433154 48253.7
-116.5989554507939 36.76192310644906 48255.2
-116.59898157146104 36.76192258500932 48256.8
-116.59900754890144 36.76192196918711 48258.4
-116.59903330800834 36.76192132227191 48260.5
-116.59905879612336 36.7619207024454 48263.5
-116.59908403388872 36.761920141431965 48267.4
-116.5991090627417 36.76191965031784 48270.8
-116.59913392443694 36.76191924111546 48273.4
-116.59915868415258 36.76191893978999 48275.6
-116.59918335876816 36.76191873396821 48278.7
-116.5992080091642 36.76191860510502 48282.3
-116.59923264420767 36.76191853016151 48285.7
-116.59925724543936 36.76191847747604 48288.3
-116.59928180991204 36.761918406740605 48290.9
-116.59930635909696 36.761918294028376 48293.7
-116.59933100952236 36.76191812967394 48296.1
-116.59935555668596 36.761917911010855 48298.6
-116.599380098958 36.761917655239024 48301.1
-116.59940458103296 36.76191738254809 48303.0
-116.59942896983108 36.76191711064234 48304.8
-116.59945324128266 36.76191685258167 48307.0
-116.599477408335 36.76191661044378 48308.9
-116.59950149843812 36.76191638148947 48310.4
-116.5995255371912 36.761916157078325 48311.9
-116.59954954667164 36.76191592119714 48313.6
-116.5995735636122 36.761915664218 48314.6
-116.59959759859149 36.761915378782845 48315.3
-116.59962165874964 36.76191505962702 48316.5
-116.5996457427808 36.76191470433382 48317.3
-116.59966985805455 36.761914330660254 48317.7
-116.59969398037596 36.76191396274045 48317.8
-116.5997180902154 36.76191362655484 48317.9
-116.5997421862699 36.761913348298094 48318.1
-116.59976624532224 36.76191313378883 48318.0
-116.59979029566848 36.76191298233982 48317.6
-116.59981435252536 36.76191288365964 48317.3
-116.5998384336988 36.76191281918784 48317.0
-116.59986253591732 36.76191275850957 48316.6
-116.59988667116072 36.76191268352152 48315.9
-116.59991084044027 36.76191258282911 48314.6
-116.5999350457761 36.76191244504296 48313.4
-116.5999593063848 36.76191227088449 48312.4
-116.59998361484564 36.7619120665396 48311.2
-116.60000797182757 36.76191184222317 48310.0
-116.60003237254692 36.761911608505606 48308.9
-116.6000568008952 36.761911375900326 48307.3
-116.60008124272628 36.761911149471565 48305.5
-116.6001056846547 36.76191092669366 48304.1
-116.60013010899392 36.7619107026296 48302.8
-116.60015450105831 36.761910474838 48302.0
-116.60017884575008 36.761910244224175 48301.9
-116.60020313398589 36.761910018807214 48302.0
-116.60022735797656 36.7619098181738 48302.4
-116.60025150682216 36.76190964888446 48302.7
-116.600275591385 36.76190950797669 48303.1
-116.60029961615756 36.76190938875244 48303.9
-116.60032358693564 36.76190928774504 48304.9
-116.60034751849884 36.76190919610095 48306.3
-116.60037142877898 36.761909104480345 48308.2
-116.60039532168838 36.76190900093033 48310.3
-116.60041918384115 36.76190887708767 48312.1
-116.6004430185701 36.761908744334846 48314.2
-116.6004668084155 36.761908620487446 48316.4
-116.60049055156692 36.76190851769731 48318.7
-116.6005142647986 36.76190843822163 48321.3
-116.600537975262 36.761908379812574 48324.6
-116.60056172277244 36.761908346136565 48327.7
-116.60058553168597 36.761908345669646 48329.3
-116.60060943632726 36.76190838917552 48330.2
-116.60063339679526 36.76190846730537 48331.2
-116.60065740719308 36.76190856244133 48332.6
-116.60068145584968 36.761908653800816 48335.0
-116.6007055307154 36.76190872235031 48337.0
-116.60072962755812 36.761908767620014 48337.9
-116.60075372565396 36.76190879291406 48338.1
-116.6007778116207 36.761908798224574 48337.9
-116.600801869807 36.76190877773894 48337.6
-116.60082591255131 36.761908736627575 48337.0
-116.60084993611112 36.76190867729223 48335.9
-116.600873946905 36.76190859621118 48334.4
-116.60089795027048 36.76190848893437 48332.2
-116.60092197443466 36.7619083603234 48330.1
-116.600946032755 36.761908218144 48328.5
-116.60097014549665 36.76190807400696 48326.7
-116.60099434709116 36.76190794960997 48323.9
-116.60101861257203 36.761907859239685 48321.2
-116.60104293270392 36.76190780823824 48318.5
-116.60106728333352 36.76190779592318 48315.9
-116.60109163845328 36.76190782146476 48313.3
-116.60111594653726 36.76190787388354 48310.8
-116.6011401915934 36.76190793850222 48308.6
-116.60116435332355 36.761908001589774 48306.6
-116.601188391064 36.761908053723005 48304.7
-116.6012122942126 36.761908094901614 48303.0
-116.60123603097104 36.761908128484485 48300.9
-116.60125956735348 36.76190815518866 48298.7
-116.60128282754232 36.76190816399386 48296.6
-116.6013058359466 36.76190813709983 48295.3
-116.60132860495013 36.7619080609832 48295.2
-116.60135115773348 36.761907932836806 48295.0
-116.60137348949364 36.7619077567779 48293.6
-116.6013956698144 36.76190755734801 48290.8
-116.60141770195222 36.76190735240757 48287.8
-116.60143959313938 36.761907150194666 48285.8
-116.60146133578648 36.76190694475641 48285.2
-116.60148298141628 36.76190672499956 48284.3
-116.60150456693674 36.761906485799926 48283.9
-116.60152613007344 36.76190624061479 48282.5
-116.6015477275525 36.76190603038602 48280.6
-116.6015693430828 36.761905887967536 48278.9
-116.60159098191885 36.76190581795485 48277.1
-116.60161263285934 36.76190580602056 48275.4
-116.60163429985612 36.761905842763184 48274.5
-116.60165595557862 36.76190591559452 48274.0
-116.601677614292 36.76190601381487 48272.9
-116.601699285378 36.76190612606394 48272.2
-116.6017209925115 36.76190624301651 48271.9
-116.60174275226215 36.761906355591904 48271.2
-116.60176458209116 36.76190645791801 48270.7
-116.60178649894436 36.76190654119284 48270.3
-116.60180851956392 36.76190658942443 48269.9
-116.60183065430569 36.76190660403335 48269.5
-116.60185288369084 36.761906595723175 48269.1
-116.6018751973844 36.761906579091 48268.1
-116.6018976027306 36.76190657270458 48266.6
-116.60192007803956 36.76190658872954 48265.2
-116.60194262458975 36.761906629087946 48264.8
-116.6019652386602 36.76190668595376 48264.6
-116.60198791171626 36.76190674119617 48263.7
-116.60201062503018 36.76190677210212 48263.4
-116.6020333595828 36.76190676640597 48262.6
-116.60205608857255 36.7619067244256 48259.9
-116.60207877306895 36.76190664751306 48258.0
-116.60210141803212 36.76190654674845 48257.7
-116.6021240089978 36.76190643008111 48256.7
-116.60214654289165 36.761906304435286 48254.9
-116.60216900999178 36.76190617857316 48253.1
-116.60219141170585 36.761906061461815 48251.6
-116.60221375137334 36.7619059588191 48250.1
-116.60223603474952 36.76190587578442 48249.0
-116.60225825698204 36.76190581376039 48247.1
-116.60228039764264 36.7619057586268 48245.0
-116.60230243387998 36.7619056942896 48243.0
-116.60232432915376 36.76190560290045 48241.2
-116.60234599866352 36.761905464189645 48240.2
-116.60236747029728 36.761905271909605 48240.1
-116.60238873512 36.76190503316968 48240.1
-116.60240981796105 36.76190476636364 48240.1
-116.60243075654756 36.761904504298656 48240.3
-116.60245160930089 36.76190428928986 48239.3
-116.602472429964 36.76190415524958 48238.0
-116.60249327738092 36.76190412932305 48237.0
-116.60251427586564 36.76190424635818 48236.4
-116.60253538947012 36.761904494004405 48236.1
-116.60255669305091 36.761904842623935 48235.4
-116.60257822263124 36.761905249044005 48234.5
-116.60260004302276 36.761905664744575 48234.0
-116.60262214751477 36.7619060510732 48233.1
-116.60264453036396 36.76190638432288 48231.6
-116.60266717751512 36.76190665898151 48230.9
-116.6026900833744 36.76190688901128 48230.4
-116.60271318411598 36.76190710700661 48228.3
-116.60273642191322 36.76190732572496 48226.5
-116.60275976246145 36.76190754513856 48225.3
-116.60278317434576 36.761907760596046 48224.1
-116.60280660817304 36.76190796849288 48222.8
-116.60283002682203 36.76190816377246 48221.4
-116.60285339708882 36.76190834058357 48220.1
-116.60287667750768 36.76190848333072 48219.5
-116.60289990512972 36.76190858149072 48219.0
-116.60292310179668 36.761908630304255 48218.9
-116.6029463008326 36.76190862960937 48218.1
-116.60296951774184 36.76190858867618 48216.2
-116.60299276364384 36.761908528139855 48214.6
-116.60301601730484 36.7619084580596 48213.9
-116.6030392637424 36.76190838411174 48213.4
-116.60306248470772 36.76190831305019 48212.4
-116.60308566695846 36.76190825409413 48211.5
-116.60310889982152 36.76190821488986 48210.7
-116.60313199700649 36.76190820177424 48209.6
-116.60315507301758 36.76190822052066 48209.1
-116.60317815819263 36.761908273538005 48208.5
-116.60320130459928 36.76190836546166 48208.1
-116.603224551295 36.76190849486961 48207.7
-116.60324794652844 36.761908650713856 48207.8
-116.60327146616956 36.76190881074983 48208.0
-116.60329509857188 36.76190896051048 48207.9
-116.60331882223969 36.7619090965807 48208.3
-116.60334262486369 36.76190923051284 48208.9
-116.60336646912327 36.761909386478735 48209.3
-116.6033903366624 36.761909588341375 48210.4
-116.60341421701624 36.7619098516755 48211.8
-116.6034381247997 36.76191018277243 48213.3
-116.60346202693252 36.761910559776624 48214.6
-116.60348591383932 36.7619109674683 48216.1
-116.60350972187582 36.76191139097912 48217.2
-116.60353326169388 36.76191179214348 48218.2
-116.6035563544634 36.76191210842103 48220.1
-116.603578741092 36.76191225416269 48220.6
-116.60360012429146 36.761912120921245 48219.5
-116.60370693178312 36.76183326857549 48222.1
-116.60370466487028 36.76181848231381 48231.6
-116.60370196337898 36.76180257190309 48229.1
-116.6036990501439 36.76178566407104 48227.4
-116.60369611265548 36.76176780517873 48226.5
-116.60369331991252 36.7617494183258 48225.6
-116.60369071605372 36.76173081810865 48224.3
-116.60368827281448 36.76171237199806 48222.5
-116.60355374828376 36.76159802800616 48230.0
-116.60353374974795 36.76160023684458 48224.9
-116.60351245516196 36.76160256149501 48222.5
-116.60348999959992 36.7616048421775 48221.3
-116.60346635823636 36.761606974337376 48219.8
-116.60344192736537 36.761608922863545 48218.3
-116.60341688391456 36.76161072822013 48216.6
-116.6033914412996 36.761612428442376 48215.0
-116.60336581401864 36.76161405316262 48213.5
-116.6033403066044 36.7616156159606 48211.9
-116.6033151181993 36.7616171097338 48210.3
-116.60329041483509 36.76161851284772 48208.6
-116.60326635076164 36.7616197887432 48207.2
-116.60324295322476 36.76162091655173 48206.7
-116.60322009145568 36.76162188959195 48205.9
-116.60319763327531 36.761622702239656 48204.5
-116.60317539743846 36.761623342674326 48203.3
-116.60315329410136 36.76162382378353 48202.5
-116.60313115266332 36.76162417009551 48202.1
-116.6031088828462 36.7616243925025 48201.3
-116.60308635829549 36.761624482505 48199.4
-116.60306360396837 36.76162445106416 48197.7
-116.60304056159026 36.76162432172929 48196.3
-116.60301721419874 36.76162412333967 48195.9
-116.60299353657696 36.76162389137737 48196.9
-116.6029695858291 36.76162367627404 48198.3
-116.60294540827918 36.761623523162136 48199.3
-116.60292104791948 36.76162346672552 48200.4
-116.60289656699923 36.761623537308445 48201.8
-116.60287195271316 36.76162371884792 48202.7
-116.60284726948606 36.761623968591 48203.3
-116.60282254137952 36.7616242418818 48204.5
-116.6027977920274 36.761624501173024 48206.4
-116.6027730768112 36.76162472406968 48209.3
-116.60274842598632 36.76162489815928 48212.9
-116.60272386686644 36.761625016390695 48215.6
-116.6026994143866 36.761625080342526 48217.8
-116.60267507801638 36.76162511036511 48220.7
-116.60265082157945 36.76162512247856 48224.3
-116.60262662709256 36.76162512268304 48227.1
-116.60260247964533 36.76162511291614 48229.7
-116.60257836199004 36.76162509407756 48232.6
-116.60255425613184 36.76162507205112 48235.8
-116.60253014934116 36.761625051135326 48239.1
-116.60250603372693 36.76162503107251 48242.4
-116.6024819030304 36.76162500395324 48245.4
-116.60245774753452 36.76162495536296 48248.0
-116.602433556746 36.76162486915958 48250.5
-116.60240930762112 36.761624733757365 48253.2
-116.60238502646096 36.76162455608782 48255.4
-116.60236071319756 36.76162435299254 48257.6
-116.60233639106244 36.76162415066241 48260.9
-116.60231210526936 36.76162398427134 48265.3
-116.60228785374836 36.76162388177985 48270.3
-116.60226364653964 36.76162385366516 48275.3
-116.60223947013276 36.76162388994194 48276.7
-116.60221530500256 36.76162396399785 48276.7
-116.6021911172579 36.76162403802953 48277.7
-116.6021669001271 36.76162408570684 48279.7
-116.60214264899416 36.7616240945915 48282.7
-116.60211834800684 36.76162405797014 48284.8
-116.60209401831912 36.76162398282271 48287.1
-116.60206965075928 36.7616238803552 48289.4
-116.60204525189728 36.76162375836682 48291.3
-116.6020208306076 36.7616236282601 48292.7
-116.60199640357828 36.7616235022725 48293.5
-116.60197198164464 36.76162338538332 48294.4
-116.60194757482084 36.76162327712878 48294.9
-116.60192320043548 36.76162318373593 48294.6
-116.60189885210566 36.76162311759583 48293.7
-116.60187453209194 36.76162308919994 48293.3
-116.60185023598088 36.761623103610006 48292.8
-116.60182597385788 36.7616231651675 48291.6
-116.60180171983174 36.76162327059751 48290.8
-116.6017774850546 36.7616234174549 48290.1
-116.60175327074184 36.76162360358638 48288.8
-116.60172909351176 36.76162383112272 48287.1
-116.60170492539316 36.76162410155729 48285.4
-116.60168076040344 36.761624408497376 48283.3
-116.60165657896592 36.76162473687475 48282.0
-116.60163234872245 36.76162506243468 48280.2
-116.6016080663798 36.76162535752962 48278.1
-116.60158373235288 36.76162560729684 48277.6
-116.60155935504454 36.7616258044064 48278.6
-116.6015349311364 36.761625942776895 48280.3
-116.60151050213884 36.761626034200376 48281.9
-116.6014860551804 36.761626096843365 48284.3
-116.6014615895424 36.76162614611432 48286.4
-116.60143709434664 36.76162618604278 48287.5
-116.60141257877656 36.7616262194302 48289.1
-116.6013880475074 36.7616262508777 48291.6
-116.60136350585228 36.76162628446002 48294.1
-116.60133895898583 36.76162632409293 48297.0
-116.60131441050576 36.76162637705345 48301.1
-116.6012898721698 36.76162645267625 48305.1
-116.60126535799073 36.761626561046505 48309.0
-116.60124089395084 36.76162671298017 48312.9
-116.60121645551936 36.76162689903436 48316.5
-116.60119194670524 36.76162710212038 48319.9
-116.60116765195612 36.76162730642779 48323.5
-116.60114326297412 36.761627506339536 48327.5
-116.60111886310344 36.76162769540911 48331.4
-116.60109443807782 36.76162786777096 48334.9
-116.60106998838232 36.76162802502231 48339.7
-116.601045531256 36.76162818388005 48345.4
-116.60102097353128 36.76162835967437 48350.1
-116.60099651512353 36.76162854929881 48354.0
-116.600972059045 36.761628741081886 48356.5
-116.60094759574288 36.76162891316192 48358.6
-116.60092313975848 36.76162904565248 48362.0
-116.60089868439104 36.76162913614909 48364.3
-116.60087422467264 36.76162918897968 48365.5
-116.60084976113424 36.76162921701536 48367.1
-116.6008253116105 36.76162924693392 48367.7
-116.60080087600087 36.76162929242079 48367.1
-116.60077645816024 36.76162935618337 48366.1
-116.60075205774856 36.761629438389406 48365.9
-116.60072765082656 36.76162952205952 48365.0
-116.6007032240408 36.76162958212734 48364.4
-116.60067875348068 36.76162959177447 48364.5
-116.6006541789432 36.761629518889606 48363.2
-116.60062953320192 36.76162936482175 48359.6
-116.60060480139664 36.76162915687584 48357.4
-116.60058000587834 36.76162892742276 48357.3
-116.60055519287674 36.761628714203006 48356.7
-116.60053039027824 36.76162854449927 48355.8
-116.60050562834869 36.76162842517896 48355.2
-116.6004809134344 36.76162835369188 48353.8
-116.60045624516476 36.76162832515481 48351.7
-116.6004315737756 36.76162832220288 48350.3
-116.60040689022372 36.76162832622424 48348.0
-116.6003821841658 36.76162832397498 48345.7
-116.60035744502504 36.761628303111294 48344.1
-116.60033269131156 36.761628263210085 48342.5
-116.60030792741556 36.761628210153134 48342.0
-116.6002831613311 36.761628151060094 48340.8
-116.60025840507836 36.76162809471917 48339.2
-116.6002336548844 36.76162805295722 48337.2
-116.60020890691754 36.761628034489725 48333.9
-116.60018415892658 36.76162805535512 48331.9
-116.60015940881352 36.761628124876935 48329.6
-116.60013462947768 36.76162822987553 48326.6
-116.60010982802116 36.76162835569011 48323.3
-116.60008500388687 36.761628496779416 48320.2
-116.60006016980265 36.76162866067957 48319.3
-116.60003532595115 36.76162886507497 48319.3
-116.60001049103826 36.7616291353053 48319.5
-116.59998567756206 36.7616294951708 48319.3
-116.59996091648594 36.761629957481205 48318.8
-116.59993616147077 36.76163048857583 48318.5
-116.59991143895203 36.76163104027975 48318.1
-116.59988675109705 36.76163157465978 48317.9
-116.59986208080296 36.76163205324477 48317.4
-116.599837461757 36.76163245562123 48317.0
-116.59981287550592 36.76163278459408 48317.5
-116.59978831630174 36.76163304683877 48317.9
-116.59976376308197 36.76163324645907 48318.6
-116.59973923258389 36.76163339647843 48319.4
-116.59971470043828 36.76163350716679 48319.2
-116.5996901570289 36.76163358394487 48319.2
-116.5996655828084 36.76163363277328 48319.5
-116.59964098689623 36.761633664024416 48320.2
-116.59961636866296 36.76163369079448 48321.4
-116.59959173620156 36.76163372729288 48322.3
-116.59956710309584 36.761633787356885 48323.1
-116.59954246226629 36.76163387346568 48323.3
-116.5995178234526 36.7616339823384 48323.0
-116.59949319265492 36.76163410839597 48323.0
-116.59946858170096 36.76163424763654 48322.8
-116.59944399034032 36.761634398246656 48323.0
-116.59941942434126 36.761634559468014 48322.7
-116.59939488326688 36.761634730511695 48322.1
-116.59937036510364 36.76163490767209 48321.1
-116.59934585953826 36.76163508455482 48319.1
-116.59932136436638 36.761635256025215 48316.7
-116.59929688055657 36.761635419100585 48314.7
-116.59927241343304 36.76163557333581 48313.0
-116.59924796865351 36.761635717618255 48311.6
-116.59922354623474 36.76163584371593 48309.8
-116.5991991502682 36.76163594563886 48307.9
-116.59917477610992 36.76163602590721 48306.0
-116.5991504174686 36.76163609094753 48303.4
-116.59912605381297 36.761636144626735 48300.8
-116.59910166897104 36.761636180168026 48298.6
-116.5990772272989 36.761636178549615 48295.3
-116.59905273800568 36.76163612796724 48290.8
-116.59902818798297 36.761636035351366 48286.4
-116.5990035801792 36.76163591415048 48282.7
-116.5989789171274 36.761635783000976 48279.7
-116.5989542106129 36.76163567060368 48277.4
-116.5989294700738 36.761635605339286 48274.5
-116.59890470655724 36.761635614117054 48271.3
-116.5988799664798 36.761635721532 48267.9
-116.59885526320124 36.7616359188216 48265.3
-116.5988307302882 36.76163618971408 48263.3
-116.59880654002492 36.761636525225214 48261.4
-116.59878304945951 36.7616369121955 48259.5
-116.59876053740538 36.76163730119121 48257.9
-116.59862751186088 36.761525521023465 48243.7
-116.59862876160427 36.761507702926245 48233.7
-116.59862981421637 36.7614888285845 48234.5
-116.59863053416548 36.761469121745165 48235.1
-116.5986308720684 36.76144900135528 48234.7
-116.59863081422937 36.76142886221447 48232.8
-116.59863035875355 36.761409309241614 48230.5
-116.59876473774096 36.76128913835717 48223.7
-116.59878096182604 36.7612894089693 48217.0
-116.59879740530016 36.76128968075656 48219.7
-116.59881421939072 36.76128998703843 48222.5
-116.59883146763444 36.76129036599028 48224.2
-116.5988492325267 36.761290832522754 48225.4
-116.59886756060963 36.7612913866618 48227.5
-116.59888654947012 36.7612920323046 48230.5
-116.5989060882521 36.76129276241332 48232.8
-116.5989261096112 36.76129355624304 48235.4
-116.59894652915769 36.76129438064538 48239.3
-116.5989672816986 36.761295190439945 48244.5
-116.59898831125427 36.76129593828055 48249.4
-116.59900956726553 36.761296591509925 48253.0
-116.59903104810112 36.76129711804087 48255.3
-116.59905278062688 36.76129749349804 48257.6
-116.59907487658856 36.76129774116094 48259.7
-116.599097302789 36.76129789021345 48261.1
-116.59912006525629 36.76129795627046 48262.5
-116.59914317360284 36.76129794544552 48264.3
-116.5991666008061 36.76129786962954 48265.7
-116.59919026175508 36.76129773788296 48266.4
-116.59921410081424 36.76129755167081 48266.4
-116.5992380560554 36.76129730328792 48266.3
-116.59926209633592 36.76129698383204 48266.0
-116.5992861679162 36.76129659267944 48266.0
-116.59931024350576 36.76129613702592 48266.2
-116.59933429050552 36.76129563715481 48265.5
-116.59935830235432 36.76129512430278 48263.6
-116.5993822577814 36.76129461578921 48262.8
-116.59940615030348 36.76129412039699 48263.0
-116.59942997797116 36.761293646947166 48263.2
-116.59945373531876 36.761293198108895 48262.7
-116.5994774302093 36.761292776721966 48261.7
-116.59950116194744 36.76129238359061 48260.8
-116.59952475530396 36.7612920249514 48260.4
-116.5995483153093 36.76129168924516 48260.1
-116.59957187432336 36.761291367627486 48259.6
-116.59959545119672 36.76129105142822 48258.9
-116.59961905970788 36.7612907295654 48258.5
-116.59964270731552 36.761290397919865 48258.2
-116.59966637861012 36.761290067138624 48257.0
-116.59969004888706 36.76128974804396 48255.6
-116.59971369963316 36.76128945188188 48255.0
-116.59973730862296 36.761289191028176 48253.9
-116.59976088657857 36.7612889806247 48252.4
-116.59978444615705 36.76128883516053 48251.4
-116.599808038293 36.76128877034238 48250.7
-116.5998316615992 36.761288772453774 48250.1
-116.59985536763324 36.76128881389068 48250.0
-116.59987917954057 36.761288868143616 48250.1
-116.5999031138448 36.7612889040422 48250.6
-116.59992717230818 36.76128890021193 48250.8
-116.59995132022476 36.761288840662345 48250.5
-116.59997552639642 36.76128870681968 48251.7
-116.5999997320124 36.76128848138246 48253.4
-116.60002392411371 36.76128817263327 48254.7
-116.6000480292942 36.76128778911244 48255.8
-116.60007199856716 36.76128733340812 48257.3
-116.60009574835355 36.761286794013365 48259.9
-116.60011932476796 36.76128618223357 48262.3
-116.600142723467 36.76128552968618 48264.8
-116.6001659699398 36.761284874059854 48265.9
-116.60018909637635 36.76128425835035 48265.9
-116.60021211035456 36.761283711358026 48267.0
-116.60023503709192 36.76128324647796 48269.0
-116.60025787642664 36.76128287727048 48270.6
-116.60028064090956 36.76128262392976 48271.8
-116.60030328064134 36.76128248531885 48273.1
-116.60032584293724 36.761282447845126 48275.2
-116.6003483482938 36.76128249916248 48277.3
-116.6003708312304 36.76128262793961 48279.0
-116.60039328102404 36.76128279855647 48281.1
-116.60041572870054 36.76128297227052 48283.5
-116.60043818342788 36.7612831130774 48286.5
-116.60046064590084 36.76128318654812 48290.5
-116.60048317901732 36.761283192575625 48294.3
-116.60050577366682 36.76128315101963 48296.7
-116.600528443616 36.76128308265431 48298.5
-116.60055120949556 36.761283006063614 48301.4
-116.60057406469464 36.76128293341039 48305.2
-116.60059700511016 36.76128286440332 48310.0
-116.60062003096868 36.76128279198488 48315.0
-116.6006431373918 36.761282702771744 48319.4
-116.60066631345585 36.76128258491175 48323.3
-116.60068953708596 36.76128243372994 48326.9
-116.6007127943165 36.76128224987056 48329.9
-116.60073607190904 36.76128203570212 48332.5
-116.60075937374688 36.761281801806895 48335.4
-116.600782687725 36.76128156116551 48337.1
-116.600806009081 36.76128132575469 48338.3
-116.6008293354734 36.76128110787745 48338.7
-116.60085264401276 36.76128091547376 48338.7
-116.60087593562967 36.76128074619601 48338.3
-116.6008992119827 36.76128059328667 48337.4
-116.60092248126892 36.76128045315091 48335.9
-116.60094574106311 36.761280328995255 48333.7
-116.60096898828913 36.761280223153 48330.7
-116.60099221772546 36.76128013705078 48327.5
-116.60101543310252 36.76128007757623 48323.5
-116.60103862563818 36.76128004202592 48319.5
-116.60106181785514 36.76128002363212 48315.6
-116.6010850244029 36.76128002100523 48311.3
-116.60110826336232 36.76128002830908 48306.9
-116.60113154191306 36.76128003143712 48302.8
-116.60115486278448 36.76128001464374 48298.7
-116.60117821897629 36.761279966341206 48294.6
-116.60120157948884 36.76127987987332 48290.3
-116.6012249309926 36.76127976047981 48285.6
-116.60124824290249 36.76127961074664 48281.6
-116.6012715064454 36.76127943284782 48278.8
-116.60129471950904 36.761279236536346 48276.7
-116.60131790196073 36.76127904004422 48274.3
-116.60134105624591 36.761278858037386 48271.6
-116.6013641889773 36.7612786937565 48269.1
-116.60138731428152 36.76127854447288 48266.7
-116.6014104371842 36.76127840324792 48264.9
-116.60143356314148 36.76127826832762 48263.8
-116.60145668282148 36.76127814224216 48262.6
-116.6014797783182 36.76127802992671 48261.6
-116.60150281940132 36.76127793444918 48260.5
-116.60152579254289 36.7612778552545 48259.9
-116.60154868566924 36.7612777938079 48260.0
-116.60157148862928 36.761277753850415 48260.0
-116.6015942007788 36.761277734402725 48260.2
-116.60161684364408 36.76127772828849 48261.5
-116.60163943549794 36.76127772444583 48262.9
-116.60166197733744 36.76127770326827 48263.9
-116.60168449385036 36.761277641805485 48264.9
-116.60170698811716 36.76127752755226 48266.3
-116.6017294684196 36.761277358278576 48268.0
-116.60175193305504 36.76127714071317 48269.6
-116.60177441079188 36.761276898784764 48271.0
-116.60179689489972 36.761276657973056 48271.8
-116.60181938909216 36.76127643730607 48272.9
-116.60184190558964 36.761276247558165 48274.6
-116.60186442915096 36.761276086891975 48276.4
-116.60188696474329 36.76127595278951 48277.8
-116.60190950190588 36.761275843004974 48279.0
-116.60193202405084 36.761275751458605 48280.5
-116.60195450944192 36.761275665690384 48281.9
-116.6019769520641 36.76127557710098 48283.0
-116.6019993417217 36.76127548051095 48283.6
-116.60202165720136 36.761275371816645 48284.1
-116.60204390237212 36.7612752556897 48284.8
-116.60206607775103 36.761275139614334 48285.3
-116.60208819271416 36.76127503223229 48285.3
-116.60211026917987 36.76127494750244 48284.5
-116.60213231820656 36.76127489345975 48283.1
-116.60215436255751 36.76127486375513 48282.3
-116.60217640999088 36.7612748403009 48281.5
-116.6021984774262 36.76127481057998 48279.5
-116.602220599505 36.761274784089615 48277.7
-116.60224279920726 36.76127477918488 48275.7
-116.60226509317089 36.76127481834702 48272.2
-116.60228751343548 36.76127492756497 48268.7
-116.60230999111393 36.76127510566765 48266.0
-116.60233250688364 36.761275337991805 48263.8
-116.60235502680057 36.76127561359994 48260.8
-116.60237753760704 36.761275927779145 48257.4
-116.60240002114666 36.76127626893992 48254.1
-116.6024225088 36.76127662107795 48250.9
-116.60244503087324 36.76127696221691 48247.6
-116.60246761701812 36.76127726337046 48244.3
-116.60249031942996 36.761277502097705 48241.7
-116.60251312857524 36.76127766998796 48238.3
-116.602536027913 36.76127776191056 48234.6
-116.60255896303352 36.7612777664614 48231.1
-116.6025819240122 36.761277682181685 48227.3
-116.60260485083892 36.76127751519197 48224.1
-116.60262772092392 36.761277272321344 48221.7
-116.6026505073748 36.761276964332914 48219.3
-116.60267325160667 36.76127662620756 48216.6
-116.6026959587128 36.76127630325191 48213.2
-116.602718662502 36.76127602720488 48210.3
-116.60274143302696 36.76127582448628 48208.1
-116.60276425993152 36.761275705458935 48205.5
-116.60278716945136 36.761275662935454 48202.9
-116.60281015425788 36.76127567838008 48200.7
-116.6028331924988 36.76127572328216 48198.2
-116.60285624066611 36.76127575982376 48196.2
-116.60287927466878 36.76127576657319 48194.5
-116.60290227253616 36.76127573264253 48192.8
-116.60292519256184 36.761275646020536 48190.3
-116.6029480523231 36.76127550225279 48189.3
-116.60297084425709 36.76127529332847 48190.2
-116.6029935732316 36.76127501782159 48190.2
-116.60301622280784 36.761274689832696 48189.7
-116.60303881578872 36.76127434152495 48189.3
-116.60306134761836 36.7612739985052 48188.5
-116.6030838378634 36.76127368250505 48188.0
-116.60310631174896 36.76127341065705 48187.7
-116.60312875491304 36.76127317763704 48188.0
-116.6031511824808 36.761272974073286 48187.3
-116.603173594963 36.76127279114878 48187.1
-116.60319598717312 36.761272622795865 48187.4
-116.60321841882026 36.7612724605897 48186.5
-116.60324057560032 36.76127229830144 48185.1
-116.60326272170428 36.76127212254157 48184.4
-116.60328434707048 36.76127191320475 48183.0
-116.60330531182616 36.761271632510486 48181.4
-116.60332530717692 36.76127123062477 48180.4
-116.60334397757742 36.76127064949489 48179.4
