Long Lat Mag_nT
-116.60327869609878 36.76134514259738 48207.1
-116.60329959698052 36.76134330032411 48208.1
-116.60332147068448 36.76134159046907 48209.9
-116.60334442659236 36.761340071874365 48211.7
-116.60336817040746 36.7613387579515 48213.6
-116.60339256744912 36.7613376557755 48215.2
-116.60341742944097 36.76133675373416 48215.1
-116.60344252315252 36.76133604224503 48214.8
-116.6034675799727 36.76133544743767 48216.0
-116.60349248074562 36.76133492897762 48217.9
-116.60351712570125 36.76133446311314 48220.2
-116.60354139763056 36.76133405282988 48222.2
-116.60356531428428 36.76133369962773 48223.8
-116.6035889029806 36.76133341019076 48225.8
-116.6036122147988 36.76133319248218 48227.3
-116.60363527532168 36.761333054568574 48229.0
-116.60365818535736 36.76133296944568 48230.8
-116.60368104183983 36.76133291514768 48232.5
-116.60370392795204 36.76133287432626 48234.1
-116.60372693837336 36.761332840616205 48236.0
-116.6037501091729 36.76133282070709 48236.9
-116.60377345570716 36.761332830504 48236.8
-116.60379697853166 36.76133288073013 48236.7
-116.60382068343732 36.76133297906101 48237.0
-116.6038445233367 36.76133311303703 48237.5
-116.60386849116568 36.76133326876527 48237.7
-116.60389257170962 36.761333433339686 48237.3
-116.60391675530228 36.7613335943857 48236.6
-116.60394100660308 36.76133374743545 48235.9
-116.6039653043379 36.76133388997189 48235.3
-116.60398963113634 36.76133401746841 48234.5
-116.60401398285752 36.761334122124005 48233.6
-116.60403836284 36.76133420023012 48232.6
-116.6040627705008 36.76133424875809 48231.4
-116.60408719927548 36.76133426866289 48230.0
-116.60411164001331 36.76133426022054 48228.7
-116.60413607693256 36.761334238744325 48227.3
-116.6041604941732 36.761334220374906 48226.1
-116.60418488960708 36.76133422698207 48225.2
-116.60420925870852 36.7613342882323 48224.0
-116.60423359670686 36.76133440596699 48222.8
-116.60425792161388 36.76133457431414 48221.6
-116.60428224723827 36.761334786474094 48220.8
-116.60430657940378 36.76133504087598 48220.3
-116.6043309159222 36.76133532459585 48219.9
-116.60435526685086 36.761335627634814 48219.5
-116.60437963967098 36.761335938662896 48219.2
-116.60440404662828 36.76133624798536 48219.1
-116.60442849515849 36.76133654695994 48219.3
-116.60445299660624 36.761336826174 48219.3
-116.60447755679635 36.761337075818965 48219.8
-116.60450220504045 36.76133727996064 48220.3
-116.6045269553778 36.76133743697896 48220.8
-116.60455180825656 36.76133754417304 48221.3
-116.60457675834368 36.7613376029792 48222.6
-116.60460180646972 36.76133762010684 48223.5
-116.60462690080496 36.76133762306947 48224.1
-116.60465197773736 36.76133763048525 48225.1
-116.60467698029296 36.76133765259711 48226.4
-116.60470183681424 36.76133769447389 48227.7
-116.60472653954776 36.76133775228725 48229.7
-116.60475110303804 36.76133782070093 48232.0
-116.60477555851642 36.761337892522185 48234.4
-116.6047999406489 36.7613379576949 48236.9
-116.6048243038208 36.76133800950096 48239.0
-116.60484866859431 36.76133804165136 48240.7
-116.60487303241842 36.76133804557344 48242.3
-116.60489738200864 36.76133800700554 48243.5
-116.60492171649064 36.76133792733526 48244.7
-116.604946027098 36.76133781330248 48245.7
-116.60497031522644 36.76133768040879 48246.3
-116.6049945961295 36.761337554992295 48246.9
-116.60501888414528 36.76133746928304 48246.7
-116.60504320248354 36.76133745067291 48246.0
-116.60506758341674 36.761337514353166 48245.3
-116.60509205512734 36.76133767259357 48245.0
-116.60511670711185 36.76133789992336 48244.1
-116.60514126621788 36.761338171765885 48242.6
-116.60516612826156 36.76133847462423 48241.7
-116.60519098947104 36.7613387922116 48241.1
-116.60521591009773 36.761339114733175 48240.3
-116.60524086864132 36.76133943624394 48238.5
-116.60526584928849 36.7613397474455 48237.1
-116.60529085664643 36.76134002931578 48236.5
-116.60531589432532 36.76134027110117 48236.1
-116.60534095820135 36.76134046157479 48235.4
-116.60536603158153 36.76134059431201 48235.0
-116.6053911186298 36.76134065105548 48234.9
-116.60541620913204 36.76134063456924 48235.3
-116.60544129121024 36.76134054393247 48235.8
-116.60546635411276 36.76134038919708 48236.2
-116.60549140039286 36.761340174278885 48236.3
-116.6055164235026 36.76133992285354 48237.0
-116.6055414034443 36.76133965104108 48238.5
-116.60556632069456 36.76133937233894 48239.9
-116.605591131771 36.7613390975962 48241.2
-116.6056158283712 36.761338832285766 48242.9
-116.60564040868708 36.7613385810646 48245.3
-116.60566488572236 36.76133834702732 48248.0
-116.6056892658206 36.76133813146881 48250.9
-116.6057135985526 36.76133792126839 48254.0
-116.60573792386153 36.7613377066016 48258.0
-116.60576227703342 36.76133748735104 48262.3
-116.60578669626248 36.76133727572124 48267.4
-116.6058111828655 36.76133709067694 48272.8
-116.6058357347109 36.76133695426629 48277.8
-116.60586036106282 36.76133688589415 48282.9
-116.60588504209076 36.7613369093619 48288.8
-116.60590975215857 36.761337004987375 48295.3
-116.6059344894378 36.76133714465731 48302.6
-116.6059592452648 36.76133729497258 48309.7
-116.6059840174026 36.7613374267934 48316.7
-116.60600879943308 36.76133752546299 48324.9
-116.60603357871388 36.761337580937486 48332.9
-116.60605833694416 36.76133758798812 48340.4
-116.60608308038069 36.76133753474871 48347.6
-116.60610782378724 36.761337436477554 48354.2
-116.6061325718126 36.7613373084751 48360.3
-116.60615733003596 36.76133715923329 48366.5
-116.6061821101042 36.76133698363054 48372.9
-116.60620691422533 36.76133678195718 48378.4
-116.60623173519228 36.76133655662456 48383.5
-116.60625656197648 36.76133631801044 48388.6
-116.60628137220264 36.76133608217442 48393.1
-116.60630614602356 36.76133586174351 48396.4
-116.6063308731526 36.761335660258005 48399.5
-116.60635556045808 36.76133547792928 48402.8
-116.60638021603975 36.76133532600578 48405.9
-116.606404860514 36.761335208518055 48408.5
-116.6064295076396 36.76133512816699 48410.7
-116.60645417039576 36.761335083887886 48412.2
-116.60647885472 36.76133507977591 48413.4
-116.606503563784 36.76133510482854 48414.3
-116.60652830491816 36.76133515507336 48414.8
-116.6065530815847 36.76133522770198 48415.5
-116.60657788637432 36.76133532836288 48415.9
-116.60660269498412 36.76133545864042 48415.1
-116.60662748346807 36.76133562073228 48414.3
-116.60665222099976 36.761335812908 48413.4
-116.60667684299052 36.761336028691694 48412.7
-116.6067013397566 36.761336252916216 48411.6
-116.60672571873216 36.761336481029765 48410.3
-116.60675000404748 36.76133671037754 48409.1
-116.60677423023108 36.76133693949294 48408.1
-116.60679845317156 36.76133716358815 48407.1
-116.60682270778652 36.76133737266005 48405.1
-116.6068470081638 36.76133755127797 48402.7
-116.60687139184104 36.76133766467752 48401.2
-116.60689586809208 36.76133769010264 48399.6
-116.60692042885044 36.76133760136426 48398.0
-116.60694504152224 36.7613373850256 48396.0
-116.60696971437964 36.7613370272218 48394.4
-116.60699440404396 36.76133657729055 48392.6
-116.60701905905604 36.76133608044096 48390.4
-116.60704365325611 36.76133558279668 48388.1
-116.60706814919956 36.76133513535956 48386.3
-116.60709254752612 36.76133475514753 48384.6
-116.60711685617876 36.76133444757621 48382.8
-116.60714109202831 36.76133420852689 48381.0
-116.60716524754577 36.7613340451626 48379.2
-116.60718935116786 36.76133394830545 48377.2
-116.60721343244218 36.76133392248897 48375.2
-116.60723752432564 36.76133397323531 48373.4
-116.60726163584737 36.76133411358348 48371.7
-116.60728577288924 36.76133432807838 48369.8
-116.60730994876393 36.76133460406665 48368.0
-116.60733416531194 36.76133491999036 48366.3
-116.60735841293577 36.76133524831762 48364.6
-116.60738267748836 36.761335553130806 48362.8
-116.60740694620588 36.76133581003705 48361.2
-116.60743119802352 36.76133600593419 48359.8
-116.60745543322564 36.76133612349487 48358.3
-116.60747965260292 36.761336174173024 48356.8
-116.60750385005863 36.76133616816431 48355.3
-116.60752802972203 36.76133612412521 48353.6
-116.60755220252564 36.76133606521719 48352.0
-116.60757637205523 36.76133601770211 48350.3
-116.60760054100987 36.761335995207205 48348.7
-116.60762471715124 36.76133600059805 48347.0
-116.60764890185932 36.76133602958675 48345.6
-116.60767310407932 36.76133606818433 48343.9
-116.607697334327 36.76133611086133 48342.5
-116.60772159905788 36.76133615495623 48341.1
-116.60774590580014 36.76133619813941 48339.8
-116.60777024878172 36.76133623649091 48338.3
-116.60779462872512 36.76133626269112 48337.3
-116.60781904736956 36.76133626818141 48336.8
-116.607843523349 36.761336247210686 48335.3
-116.60786804565312 36.7613362111204 48333.2
-116.60789260234804 36.7613361675168 48331.9
-116.60791718108744 36.76133611973402 48330.8
-116.6079417674906 36.76133607433337 48329.3
-116.60796634309033 36.76133603184106 48328.4
-116.60799089138963 36.76133598407044 48327.5
-116.60801538944548 36.761335915845926 48326.3
-116.60803981970037 36.76133580798076 48325.4
-116.60806418928227 36.76133565687029 48324.6
-116.60808849985597 36.76133546350004 48323.8
-116.60811276119692 36.761335242409785 48323.1
-116.60813698512518 36.761335024752064 48321.9
-116.60816117822014 36.7613348372233 48320.6
-116.60818534829852 36.76133469252712 48319.5
-116.60820950951782 36.761334597255015 48318.5
-116.60823366166244 36.7613345572192 48317.6
-116.6082578225344 36.761334555894486 48316.9
-116.6082820127366 36.761334584436746 48316.6
-116.6083062430707 36.76133463372343 48316.3
-116.60833051006082 36.76133469893908 48314.9
-116.60835479027328 36.761334776196726 48313.5
-116.60837905948392 36.76133486064295 48312.4
-116.6084032978127 36.76133494434522 48311.7
-116.6084274910072 36.76133501926676 48311.5
-116.6084516433192 36.76133508235248 48311.0
-116.60847575078144 36.76133513484938 48310.3
-116.60849980875436 36.761335179941256 48309.6
-116.60852380107222 36.76133521242669 48308.7
-116.60854772980004 36.76133521908258 48307.9
-116.60857159277948 36.76133518738086 48307.2
-116.60859538775335 36.7613351159973 48306.7
-116.60861912818116 36.76133501370856 48306.3
-116.60864283907596 36.761334911086045 48305.7
-116.6086665316568 36.7613348406573 48304.8
-116.6086902265248 36.761334828777485 48303.5
-116.60871390882792 36.76133489909881 48302.5
-116.60873757172538 36.76133503340854 48302.0
-116.60876121086412 36.76133521955158 48301.5
-116.60878481821425 36.761335446194416 48301.1
-116.60880837449004 36.7613357137784 48301.0
-116.6088318976216 36.76133601538328 48300.9
-116.60885541534024 36.761336351541296 48300.4
-116.60887896168884 36.761336719970096 48299.1
-116.6089025744035 36.761337123358864 48297.8
-116.60892627185264 36.76133755028429 48297.7
-116.6089500678588 36.761337989612414 48297.8
-116.60897395832168 36.76133842966704 48297.5
-116.60899791838172 36.76133885706588 48296.9
-116.60902187625418 36.761339256852295 48296.5
-116.60904583416216 36.761339613030266 48296.4
-116.60906944171012 36.761339899766256 48296.6
-116.60909251689472 36.76134005338747 48296.2
-116.60925233503536 36.76124594115178 48303.0
-116.6092505454435 36.76122966669405 48312.8
-116.60924827743372 36.76121244867466 48311.9
-116.60924581857368 36.76119431996389 48310.0
-116.60924344318344 36.761175666013045 48307.8
-116.60924125436814 36.76115673606167 48309.0
-116.60923925770572 36.76113782926822 48311.9
-116.6091162700732 36.761013652366735 48320.1
-116.60909789669104 36.76101504626918 48345.8
-116.6090784362238 36.7610166493225 48341.8
-116.60905790836736 36.76101832436487 48339.9
-116.60903627295704 36.76101992788752 48339.2
-116.60901376511048 36.76102138650816 48340.2
-116.6089904732624 36.76102266384551 48341.3
-116.60896647060028 36.76102374789444 48340.5
-116.60894192221224 36.76102461404188 48340.0
-116.6089170574554 36.76102534338505 48341.3
-116.60889201471738 36.76102599748379 48342.9
-116.60886691324971 36.76102663352593 48343.9
-116.60884186170172 36.76102729415408 48345.1
-116.60881696571208 36.7610279891322 48346.3
-116.60879232381812 36.761028713216646 48347.2
-116.60876801850836 36.761029455230414 48347.8
-116.60874414669397 36.76103020008255 48348.1
-116.60872065998474 36.761030923771294 48348.8
-116.60869753955468 36.76103159795422 48349.0
-116.60867473494196 36.76103219696524 48348.5
-116.60865228967212 36.761032686507 48347.6
-116.60863008833098 36.76103307712784 48347.3
-116.60860804017416 36.76103336833081 48349.4
-116.60858600409816 36.7610335552844 48349.8
-116.6085638510045 36.761033612045125 48349.1
-116.60854142315684 36.76103356722649 48349.5
-116.60851860399572 36.7610334371393 48351.0
-116.60849533902694 36.761033244779874 48351.7
-116.60847159834228 36.76103302002085 48352.4
-116.6084475168796 36.761032803906346 48354.7
-116.60842318346552 36.761032625260086 48355.1
-116.60839870079351 36.761032504432 48354.3
-116.6083741167156 36.76103247364868 48354.0
-116.60834952495624 36.76103252718431 48354.7
-116.60832497651874 36.76103266506404 48356.2
-116.6083005088884 36.76103288046714 48356.7
-116.60827611343709 36.76103316902776 48356.4
-116.60825178884372 36.76103349727052 48356.3
-116.60822753019728 36.76103385044275 48356.8
-116.60820332544152 36.76103422014689 48356.3
-116.6081791601658 36.76103461210747 48356.3
-116.6081550207203 36.76103502705395 48356.8
-116.60813090513626 36.761035455527534 48356.6
-116.60810681119014 36.76103587752282 48357.4
-116.608082749086 36.761036263819285 48358.7
-116.60805870563824 36.76103658780593 48359.0
-116.60803466888748 36.76103681807828 48358.7
-116.60801060035908 36.76103693042239 48358.1
-116.607986542703 36.761036888296005 48359.2
-116.60796248210356 36.76103672003932 48360.8
-116.60793841796112 36.76103644995067 48360.2
-116.60791436806542 36.761036121035545 48360.4
-116.60789036686565 36.76103579708094 48364.0
-116.60786640796248 36.76103553608041 48368.8
-116.60784247486552 36.76103537056624 48370.1
-116.60781854016966 36.761035310338 48369.5
-116.60779448455844 36.76103535354972 48369.6
-116.60777028024457 36.761035455314726 48371.3
-116.60774591508203 36.76103557644065 48373.3
-116.6077213962392 36.76103567928744 48374.7
-116.60769677206356 36.76103572075916 48376.1
-116.60767210651171 36.76103569625016 48377.4
-116.60764742733872 36.76103562031951 48379.6
-116.60762275124956 36.76103552029694 48381.0
-116.60759808300828 36.761035414569456 48381.8
-116.60757341417484 36.76103531972062 48383.2
-116.60754874044196 36.76103524886543 48384.4
-116.6075240671876 36.76103521398567 48386.0
-116.60749937169776 36.76103523652435 48387.0
-116.60747465925265 36.761035319347286 48387.6
-116.60744993119071 36.761035457171786 48388.9
-116.60742519197144 36.76103562479637 48389.6
-116.60740046232668 36.761035796899286 48390.6
-116.60737577206608 36.76103596183541 48392.3
-116.6073511434086 36.76103612280316 48394.4
-116.60732659408517 36.76103628711788 48395.8
-116.60730214026955 36.76103646069309 48397.6
-116.60727776162828 36.7610366344962 48399.1
-116.6072534350646 36.76103679393525 48400.4
-116.60722912092965 36.761036924920674 48402.2
-116.60720480262611 36.76103701262084 48404.3
-116.60718046292124 36.76103706498508 48405.6
-116.60715609766004 36.761037091322414 48406.7
-116.60713171722088 36.76103710032307 48408.2
-116.60710734501076 36.76103709781712 48410.1
-116.60708298808856 36.761037092373854 48411.8
-116.60705863854444 36.76103709020875 48412.8
-116.6070342837362 36.761037095448586 48413.3
-116.60700989692197 36.76103710916888 48414.4
-116.60698547174222 36.76103711920936 48416.0
-116.60696100630392 36.76103711795339 48417.7
-116.60693649838424 36.761037106564 48419.3
-116.60691194560448 36.76103709188455 48420.0
-116.60688735376247 36.76103708698479 48420.0
-116.60686272180097 36.76103709885112 48420.0
-116.6068380540728 36.76103712880335 48420.9
-116.60681333583152 36.761037179145085 48421.6
-116.60678858564776 36.76103724149721 48422.0
-116.60676381943512 36.76103730719496 48422.1
-116.6067390501872 36.761037366915104 48422.1
-116.60671430710768 36.76103740924085 48422.7
-116.60668960014988 36.76103743896584 48422.8
-116.60666492941982 36.76103747106684 48422.2
-116.6066402994634 36.76103752515346 48420.6
-116.60661568876232 36.76103763728533 48418.3
-116.6065910823706 36.761037816534994 48417.3
-116.60656647250148 36.76103805392092 48415.7
-116.60654185200583 36.761038328270764 48413.3
-116.60651720557516 36.76103861177664 48410.8
-116.60649254206172 36.761038876199535 48408.7
-116.60646786191953 36.76103910511621 48406.3
-116.60644315284398 36.76103928698503 48402.4
-116.60641843026742 36.76103940822188 48398.3
-116.6063936930206 36.7610394817299 48394.5
-116.60636894156356 36.761039518611526 48389.9
-116.60634418613748 36.76103953303905 48385.1
-116.60631945109536 36.76103954151724 48380.1
-116.6062947459024 36.76103955603232 48374.9
-116.60627007736124 36.7610395809959 48369.4
-116.6062454501434 36.76103962051449 48363.4
-116.60622085521833 36.76103968124176 48357.1
-116.60619617821168 36.76103975981609 48350.5
-116.6061716033096 36.76103985094042 48344.2
-116.60614701497296 36.76103994860424 48338.4
-116.60612239221896 36.76104004403619 48332.6
-116.60609773191304 36.76104012726416 48326.8
-116.60607303342248 36.76104018913962 48321.3
-116.606048297759 36.761040225059375 48315.8
-116.60602354433075 36.76104022951331 48310.1
-116.60599877632208 36.76104020703093 48304.9
-116.605973992514 36.76104015702257 48300.2
-116.60594918045535 36.761040079900056 48295.4
-116.60592434446116 36.76103997423472 48290.3
-116.60589948034638 36.76103984840064 48285.8
-116.605874590599 36.761039707389386 48281.5
-116.60584967820373 36.76103955440696 48277.3
-116.60582475088115 36.76103939150247 48273.2
-116.60579981428756 36.76103922603095 48269.4
-116.60577487117672 36.761039068857336 48266.7
-116.60574993524956 36.76103893401368 48263.7
-116.60572499487354 36.761038854518524 48260.8
-116.60570006293295 36.76103884534789 48258.5
-116.60567514138732 36.76103891765471 48256.7
-116.60565025857252 36.76103907172621 48255.0
-116.6056253899566 36.761039312958246 48253.5
-116.60560056425156 36.76103960665256 48252.0
-116.60557578146656 36.76103992262807 48250.3
-116.60555102824668 36.761040228511405 48248.3
-116.60552632360312 36.76104048490456 48246.5
-116.60550164763757 36.76104068178283 48245.3
-116.60547699924456 36.76104081320304 48244.2
-116.6054523657332 36.76104088350216 48243.0
-116.60542777886668 36.76104089171903 48241.0
-116.60540320846232 36.76104086374463 48238.5
-116.60537863972944 36.76104081448458 48236.0
-116.605354051371 36.76104075251724 48233.7
-116.60532943169072 36.76104068314903 48231.3
-116.6053047804448 36.76104061434855 48228.6
-116.60528009832458 36.76104055127415 48225.8
-116.605255399642 36.7610404998276 48222.9
-116.60523068623355 36.761040474085696 48219.7
-116.60520597607535 36.76104047526161 48216.6
-116.6051812720392 36.76104050325327 48213.5
-116.60515657394885 36.76104055375592 48209.6
-116.60513186361942 36.7610406183727 48205.9
-116.6051071411305 36.7610406819524 48202.9
-116.60508240500978 36.76104073267923 48200.2
-116.6050576473246 36.7610407646508 48196.9
-116.605032871256 36.76104076900419 48194.4
-116.60500807031576 36.761040745064506 48192.8
-116.604983244909 36.76104069413216 48191.2
-116.6049583940914 36.76104062059324 48189.6
-116.60493353852831 36.761040527685545 48188.3
-116.60490868995934 36.76104042921652 48187.0
-116.60488384935378 36.76104033403811 48185.7
-116.60485900798784 36.7610402453164 48184.9
-116.60483413970812 36.76104016078508 48184.4
-116.60480922860732 36.76104007536525 48183.9
-116.604784271172 36.76103998839935 48183.6
-116.60475927881512 36.76103990223414 48183.7
-116.60473427043632 36.76103981724416 48183.8
-116.60470926953676 36.76103973073944 48184.1
-116.60468429282308 36.76103963631864 48184.6
-116.60465934715688 36.76103952742605 48185.2
-116.60463445060924 36.76103939806456 48186.0
-116.60460958386744 36.76103925863512 48187.4
-116.6045847338274 36.7610391245096 48188.9
-116.60455990685314 36.761039020118965 48191.0
-116.60453505632982 36.76103899366174 48193.3
-116.60451018265952 36.76103904946487 48195.4
-116.60448529505204 36.76103916097472 48198.1
-116.60446041228296 36.76103928634584 48201.1
-116.6044355750778 36.7610393941094 48203.8
-116.60441078889632 36.76103948062989 48206.8
-116.6043860498565 36.76103954448861 48210.5
-116.60436132708632 36.76103958440567 48214.8
-116.60433659933426 36.76103958319959 48218.6
-116.60431183042004 36.7610395349676 48221.8
-116.60428700092156 36.76103943573183 48225.5
-116.60426209486448 36.761039290569535 48229.0
-116.60423712057452 36.76103910862278 48232.4
-116.60421208158368 36.76103891522337 48236.2
-116.60418697937656 36.7610387235176 48239.8
-116.60416182402848 36.76103854153413 48243.3
-116.60413661560666 36.761038374441966 48246.5
-116.60411138072088 36.76103821977516 48249.5
-116.60408613585751 36.76103806806358 48252.6
-116.60406089828412 36.761037906127854 48254.9
-116.6040357098546 36.761037737460335 48256.8
-116.60401059125122 36.76103757908694 48258.5
-116.60398556400312 36.76103744281136 48260.2
-116.6039606525522 36.76103733878096 48261.3
-116.6039358561879 36.76103728705064 48261.3
-116.60391115904568 36.761037284127205 48261.3
-116.6038865362156 36.761037319575486 48261.5
-116.60386195180855 36.76103737237252 48260.9
-116.60383736835112 36.7610374119484 48259.9
-116.6038127542242 36.76103741850141 48259.4
-116.60378808449023 36.76103738345891 48259.2
-116.60376333301 36.76103730888543 48258.6
-116.60373849897404 36.76103720152507 48257.9
-116.60371359798746 36.76103708996548 48256.5
-116.6036886471324 36.76103699169786 48255.2
-116.60366367124024 36.76103691466663 48254.3
-116.6036386756722 36.76103685919424 48253.0
-116.60361367633612 36.76103680884295 48251.6
-116.60358867141734 36.76103675573585 48250.5
-116.60356365813423 36.76103669957136 48250.0
-116.60353864141952 36.76103664782337 48249.5
-116.60351362866032 36.761036606288485 48249.0
-116.60348862066624 36.76103656852048 48248.2
-116.60346360900274 36.76103652202726 48247.4
-116.60343859777468 36.76103645453146 48246.3
-116.60341356958672 36.761036370587945 48245.9
-116.6033885130024 36.76103627746211 48245.2
-116.6033634334608 36.76103619053067 48245.4
-116.60333833375869 36.761036143328255 48245.8
-116.60331329375612 36.761036155267696 48246.4
-116.6032884411679 36.76103623137014 48247.6
-116.60326398592883 36.76103637067723 48247.2
-116.6032403155133 36.761036584554624 48247.0
-116.60321771466452 36.761036839096256 48250.7
-116.60319651539912 36.76103706843499 48256.8
-116.60317698475532 36.76103715095052 48260.9
-116.6030872590342 36.76093413682894 48262.1
-116.6030897901858 36.7609166148912 48268.8
-116.60309241757945 36.760897966419485 48272.9
-116.60309487290392 36.76087834107486 48275.4
-116.60309685940108 36.76085799032652 48278.1
-116.60309828768833 36.760837202992974 48280.1
-116.60309912388536 36.7608164881432 48281.9
-116.60309941699636 36.7607963057456 48282.4
-116.60309928387572 36.76077736609627 48281.3
-116.6031999273576 36.760686062141126 48276.2
-116.60321935073377 36.760687964759065 48276.8
-116.60324019525612 36.76068998685114 48281.1
-116.6032620890234 36.76069189121007 48282.1
-116.60328519576728 36.76069358199424 48282.0
-116.60330895449012 36.76069497545953 48282.8
-116.60333329446264 36.76069605659986 48283.6
-116.60335807798704 36.76069680376746 48283.1
-116.60338330008258 36.76069729084093 48282.6
-116.6034087680238 36.76069756955904 48281.9
-116.60343439209431 36.76069767279929 48280.6
-116.60346006006895 36.76069761103103 48279.7
-116.60348577038444 36.76069742939983 48278.7
-116.60351145856237 36.76069717042001 48277.2
-116.60353710839128 36.760696872420205 48275.5
-116.6035626933634 36.76069657175926 48274.0
-116.60358817886927 36.76069629541474 48271.9
-116.60361353183694 36.76069605837448 48269.2
-116.60363871816612 36.7606958650265 48266.1
-116.60366367655872 36.76069570921489 48263.4
-116.60368838517508 36.760695571246565 48260.4
-116.60371284488272 36.7606954314946 48257.6
-116.60373706439093 36.76069527806496 48254.9
-116.60376104994296 36.76069510422487 48252.4
-116.60378488411403 36.76069491421581 48249.6
-116.60380861091204 36.76069471199019 48246.7
-116.603832275051 36.76069449929628 48244.0
-116.60385592473308 36.76069427495134 48241.3
-116.6038796288518 36.76069403806188 48239.3
-116.60390343340508 36.760693787059566 48238.0
-116.60392736849572 36.76069352780159 48235.9
-116.60395146020755 36.760693284785695 48233.2
-116.60397564040944 36.7606930945342 48230.1
-116.6039998688708 36.76069298345786 48227.5
-116.60402412663936 36.76069295767103 48225.1
-116.60404844375452 36.76069300897451 48223.0
-116.60407280549616 36.76069310321922 48221.1
-116.60409723864016 36.76069321175504 48218.7
-116.604121734101 36.76069330983282 48216.2
-116.60414625628287 36.76069336711092 48213.1
-116.60417079278773 36.76069336447316 48209.5
-116.60419529940437 36.76069328200687 48206.0
-116.60421975163791 36.76069309842378 48203.1
-116.60424410234567 36.76069279861016 48199.8
-116.60426841308696 36.760692412507474 48196.2
-116.60429267108188 36.76069198417294 48192.8
-116.60431689194388 36.76069156008453 48188.2
-116.6043411109036 36.76069119633004 48183.1
-116.60436529524765 36.76069092576185 48178.0
-116.60438945725606 36.76069074683935 48173.4
-116.60441359118128 36.76069063945432 48170.0
-116.60443770216553 36.76069057543572 48166.4
-116.60446179320958 36.76069051600518 48162.7
-116.60448589295692 36.76069043170618 48159.4
-116.6045100196585 36.760690299883706 48156.2
-116.60453416787088 36.76069009249174 48152.5
-116.6045583697876 36.76068980343035 48148.8
-116.60458259317384 36.76068944382893 48145.9
-116.60460682424356 36.76068903742664 48144.1
-116.60463105405915 36.76068862574555 48141.6
-116.60465525051028 36.76068825969539 48138.1
-116.60467938507122 36.7606879693048 48134.8
-116.6047034260757 36.760687763780254 48132.2
-116.604727324319 36.760687636920494 48130.9
-116.60475103464812 36.76068755839021 48130.3
-116.60477459428569 36.760687510848165 48130.3
-116.6047980369689 36.760687487446816 48130.5
-116.6048213996324 36.76068748314528 48130.6
-116.60484472091528 36.76068748725416 48130.4
-116.60486802741968 36.76068748968465 48130.6
-116.60489133249706 36.76068747976366 48131.5
-116.60491464002052 36.76068744670874 48132.7
-116.60493796531271 36.76068738449439 48134.2
-116.60496130119375 36.760687288357765 48134.9
-116.60498464349789 36.76068715610728 48135.2
-116.6050079867218 36.76068699162792 48136.0
-116.6050313542903 36.760686821695366 48137.5
-116.60505475062584 36.76068667794949 48138.6
-116.6050781790904 36.76068658231547 48139.1
-116.60510165090716 36.760686553963424 48140.7
-116.60512511525776 36.76068659130302 48142.8
-116.60514857460916 36.760686678071046 48145.4
-116.60517202066524 36.760686786328726 48148.7
-116.60519545081208 36.76068688979209 48152.3
-116.60521888280743 36.76068697376191 48155.7
-116.60524232177094 36.7606870374 48157.7
-116.60526576477169 36.76068708650482 48159.3
-116.6052891927378 36.760687132128034 48161.3
-116.60531258487552 36.76068718894176 48162.8
-116.60533593582905 36.760687268919945 48164.8
-116.60535925432296 36.76068737728946 48166.6
-116.60538255903374 36.76068750411811 48168.1
-116.60540587254351 36.760687614982416 48169.8
-116.60542921718506 36.760687678295966 48171.2
-116.60545259896789 36.7606876671909 48172.1
-116.6054759857974 36.76068755262629 48172.6
-116.6054994057313 36.76068733130754 48171.9
-116.60552280740389 36.76068700414708 48171.4
-116.60554616650244 36.76068657810074 48171.3
-116.60556943503757 36.76068606422721 48170.5
-116.6055926484524 36.7606854961312 48169.7
-116.60561578481652 36.76068490869429 48169.2
-116.6056388472648 36.76068433305804 48168.8
-116.6056618539215 36.76068380204278 48169.1
-116.60568479412063 36.76068334187768 48169.3
-116.6057076864778 36.76068297458786 48169.5
-116.60573053579904 36.76068271540229 48170.3
-116.60575337469076 36.76068258185896 48171.9
-116.60577614397496 36.760682562269245 48174.0
-116.60579887364652 36.760682639520354 48177.0
-116.60582156444065 36.76068279287401 48180.8
-116.60584423133795 36.760683001371255 48184.6
-116.60586687295093 36.760683231514335 48188.7
-116.60588952052288 36.76068345802736 48192.7
-116.60591218816045 36.76068366018792 48197.0
-116.60593487853464 36.76068381255487 48201.8
-116.60595762353567 36.76068390519497 48207.2
-116.60598040624043 36.760683938292885 48212.5
-116.60600321960308 36.760683920129445 48217.7
-116.60602605152812 36.76068386017059 48222.8
-116.60604891235512 36.76068377689627 48228.2
-116.60607178952424 36.760683682745885 48233.6
-116.60609467975588 36.760683585703006 48239.0
-116.6061175852232 36.76068349177335 48244.6
-116.60614050470652 36.760683407492365 48249.8
-116.6061634501054 36.7606833376181 48254.6
-116.60618643090032 36.7606832859148 48259.3
-116.60620945791736 36.76068325039576 48264.1
-116.60623252023689 36.76068322231008 48269.0
-116.60625561813583 36.76068319135996 48274.9
-116.60627874806788 36.76068315114166 48281.1
-116.60630190172824 36.76068309898496 48286.1
-116.60632507105312 36.76068304118375 48290.7
-116.60634824794752 36.76068298532768 48296.0
-116.60637142519896 36.76068293527259 48301.7
-116.60639459695317 36.760682884951045 48307.4
-116.60641776661676 36.7606828287572 48313.0
-116.60644093008295 36.760682771260086 48318.5
-116.6064640821016 36.76068272306545 48323.6
-116.60648722948471 36.76068270308133 48328.4
-116.6065103582354 36.760682722380864 48333.2
-116.60653348923508 36.760682783828926 48338.1
-116.60655663873706 36.76068287922202 48343.3
-116.60657982937424 36.760682989695376 48348.4
-116.6066030600298 36.760683094308256 48353.4
-116.60662632086336 36.76068318456564 48357.8
-116.60664959608113 36.76068325789892 48361.8
-116.60667287117217 36.76068331192566 48365.7
-116.6066961439333 36.76068334984773 48369.1
-116.6067193970256 36.76068337299112 48372.5
-116.60674262296013 36.76068337919588 48375.9
-116.60676581118427 36.7606833652572 48378.9
-116.6067889805421 36.7606833363874 48381.5
-116.60681214287064 36.76068330173984 48384.2
-116.60683531731252 36.7606832717446 48386.3
-116.6068585336078 36.76068325865175 48387.7
-116.6068817902795 36.76068326397999 48389.2
-116.60690509942528 36.76068327931984 48390.8
-116.6069284675114 36.760683298275936 48392.2
-116.6069519183375 36.76068332005799 48393.6
-116.60697545279808 36.760683345205685 48394.9
-116.60699906889438 36.76068337269941 48395.5
-116.60702275610628 36.7606833991324 48395.9
-116.60704659733727 36.76068341569021 48396.3
-116.60707039459436 36.760683416104094 48396.5
-116.6070942356964 36.76068339740412 48396.3
-116.60711811440044 36.760683358092045 48395.9
-116.6071420200694 36.76068329770448 48395.7
-116.60716594255896 36.76068322597584 48395.4
-116.60718986070596 36.760683156685225 48395.3
-116.60721376904128 36.76068309872521 48395.2
-116.60723767280932 36.7606830519722 48394.6
-116.60726156945135 36.76068300728944 48394.3
-116.60728545342036 36.760682962769 48394.1
-116.60730930662542 36.76068292653821 48393.6
-116.60733310838587 36.76068291348778 48392.9
-116.60735683772332 36.7606829349614 48392.1
-116.60738050300628 36.7606829955345 48391.3
-116.60740410908218 36.76068309398598 48390.8
-116.60742766213797 36.76068322104573 48390.0
-116.60745117240468 36.760683352446975 48388.8
-116.6074746606995 36.76068346755246 48387.8
-116.60749813430152 36.760683555121936 48387.1
-116.60752158756578 36.760683608430725 48386.8
-116.60754504052804 36.76068363925169 48386.8
-116.60756848725072 36.76068366393982 48386.3
-116.6075919286338 36.760683696892514 48385.3
-116.60761537164112 36.76068375469705 48384.5
-116.60763880534986 36.7606838454961 48383.7
-116.60766224650756 36.760683969817165 48383.0
-116.60768570748051 36.76068411880711 48382.0
-116.60770919981142 36.760684269665774 48381.5
-116.60773273239607 36.76068438949776 48381.5
-116.60775630579067 36.76068445236768 48380.8
-116.60777992038072 36.76068443907952 48380.0
-116.6078035562311 36.7606843341208 48380.4
-116.60782723310876 36.760684156966825 48380.3
-116.607850901531 36.76068393089314 48378.9
-116.60787453534132 36.760683682654815 48377.4
-116.6078981075824 36.760683441461566 48376.4
-116.60792160177074 36.76068323228025 48375.5
-116.60794502509304 36.76068306762928 48374.9
-116.60796838865748 36.76068295202548 48374.5
-116.6079917185924 36.76068289018585 48373.9
-116.60801500989896 36.760682875304205 48373.3
-116.60803828819289 36.76068289839584 48373.1
-116.60806156627982 36.76068295225162 48372.8
-116.6080848635903 36.760683035446654 48372.4
-116.60810817490284 36.76068314269534 48371.7
-116.60813151510165 36.76068327407844 48370.8
-116.60815488927597 36.76068342977938 48370.4
-116.60817831289972 36.760683610906014 48369.9
-116.6082017668542 36.760683812899664 48369.2
-116.60822525129976 36.760684027087215 48368.8
-116.60824876530204 36.760684244008175 48368.7
-116.60827231069038 36.76068445581718 48368.7
-116.60829588735363 36.76068466542721 48368.1
-116.60831949084712 36.76068488329245 48367.5
-116.60834311992971 36.76068512116477 48366.9
-116.60836678160886 36.76068539104896 48366.5
-116.6083904551069 36.76068568677668 48366.4
-116.60841415021244 36.76068598888776 48366.1
-116.60843786500811 36.76068627542112 48365.4
-116.6084615739517 36.760686512937205 48364.9
-116.60848529906548 36.76068668237776 48364.6
-116.60850903309527 36.76068677910443 48364.9
-116.60853279564786 36.7606868170184 48365.5
-116.60855661618592 36.76068682026058 48364.9
-116.60858051706629 36.76068681569917 48363.2
-116.60860449677664 36.76068682279512 48362.4
-116.6086285574946 36.76068685874504 48362.1
-116.60865272173154 36.76068694068307 48361.5
-116.60867695383088 36.76068707103608 48361.2
-116.60870125884 36.76068724769748 48361.3
-116.608725630918 36.7606874648525 48361.5
-116.60875007766532 36.760687715853415 48361.3
-116.60877457368156 36.76068798578839 48361.3
-116.6087991210158 36.760688259882514 48361.2
-116.60882371943124 36.76068852247695 48360.6
-116.60884837772682 36.76068875259792 48360.9
-116.60887312569145 36.76068894267876 48361.2
-116.60889796447708 36.76068908479965 48360.7
-116.60892289930864 36.760689181276135 48360.5
-116.60894792455257 36.76068924118167 48360.1
-116.60897301823444 36.76068929360867 48359.0
-116.60899813138114 36.7606893713103 48358.5
-116.60902321167669 36.76068950559091 48358.7
-116.60904816731856 36.76068973022432 48359.0
-116.60907281685036 36.76069003289821 48358.9
-116.60909699520649 36.760690375011215 48358.7
-116.6091204541882 36.76069069386135 48357.6
-116.60926051461824 36.76059393015965 48360.8
-116.60925844292996 36.7605773297067 48382.2
-116.60925626098702 36.76055980136731 48383.1
-116.60925415528972 36.760541490606535 48383.8
-116.60925226734804 36.76052250871739 48385.5
-116.60925061377912 36.76050336620945 48386.8
-116.60924910532788 36.76048440100872 48387.8
-116.60924761182672 36.76046602879502 48387.6
-116.60910714688958 36.76037894160591 48420.2
-116.60908650066123 36.760381421492255 48417.6
-116.6090646496126 36.76038385287152 48417.4
-116.6090416913618 36.760386152254426 48417.3
-116.60901759650828 36.76038827325603 48416.7
-116.6089928268424 36.76039022165139 48417.2
-116.60896756632847 36.76039202729753 48418.9
-116.60894203769487 36.760393704041135 48420.4
-116.60891641527408 36.760395243105776 48420.7
-116.60889094032436 36.760396634845534 48419.7
-116.60886570455284 36.7603978598073 48418.2
-116.6088408142134 36.76039889942432 48418.0
-116.60881639239328 36.76039973154072 48418.4
-116.60879255699336 36.76040038725358 48418.5
-116.60876929382005 36.76040090648954 48418.6
-116.60874660316406 36.760401330818674 48419.6
-116.6087244897818 36.76040169601468 48420.4
-116.60870279088472 36.76040203545993 48420.3
-116.6086813355227 36.760402360359485 48419.8
-116.6086599507956 36.76040266073054 48419.4
-116.60863838347323 36.76040289586303 48418.6
-116.60861650277988 36.76040302605798 48418.7
-116.60859417191264 36.76040303082274 48419.8
-116.60857131974332 36.760402907717534 48420.7
-116.60854782185552 36.76040265394273 48422.3
-116.608523828136 36.76040230915096 48423.5
-116.6084993815681 36.76040191220521 48422.9
-116.60847456617869 36.76040150559096 48421.2
-116.60844949529628 36.76040116206438 48423.3
-116.60842428074508 36.760400943561386 48426.1
-116.608399042239 36.76040088504951 48427.0
-116.60837385607331 36.76040099466668 48426.5
-116.60834882490252 36.7604012687305 48426.0
-116.60832389383572 36.76040165406148 48425.8
-116.6082991100772 36.760402105738855 48425.4
-116.60827438180686 36.760402596865546 48425.7
-116.60824992605968 36.76040310914193 48426.0
-116.60822558078532 36.76040363532682 48425.7
-116.6082013043706 36.76040417115272 48425.9
-116.60817705628855 36.76040470795983 48426.1
-116.60815278907356 36.76040523159418 48425.6
-116.60812848592724 36.76040572245931 48424.8
-116.60810412559958 36.76040616464388 48424.7
-116.60807969567708 36.76040654429436 48424.7
-116.6080551687914 36.76040684406088 48425.3
-116.60803061420796 36.760407071124014 48427.0
-116.60800603906688 36.76040724181944 48428.6
-116.60798146061045 36.760407372628976 48429.0
-116.60795688561352 36.7604074747293 48428.8
-116.6079323330746 36.76040756605969 48428.8
-116.6079077972731 36.76040766167423 48429.2
-116.60788327729128 36.76040776734341 48429.5
-116.60785877085296 36.760407880735926 48429.9
-116.60783427117352 36.76040798838041 48430.4
-116.60780977684604 36.760408080196505 48430.3
-116.60778528185422 36.760408149367805 48431.1
-116.60776078098034 36.760408195694005 48431.8
-116.60773628306472 36.760408231976 48431.7
-116.60771178200612 36.76040827507175 48432.1
-116.60768727051948 36.760408333275365 48432.5
-116.60766272920984 36.76040840227788 48432.6
-116.6076381462621 36.76040847587056 48432.9
-116.60761351999312 36.760408553664 48433.3
-116.60758885404113 36.76040863510888 48433.6
-116.60756416632736 36.760408726826746 48433.6
-116.60753948325464 36.76040883886124 48433.7
-116.60751483495584 36.760408979785375 48434.0
-116.60749024414028 36.76040915296883 48435.1
-116.60746574678096 36.76040935749055 48436.0
-116.60744131879144 36.76040957960175 48435.8
-116.60741694640998 36.76040980552742 48434.8
-116.60739260352068 36.760410024849726 48433.8
-116.60736825762316 36.76041022565655 48433.1
-116.60734389627028 36.76041039869337 48432.2
-116.60731950202428 36.76041052914219 48431.4
-116.60729506819968 36.76041060039724 48431.0
-116.60727058090032 36.76041060007462 48429.8
-116.60724608592427 36.76041055184213 48429.2
-116.60722156807806 36.76041047931822 48429.8
-116.60719702761392 36.76041040020105 48430.0
-116.60717246533328 36.76041032940032 48430.1
-116.60714787274073 36.760410272220085 48430.5
-116.60712325548782 36.76041023035091 48431.1
-116.60709862337596 36.76041021122271 48432.3
-116.60707400205696 36.760410230431496 48432.5
-116.60704938426944 36.76041029529876 48432.4
-116.6070247812496 36.76041040485232 48431.7
-116.60700019219144 36.76041055184061 48429.4
-116.60697561950532 36.76041072141485 48428.0
-116.60695105445431 36.76041089078687 48427.7
-116.6069264994794 36.760411042952654 48426.7
-116.60690195008732 36.76041116499324 48422.9
-116.60687738267248 36.7604112390235 48419.5
-116.6068528140584 36.76041126512449 48417.2
-116.60682822666776 36.76041124995572 48415.2
-116.60680362064322 36.76041120417136 48413.2
-116.6067790039978 36.760411145555295 48410.4
-116.60675440079572 36.760411096942846 48406.8
-116.60672983300506 36.76041107073658 48403.6
-116.60670532088533 36.760411072981846 48401.0
-116.60668087155088 36.760411107774864 48396.7
-116.60665644092462 36.760411169376816 48391.9
-116.60663201121952 36.76041125110103 48388.0
-116.6066075625701 36.76041134197989 48383.2
-116.60658307380136 36.76041142494867 48378.6
-116.60655854412155 36.76041149039433 48373.6
-116.6065339681226 36.76041153160576 48367.3
-116.606509347161 36.760411548100336 48361.6
-116.60648466984652 36.76041154231299 48357.4
-116.60645995057897 36.7604115279323 48352.6
-116.6064351798418 36.76041151483364 48347.0
-116.60641035762733 36.760411509324726 48342.0
-116.6063854828178 36.76041151681845 48336.3
-116.60636056471128 36.76041154079599 48330.2
-116.60633562137532 36.76041158400877 48325.2
-116.60631066970475 36.76041164254591 48319.5
-116.60628572486932 36.76041170757832 48313.4
-116.60626079088613 36.76041176663647 48307.7
-116.60623586489668 36.760411814409785 48302.7
-116.60621094317096 36.76041184365896 48297.5
-116.60618602299692 36.76041184982905 48292.2
-116.60616111540624 36.76041183615786 48288.1
-116.60613622165836 36.76041180141575 48285.3
-116.60611134867862 36.76041174603749 48282.0
-116.60608649582944 36.76041166748547 48278.2
-116.6060616685758 36.760411572601406 48274.6
-116.606036859795 36.76041147026 48271.0
-116.6060120754542 36.760411371910045 48266.8
-116.60598733560512 36.760411290440906 48262.8
-116.60596263319007 36.7604112289533 48259.1
-116.60593796474356 36.7604111843084 48254.7
-116.605913319943 36.760411149595846 48250.9
-116.6058886879382 36.760411119032646 48248.4
-116.60586406148218 36.760411083944575 48246.2
-116.60583944345215 36.76041104162219 48243.0
-116.60581483813344 36.76041099590563 48239.6
-116.60579025868589 36.76041095601845 48236.9
-116.60576570219852 36.76041093224713 48234.6
-116.60574116917252 36.760410930862726 48231.9
-116.60571665335064 36.76041095267646 48228.6
-116.60569214209566 36.760410989614506 48226.7
-116.6056676062691 36.76041103179748 48225.2
-116.60564301782192 36.760411077476846 48223.7
-116.60561834436469 36.76041113047167 48223.1
-116.605593558939 36.76041120111798 48222.4
-116.6055686674035 36.76041129427042 48220.8
-116.60554369464896 36.760411409449645 48220.3
-116.6055186615429 36.76041154333048 48220.9
-116.60549358737272 36.7604116894501 48220.9
-116.60546850441584 36.76041183866853 48220.8
-116.60544345074524 36.76041198969503 48220.6
-116.60541846243414 36.760412147857046 48220.8
-116.60539359707896 36.76041232092453 48221.7
-116.60536886339092 36.76041250672263 48222.4
-116.60534426401028 36.76041268691423 48222.3
-116.6053197776164 36.76041283757689 48222.0
-116.6052953529686 36.76041293062731 48221.7
-116.6052709559227 36.760412960980176 48221.2
-116.60524652335846 36.76041293463046 48221.9
-116.60522200694798 36.76041285986836 48222.6
-116.60519734326824 36.76041274806996 48223.9
-116.6051725451904 36.76041262115292 48225.6
-116.60514761638557 36.76041249596864 48226.0
-116.60512258635389 36.76041238933323 48225.8
-116.60509750072988 36.76041232110317 48226.7
-116.60507238938597 36.76041229610841 48227.2
-116.60504728963905 36.760412311794006 48226.8
-116.60502222371332 36.76041235574887 48224.6
-116.60499721794584 36.760412406868014 48221.4
-116.6049722838909 36.76041244129684 48219.8
-116.60494743262656 36.76041244065584 48219.2
-116.60492267324084 36.76041239563597 48218.0
-116.60489801814587 36.760412312407205 48216.7
-116.60487345960298 36.76041221778647 48215.4
-116.6048489710102 36.76041213560455 48214.2
-116.60482452844572 36.76041208143201 48214.2
-116.60480011466976 36.76041206252228 48214.1
-116.6047756882804 36.76041206921344 48213.5
-116.60475124471854 36.760412093071466 48212.7
-116.60472677558896 36.76041212617579 48212.3
-116.60470226183568 36.76041216405637 48212.1
-116.60467769491478 36.76041220510192 48211.0
-116.60465307479434 36.76041224321481 48210.1
-116.60462840928736 36.76041226907798 48209.9
-116.60460370010104 36.76041226796776 48210.1
-116.60457897597892 36.76041222889258 48210.4
-116.60455422657388 36.76041214712673 48210.0
-116.60452944186008 36.76041202447387 48208.9
-116.60450459737368 36.76041187217414 48208.9
-116.6044796967622 36.760411711107466 48209.1
-116.60445473324232 36.76041154910367 48208.7
-116.60442971995384 36.76041138602104 48209.7
-116.6044046818511 36.7604112212624 48210.3
-116.60437954587243 36.76041105630672 48210.6
-116.60435451909969 36.760410900482654 48211.1
-116.60432949145292 36.76041076153649 48212.7
-116.60430443699128 36.76041064392029 48216.1
-116.6042793315636 36.76041053912436 48218.8
-116.60425418674996 36.76041044402668 48219.4
-116.60422902690009 36.760410361018415 48219.4
-116.60420389141828 36.760410287329314 48220.3
-116.60417879779648 36.76041020354068 48221.4
-116.6041537535597 36.76041009173139 48222.8
-116.60412875882152 36.7604099429226 48225.2
-116.60410381883412 36.760409759507695 48228.0
-116.60407895041564 36.76040956711116 48230.1
-116.60405415123668 36.76040939205764 48231.5
-116.60402941940394 36.76040925963236 48235.7
-116.60400475595424 36.76040918649899 48239.4
-116.60398010480748 36.76040915653371 48241.0
-116.60395546922616 36.760409150559646 48242.2
-116.6039308445096 36.76040915015055 48245.3
-116.60390621822954 36.76040913727017 48248.7
-116.60388159309316 36.76040910185512 48250.9
-116.60385696152792 36.76040904460085 48253.2
-116.60383232301167 36.76040897137872 48257.5
-116.60380768809324 36.760408898355486 48262.7
-116.60378306470204 36.76040884608691 48267.5
-116.60375846552913 36.760408821846326 48271.4
-116.6037339021838 36.76040882315934 48273.6
-116.60370937116218 36.76040884445024 48275.1
-116.60368483243371 36.76040887734622 48276.8
-116.60366027249492 36.760408920538566 48278.5
-116.60363568878904 36.760408977824646 48280.4
-116.60361109439516 36.76040905446425 48281.6
-116.60358649358862 36.760409152522165 48282.7
-116.60356190218032 36.76040926657628 48283.2
-116.60353733079576 36.760409383117526 48282.9
-116.6035127798592 36.76040947921528 48282.1
-116.60348824579224 36.76040953680204 48282.3
-116.60346369000824 36.76040955080216 48281.6
-116.6034390743734 36.76040952765036 48279.4
-116.6034143467722 36.76040948496449 48277.4
-116.60338949937488 36.76040944915757 48275.5
-116.60336452120848 36.76040944295763 48273.1
-116.60333943110696 36.76040948573947 48268.8
-116.6033143290587 36.76040960473749 48265.4
-116.60328935172596 36.76040980623517 48263.1
-116.60326475590507 36.760410086990944 48259.8
-116.60324085899272 36.76041042661837 48257.6
-116.60309945545536 36.760292910625495 48224.0
-116.6031019794113 36.76027454325816 48223.6
-116.60310439280316 36.76025518443235 48222.2
-116.60310656077264 36.760235081676846 48220.7
-116.603108333419 36.76021461126927 48219.3
-116.60310969430589 36.76019413304749 48217.2
-116.6031106462364 36.760174140762494 48214.6
-116.60311125063303 36.76015506931604 48210.3
-116.6032194735894 36.76005777410652 48204.4
-116.60323814639789 36.76005939573646 48198.1
-116.60325801560964 36.760061124330655 48200.7
-116.60327897043663 36.760062825220615 48200.2
-116.60330092910716 36.76006437537641 48200.0
-116.60332375083338 36.76006573244037 48200.2
-116.60334722213712 36.76006687708784 48200.4
-116.6033712177544 36.76006780873413 48200.4
-116.60339561155052 36.76006851108045 48200.8
-116.6034203423234 36.76006901979671 48201.4
-116.60344525287148 36.76006935090573 48202.0
-116.60347028178424 36.76006951902479 48203.3
-116.60349537127848 36.76006953531148 48205.0
-116.60352054866746 36.7600694504929 48206.4
-116.6035457468398 36.76006930356639 48207.8
-116.60357092515784 36.760069125976926 48208.9
-116.60359603233034 36.76006894528913 48209.4
-116.6036210371174 36.76006878131361 48209.8
-116.60364592111092 36.76006864085585 48210.8
-116.60367067670984 36.760068523600566 48211.8
-116.60369528461965 36.760068424289614 48211.6
-116.60371975407928 36.76006832969231 48210.8
-116.60374409351589 36.76006823106032 48211.1
-116.60376830608264 36.76006812258941 48211.5
-116.6037923845774 36.76006799892394 48212.2
-116.60381637427088 36.76006786004195 48212.7
-116.6038402997144 36.76006771212854 48212.8
-116.6038641838053 36.76006756234393 48212.7
-116.60388804995635 36.76006742006537 48212.6
-116.60391191776796 36.760067297836585 48212.4
-116.6039358019912 36.76006720422923 48211.8
-116.60395971631796 36.7600671438216 48210.8
-116.6039836824452 36.760067118616 48209.8
-116.60400768579343 36.76006711200903 48209.1
-116.60403173749016 36.760067108029816 48208.1
-116.60405582567054 36.76006709283462 48206.9
-116.60407991976057 36.76006703929106 48206.2
-116.6041040243958 36.76006693484682 48205.8
-116.60412811567532 36.76006678080732 48204.8
-116.60415218384188 36.7600665902029 48203.7
-116.6041762252216 36.76006638273167 48202.8
-116.60420024850704 36.76006618171173 48201.4
-116.6042242523102 36.76006599278999 48200.4
-116.60424823751934 36.760065810950245 48199.5
-116.60427219608572 36.76006562788112 48198.6
-116.6042961210038 36.76006543281582 48197.9
-116.60432000092756 36.76006521205855 48197.1
-116.60434382943312 36.760064960949805 48196.9
-116.60436759168944 36.76006468823451 48197.1
-116.60439129969654 36.76006441848411 48197.1
-116.60441494831092 36.76006417135687 48196.8
-116.60443854296568 36.76006395653224 48197.2
-116.60446209838707 36.760063779854974 48197.9
-116.60448561228962 36.760063631776525 48198.3
-116.60450909967857 36.76006350340278 48199.9
-116.6045325639132 36.76006338693629 48202.1
-116.60455601119943 36.76006328199311 48203.9
-116.60457943912832 36.760063196718654 48205.5
-116.60460284924518 36.760063135515246 48207.5
-116.60462624354464 36.76006309215814 48210.3
-116.60464962591986 36.76006305725343 48213.8
-116.60467299572322 36.76006302560468 48217.7
-116.60469634674403 36.76006298703416 48221.8
-116.6047196711946 36.76006292810138 48225.5
-116.60474295284548 36.760062844308486 48229.1
-116.60476620276556 36.760062748589775 48233.3
-116.6047894194668 36.76006265543719 48237.1
-116.6048126042767 36.76006257697799 48239.9
-116.60483575020147 36.76006251475384 48243.0
-116.60485885580636 36.76006245145189 48246.1
-116.60488193375484 36.76006236896173 48249.3
-116.60490500313408 36.76006225012071 48252.7
-116.60492809004424 36.76006208134887 48255.7
-116.60495124976173 36.76006187805241 48258.0
-116.60497448637996 36.76006165947375 48260.0
-116.60499780610996 36.760061439821726 48261.5
-116.6050212272286 36.76006123938525 48262.1
-116.6050447100157 36.76006107152405 48263.0
-116.60506833596968 36.760060939840535 48263.6
-116.60509190207397 36.76006084508697 48264.0
-116.60511549528408 36.760060785355925 48264.1
-116.60513907475352 36.76006074839684 48263.9
-116.605162620584 36.760060722963736 48263.3
-116.60518610399764 36.760060696805176 48262.8
-116.6052094781178 36.76006065875947 48261.9
-116.60523274459456 36.7600606055692 48260.9
-116.60525590382828 36.76006054100517 48259.9
-116.6052789770564 36.760060473477225 48259.1
-116.60530200048495 36.76006041263132 48258.2
-116.60532501485238 36.76006037050989 48257.2
-116.60534805022796 36.760060350393466 48256.2
-116.60537113101093 36.76006035175333 48254.7
-116.60539428376728 36.76006037684935 48253.6
-116.60541749103288 36.76006041915988 48253.1
-116.60544074878976 36.76006046969354 48252.3
-116.60546404432012 36.760060517868965 48251.4
-116.60548737065518 36.760060549928944 48252.1
-116.60551073251705 36.76006055944148 48253.1
-116.60553411313592 36.7600605414489 48253.7
-116.60555750054664 36.76006048952594 48255.1
-116.60558086998635 36.76006039576943 48257.0
-116.6056042313444 36.76006026142058 48259.1
-116.60562756231576 36.760060089016 48261.3
-116.60565085036356 36.76005988547984 48263.4
-116.60567407587952 36.76005966038616 48265.7
-116.60569725562992 36.76005942708468 48269.1
-116.605720389201 36.76005919503256 48272.8
-116.60574348235563 36.760058963351725 48276.5
-116.60576654654672 36.760058726542525 48280.0
-116.60578961173476 36.76005848801202 48283.5
-116.60581269336367 36.76005825839774 48287.2
-116.60583580519884 36.76005805104719 48290.7
-116.60585897345348 36.76005788429781 48294.0
-116.60588218067691 36.760057763410174 48297.7
-116.60590544569824 36.760057687786485 48301.9
-116.60592877018814 36.76005765176551 48306.0
-116.60595215951064 36.76005764929962 48309.7
-116.60597557427492 36.76005766510777 48313.3
-116.60599900206716 36.760057689123165 48316.7
-116.60602242535776 36.760057718056615 48320.2
-116.6060458263222 36.76005775429143 48323.8
-116.60606918842277 36.76005779701369 48326.9
-116.60609250062564 36.760057844244514 48330.4
-116.6061157559876 36.76005788990675 48334.1
-116.6061389461776 36.76005792958873 48337.5
-116.60616209409596 36.76005796416565 48340.6
-116.60618521703633 36.760057995640274 48343.5
-116.6062083361724 36.76005802922274 48346.5
-116.60623147739204 36.760058073297714 48349.5
-116.60625465547967 36.760058129967696 48353.0
-116.6062778944972 36.76005820083244 48356.8
-116.6063012094122 36.760058291557975 48360.0
-116.60632463568562 36.76005841403829 48362.9
-116.60634814973012 36.76005857345936 48365.9
-116.6063717486876 36.76005876933972 48369.3
-116.6063954078168 36.76005898885086 48373.1
-116.60641907161624 36.76005920295757 48376.9
-116.60644269557592 36.7600593801966 48380.3
-116.6064662500628 36.76005949899491 48383.3
-116.60648972555364 36.76005954477933 48387.0
-116.60651310021784 36.76005950379621 48391.1
-116.60653644048568 36.76005938955823 48394.6
-116.60655973242092 36.760059221309504 48397.6
-116.60658298374912 36.760059023227335 48400.3
-116.60660621431444 36.76005882917861 48403.5
-116.60662942919046 36.7600586723866 48406.7
-116.60665263082475 36.76005857487905 48409.8
-116.60667581978493 36.760058549070656 48412.9
-116.60669901238693 36.76005860569736 48415.6
-116.6067221690907 36.7600587220594 48417.6
-116.60674531726048 36.760058871360485 48420.4
-116.60676846780524 36.76005902821193 48423.3
-116.60679163138497 36.76005917156056 48425.7
-116.60681482126392 36.76005930239924 48428.1
-116.60683802890344 36.76005942822166 48430.3
-116.6068612457371 36.76005955548867 48431.7
-116.60688445618467 36.760059683624725 48433.1
-116.60690764979029 36.76005979769291 48434.8
-116.60693082584856 36.76005987749641 48436.5
-116.60695399949232 36.76005990621577 48438.5
-116.60697719626668 36.7600598671973 48440.7
-116.60700047955196 36.76005975986863 48441.9
-116.60702384807549 36.76005956959556 48442.2
-116.6070473072824 36.76005928105034 48443.1
-116.6070708359806 36.76005888678144 48444.5
-116.6070944428902 36.760058429125486 48445.3
-116.60711806896686 36.76005795662904 48445.6
-116.6071416879592 36.76005751713428 48446.1
-116.6071653013286 36.7600571636848 48447.0
-116.60718884659556 36.760056913002 48447.7
-116.6072123396552 36.76005676434261 48447.9
-116.6072357794752 36.76005671070607 48448.6
-116.60725917622176 36.760056740476806 48449.6
-116.6072825067736 36.760056817523584 48450.6
-116.60730579514733 36.76005691674989 48451.0
-116.60732904418776 36.76005701778203 48451.3
-116.60735223706952 36.760057098371135 48451.6
-116.6073753896956 36.76005714603529 48452.1
-116.60739849612116 36.76005716119112 48452.7
-116.60742155290588 36.76005715441432 48453.4
-116.60744455111046 36.76005714402267 48453.6
-116.60746749266129 36.76005714852609 48453.5
-116.6074903846983 36.76005717730504 48453.9
-116.60751323279057 36.760057238575655 48454.6
-116.60753603116812 36.76005733668179 48454.9
-116.60755875795869 36.76005745453271 48455.1
-116.60758140928483 36.760057575075535 48455.4
-116.60760397142973 36.760057678348254 48455.6
-116.60762639659028 36.76005773676465 48455.5
-116.60764872152464 36.760057739755965 48456.0
-116.60767094544252 36.76005769497419 48456.9
-116.60769309285809 36.76005762663017 48457.5
-116.60771519577348 36.76005756886661 48456.9
-116.60773726852544 36.76005754352396 48455.3
-116.60775933361452 36.76005755595176 48455.5
-116.60778141118892 36.760057615669936 48456.9
-116.60780353170104 36.7600577378308 48458.1
-116.60782564793534 36.76005790512217 48458.3
-116.60784775110892 36.76005807942438 48458.1
-116.60786981795 36.76005822200169 48457.8
-116.60789181315184 36.76005830094566 48457.2
-116.60791380097228 36.760058321008245 48457.7
-116.60793579804448 36.76005830571993 48458.3
-116.60795784382331 36.76005828720975 48457.7
-116.60798001200855 36.76005830743421 48457.0
-116.6080022981712 36.760058386077965 48456.8
-116.60802473263088 36.76005852301203 48456.3
-116.60804733137064 36.76005870307958 48456.5
-116.6080701387392 36.76005890214922 48458.0
-116.60809314190524 36.76005909712953 48458.4
-116.60811633438809 36.760059287334975 48457.8
-116.608139693951 36.76005948135125 48458.0
-116.60816320549664 36.76005967837521 48458.2
-116.60818682246529 36.7600598663384 48457.4
-116.60821052040576 36.76006003842127 48456.9
-116.60823428665748 36.760060191650574 48457.2
-116.60825812152326 36.7600603323301 48457.8
-116.60828200646064 36.76006047580061 48458.4
-116.60830592260464 36.76006063240354 48457.7
-116.60832985860884 36.760060807189966 48456.8
-116.60835381002984 36.76006099833357 48457.2
-116.60837776698776 36.76006119058255 48457.8
-116.6084017243044 36.76006137053872 48457.4
-116.60842566993288 36.76006152942382 48457.1
-116.60844958295766 36.76006165968114 48457.4
-116.6084734707574 36.76006176349056 48457.6
-116.60849731960292 36.760061842124216 48457.5
-116.60852112543016 36.76006189732498 48457.4
-116.60854487331449 36.760061924886045 48457.5
-116.60856859075795 36.760061923715845 48458.0
-116.60859227538576 36.760061897666255 48458.5
-116.6086159236612 36.76006185147099 48458.5
-116.60863951267928 36.760061792493154 48458.1
-116.6086630347237 36.7600617358927 48457.5
-116.6086864704998 36.7600616922243 48457.2
-116.60870981009252 36.760061666598936 48457.2
-116.60873312919784 36.76006165732657 48457.1
-116.6087562532482 36.760061654397646 48457.3
-116.60877928877764 36.760061650964666 48459.3
-116.60880223834832 36.76006164702997 48459.4
-116.6088250818452 36.76006164396637 48457.6
-116.6088478255274 36.76006163554768 48456.5
-116.60887046917588 36.760061614601526 48456.9
-116.60889301629872 36.7600615736021 48457.4
-116.60891547168951 36.76006150687613 48458.4
-116.60893788374456 36.760061420027206 48458.6
-116.60896027759004 36.76006132256717 48458.2
-116.60898269462292 36.760061236483885 48458.3
-116.60900519692666 36.76006120742091 48458.8
-116.60902776808447 36.76006126468481 48458.2
-116.60905041399332 36.76006142176812 48457.5
-116.60907309913324 36.76006167504229 48458.0
-116.60909569227589 36.76006200379793 48457.3
-116.60911797080988 36.760062332734805 48457.0
-116.60913968787584 36.760062561616174 48457.7
-116.60926288256113 36.75994783195249 48474.9
-116.60925994660332 36.75993041060524 48480.7
-116.6092570339368 36.75991225604741 48483.8
-116.60925432973316 36.75989359929181 48487.4
-116.6092519200498 36.75987470827571 48490.0
-116.60924984070031 36.7598560104112 48490.1
-116.60924794278212 36.759837990245934 48486.5
-116.60909160394822 36.759745562300814 48508.6
-116.6090706926125 36.75974771110076 48525.4
-116.6090486454786 36.75974971670597 48526.0
-116.60902584111096 36.75975152864159 48526.6
-116.60900236864876 36.75975316329477 48527.1
-116.60897835844824 36.75975465287 48528.8
-116.60895390203872 36.75975602112272 48531.0
-116.60892926574644 36.75975731604984 48533.4
-116.60890459102876 36.75975856918036 48535.7
-116.6088800372059 36.759759797234935 48535.9
-116.6088558080742 36.75976100405588 48533.5
-116.60883197674956 36.75976219000214 48533.0
-116.60880857479184 36.7597633384796 48533.9
-116.60878557090112 36.7597644204612 48532.6
-116.60876290168392 36.759765369262034 48530.6
-116.60874046311764 36.759766135228006 48530.8
-116.60871811296958 36.75976668855412 48531.8
-116.60869571831029 36.75976701082768 48531.2
-116.60867310588232 36.75976707381036 48530.4
-116.60865026740368 36.75976693450552 48530.0
-116.6086270775808 36.7597666427432 48529.4
-116.60860348539404 36.75976625218993 48529.4
-116.60857943627866 36.75976582467168 48530.2
-116.608555030017 36.75976543215488 48531.5
-116.60853034028472 36.75976512525262 48531.3
-116.60850546012048 36.75976494438739 48530.0
-116.60848048408674 36.75976494070955 48530.5
-116.60845544737788 36.7597651008515 48531.7
-116.60843044389964 36.75976539946701 48531.6
-116.6084055273168 36.759765796771866 48528.4
-116.60838075686132 36.759766251864704 48527.0
-116.60835612718988 36.7597667132516 48528.2
-116.60833164732357 36.75976714480112 48528.7
-116.608307307846 36.75976752304162 48528.8
-116.60828310286884 36.75976782804271 48528.8
-116.60825901489424 36.75976805603556 48528.5
-116.6082349928722 36.759768199957165 48528.5
-116.60821099152544 36.759768258016926 48528.2
-116.60818697112587 36.7597682434819 48527.1
-116.60816292459651 36.75976819032479 48527.2
-116.6081388201158 36.75976811653673 48528.1
-116.6081146419492 36.75976803999298 48527.8
-116.60809036568986 36.75976798250328 48526.9
-116.60806599714424 36.75976795668901 48526.6
-116.60804156085304 36.75976797484827 48527.5
-116.608017078034 36.75976803908066 48528.6
-116.60799256684872 36.75976813974514 48527.9
-116.6079680422262 36.75976825642652 48526.3
-116.6079435170308 36.75976838011714 48525.9
-116.60791899200215 36.75976850857826 48526.0
-116.60789448004614 36.75976864722996 48525.7
-116.60786999301725 36.75976880198701 48525.4
-116.60784554295032 36.75976897365428 48525.1
-116.60782113106444 36.75976915538048 48525.1
-116.60779676037733 36.75976934431532 48524.2
-116.607772412198 36.7597695397497 48523.2
-116.60774807225188 36.7597697377167 48522.1
-116.60772372886056 36.759769934630896 48519.9
-116.6076993816868 36.75977012534638 48519.1
-116.60767504483049 36.75977030280545 48520.0
-116.60765072937424 36.7597704613932 48520.3
-116.60762644447924 36.759770599260925 48520.6
-116.60760219312942 36.7597707068079 48519.7
-116.60757797946438 36.75977077836988 48518.2
-116.60755379237396 36.759770809813446 48517.1
-116.6075296197842 36.75977080513008 48516.7
-116.60750544184432 36.759770774104894 48515.6
-116.60748124847024 36.75977074262678 48515.6
-116.6074570232132 36.75977072741516 48516.8
-116.60743276215248 36.7597707358924 48516.2
-116.60740844945002 36.759770762576686 48514.7
-116.60738408660472 36.75977078172896 48513.5
-116.60735968059184 36.759770776457216 48513.1
-116.60733523704712 36.759770739000906 48513.4
-116.60731076416312 36.7597706659332 48513.3
-116.60728630124518 36.75977056968889 48513.0
-116.60726186980408 36.759770462404525 48512.5
-116.60723749722592 36.7597703587994 48511.5
-116.6072132176788 36.75977027672409 48510.0
-116.60718900509096 36.75977021966182 48509.0
-116.60716484046172 36.75977017593634 48507.3
-116.6071406869928 36.759770126837175 48505.2
-116.60711647898168 36.7597700464012 48503.9
-116.6070921736096 36.75976992125281 48502.8
-116.60706772543814 36.75976974715852 48501.8
-116.60704312408711 36.75976952957362 48499.3
-116.60701837421225 36.75976928093876 48497.8
-116.6069935317932 36.75976902404117 48498.5
-116.606968616038 36.7597687693556 48497.6
-116.60694364817805 36.759768516968 48497.1
-116.60691864780632 36.759768263444 48496.5
-116.60689363920174 36.759768008215936 48495.3
-116.60686862670975 36.759767752717366 48494.9
-116.60684360754628 36.75976749702179 48494.5
-116.60681857453028 36.75976722877654 48493.0
-116.60679354398783 36.759766930118886 48491.5
-116.60676852907328 36.75976658531975 48490.5
-116.60674354103004 36.75976618849236 48490.4
-116.60671859836144 36.75976575341241 48490.0
-116.60669370418049 36.75976532508892 48489.4
-116.60666884551776 36.75976494175277 48490.7
-116.60664402422836 36.759764632748535 48491.4
-116.60661925591766 36.75976443567284 48489.2
-116.60659450509702 36.75976435734297 48486.2
-116.6065698083713 36.7597644070438 48483.3
-116.60654510399216 36.75976458999755 48482.8
-116.6065206162565 36.75976492011039 48482.8
-116.60649620962609 36.7597653560551 48480.1
-116.6064718961304 36.759765860484 48476.1
-116.60644766398724 36.75976639556043 48474.1
-116.60642349908149 36.759766919928566 48473.4
-116.6063993763166 36.75976740198144 48470.2
-116.60637526766064 36.759767823806094 48466.7
-116.60635113451777 36.759768170683394 48465.2
-116.60632694042044 36.75976840832834 48464.1
-116.60630267944856 36.759768530980665 48461.1
-116.60627831279976 36.75976853146562 48457.0
-116.6062538216873 36.75976841398733 48453.6
-116.60622921171552 36.75976817768487 48450.2
-116.6062045441525 36.759767868506174 48447.8
-116.6061798366116 36.7597675231809 48447.4
-116.60615512839794 36.759767177861725 48447.7
-116.60613045004264 36.75976686994416 48447.1
-116.60610579358676 36.75976661458754 48444.9
-116.60608114954428 36.7597664235398 48440.2
-116.60605649616076 36.759766302421006 48435.3
-116.60603178517752 36.75976625958808 48430.3
-116.60600698923548 36.75976627192699 48426.4
-116.60598211581927 36.75976632037284 48425.3
-116.60595717140508 36.75976638087775 48422.3
-116.6059321607156 36.75976641784958 48416.2
-116.60590712712384 36.7597664028412 48410.7
-116.60588209232571 36.75976632109463 48405.8
-116.60585707275268 36.75976616854529 48402.1
-116.60583209673668 36.759765946510846 48399.3
-116.60580716983598 36.759765678751016 48395.4
-116.605782276819 36.75976538123344 48391.4
-116.6057574171978 36.759765078864106 48387.3
-116.60573260288784 36.75976481607314 48383.1
-116.60570781837022 36.75976462476877 48379.1
-116.60568306495456 36.75976452860442 48374.9
-116.60565834301188 36.759764529184224 48370.3
-116.60563363149886 36.75976461337992 48365.2
-116.60560890396184 36.75976472852584 48360.0
-116.60558415849636 36.75976483671636 48356.0
-116.60555938220269 36.759764912717806 48352.7
-116.60553456496427 36.75976493270842 48350.8
-116.60550972188348 36.75976489748968 48348.8
-116.60548485171536 36.75976481487145 48346.9
-116.6054599643523 36.75976469544955 48345.6
-116.60543507890156 36.75976455133011 48342.4
-116.60541020456968 36.75976440161245 48339.3
-116.60538534123036 36.75976425374908 48337.5
-116.60536048320152 36.75976411055025 48334.5
-116.60533561714864 36.7597639735167 48331.9
-116.60531073544362 36.759763839540206 48330.7
-116.6052858464932 36.7597637028115 48330.1
-116.60526095999788 36.75976355996437 48331.4
-116.60523609401784 36.75976341735517 48332.0
-116.605211256489 36.7597632896908 48332.0
-116.60518645094255 36.75976318430346 48333.9
-116.60516167995188 36.759763097673485 48335.0
-116.60513694173812 36.75976302681648 48333.9
-116.60511222100996 36.759762970147854 48333.2
-116.6050875101473 36.75976292995297 48333.5
-116.60506279936696 36.759762908906005 48333.2
-116.60503807141338 36.75976290438837 48332.3
-116.60501332462196 36.75976290595676 48330.9
-116.60498856612696 36.759762907880166 48328.3
-116.60496381146626 36.75976291516145 48326.3
-116.60493907883298 36.75976294837894 48325.2
-116.60491436970564 36.75976302050423 48323.7
-116.60488968830506 36.75976313366782 48320.5
-116.60486502468864 36.759763280151766 48316.9
-116.60484035532927 36.75976344596364 48313.8
-116.60481565961956 36.759763601542296 48308.9
-116.60479092741134 36.75976372371706 48302.6
-116.60476614953556 36.75976379913465 48296.8
-116.60474132438073 36.75976381276188 48292.6
-116.60471648459452 36.75976376665592 48288.0
-116.60469163906674 36.75976366864688 48284.1
-116.60466680432776 36.75976353893243 48281.2
-116.60464200755588 36.75976341614166 48278.2
-116.604617243444 36.75976333962171 48273.8
-116.60459251651127 36.759763335228136 48269.4
-116.6045678412109 36.759763419222764 48265.6
-116.60454322151703 36.759763608640185 48261.1
-116.60451862211012 36.75976387310556 48255.8
-116.60449403620636 36.759764178987645 48251.6
-116.60446944306636 36.75976449083496 48248.7
-116.60444483802893 36.75976477055556 48245.1
-116.60442024614356 36.759765000538295 48241.4
-116.60439567206024 36.759765176517504 48238.5
-116.6043711075908 36.75976529636381 48236.0
-116.60434654422129 36.75976534776178 48233.2
-116.60432198816764 36.75976534146816 48230.6
-116.60429742506992 36.75976528853571 48228.7
-116.60427284017476 36.75976519751472 48228.0
-116.60424820895308 36.759765068060375 48227.9
-116.6042235253664 36.75976490541864 48227.5
-116.6041987767878 36.759764715409865 48227.1
-116.60417396366856 36.75976451028768 48227.2
-116.60414908755143 36.759764310487775 48227.5
-116.60412416905228 36.75976413063624 48227.0
-116.60409922862716 36.759763977171886 48226.7
-116.60407428701969 36.75976384942097 48227.8
-116.60404937122664 36.759763744724594 48229.1
-116.60402450165012 36.759763658369565 48230.2
-116.60399969800264 36.75976359825557 48231.5
-116.60397496646024 36.759763571658176 48233.0
-116.60395030024706 36.75976358990918 48235.0
-116.60392565622104 36.75976364385914 48235.3
-116.6039010159276 36.75976372137667 48235.9
-116.60387635285772 36.75976381059181 48239.2
-116.6038516290916 36.7597639050796 48242.9
-116.60382683973332 36.75976400149287 48244.0
-116.60380199170248 36.75976409649275 48243.6
-116.60377709717152 36.759764185339854 48243.1
-116.60375216622 36.759764251451855 48241.9
-116.60372723422635 36.759764275606976 48240.5
-116.60370231824608 36.759764242499536 48239.1
-116.60367743545666 36.759764153294896 48237.9
-116.60365262077694 36.75976402388849 48236.2
-116.6036278786801 36.759763887846994 48233.5
-116.60360319795488 36.75976376766312 48231.3
-116.60357856629064 36.75976367375127 48229.6
-116.60355395475692 36.75976360892411 48227.8
-116.60352932428376 36.75976355509821 48224.9
-116.60350465069097 36.75976349815901 48221.5
-116.6034799007138 36.75976342859422 48218.3
-116.6034550319274 36.759763335674506 48215.4
-116.6034300483747 36.75976322223565 48212.8
-116.60340495189612 36.75976310313796 48210.0
-116.60337976619404 36.75976300460256 48207.1
-116.60335454071932 36.759762965195655 48205.0
-116.60332935777356 36.759763010007234 48203.8
-116.60330435481237 36.75976315953682 48202.5
-116.6032797352388 36.75976342468172 48200.7
-116.603255889856 36.75976381495265 48199.2
-116.60323306591178 36.7597642795388 48199.6
-116.60310863192188 36.75964009027157 48192.0
-116.603110937596 36.7596210999129 48182.1
-116.60311295315456 36.75960118711071 48179.9
-116.6031145542704 36.759580727426645 48178.5
-116.60311566209118 36.75956010829074 48176.9
-116.60311625835324 36.7595397510583 48175.0
-116.60324496339604 36.759416200069424 48169.3
-116.60326634759971 36.75941773801749 48161.0
-116.60328892273938 36.75941916390722 48162.3
-116.6033124775739 36.759420392140704 48164.0
-116.60333702752726 36.75942133221721 48166.3
-116.603362281259 36.759422012093374 48169.8
-116.60338805266105 36.75942245278674 48174.2
-116.60341417113368 36.75942268325426 48177.9
-116.60344055644865 36.759422703204535 48181.5
-116.60346703249373 36.75942257434489 48186.3
-116.6034934567016 36.75942233122908 48191.3
-116.6035197098114 36.759422009194246 48195.7
-116.60354565863088 36.75942163726204 48200.0
-116.60357125846052 36.75942124712499 48204.3
-116.60359644267037 36.75942085084191 48207.8
-116.60362116133656 36.7594204548442 48210.5
-116.60364532042472 36.75942006017628 48212.9
-116.60366902004726 36.75941967252816 48215.3
-116.60369232066547 36.75941929751608 48217.2
-116.60371531325228 36.75941893887495 48218.3
-116.60373809744188 36.759418599317 48219.7
-116.60376084724612 36.75941826802728 48221.2
-116.60378368753852 36.759417931796655 48222.6
-116.6038067173548 36.75941758664645 48223.6
-116.60383004375184 36.75941723817731 48223.9
-116.60385364496372 36.75941689434343 48223.3
-116.603877506819 36.75941655544372 48222.0
-116.60390159825242 36.7594162211486 48221.7
-116.60392589533028 36.759415892641776 48221.6
-116.60395031266196 36.75941557403177 48221.1
-116.60397479611608 36.75941527427816 48220.6
-116.60399930559974 36.75941500085288 48220.4
-116.6040237996206 36.75941477152019 48220.9
-116.60404826316316 36.75941458551295 48222.2
-116.6040727001976 36.75941444199866 48223.3
-116.60409711890146 36.75941433466263 48224.5
-116.604121509085 36.759414255383525 48226.0
-116.6041458705034 36.75941418339896 48227.5
-116.60417019986669 36.75941409753875 48229.2
-116.6041944933542 36.759413978464906 48231.5
-116.60421877254724 36.75941380673932 48234.8
-116.6042430616266 36.759413588498816 48238.4
-116.6042673720484 36.75941333523503 48241.2
-116.6042917139939 36.759413060013365 48244.3
-116.60431609743276 36.75941277656524 48247.2
-116.60434049983276 36.75941250383974 48249.7
-116.60436489380868 36.75941225158827 48252.5
-116.60438925982396 36.75941201965154 48255.7
-116.6044135756699 36.75941180694742 48259.5
-116.60443784962996 36.75941160960406 48262.9
-116.60446209457794 36.759411424287855 48266.0
-116.60448631946925 36.75941124504054 48269.4
-116.60451053481526 36.75941105994267 48272.8
-116.60453475978731 36.75941086129331 48276.6
-116.6045590054968 36.75941065138972 48280.8
-116.60458327777091 36.759410440893454 48284.2
-116.60460756641636 36.75941024951732 48287.0
-116.604631846791 36.75941009335158 48290.5
-116.6046561011146 36.7594099856608 48293.7
-116.6046803242355 36.75940992963523 48297.3
-116.6047044993958 36.759409925609056 48302.1
-116.60472863909324 36.7594099506566 48307.5
-116.6047527570464 36.759409985840286 48312.2
-116.60477686170064 36.75941001697981 48316.3
-116.60480097566187 36.75941003312386 48320.7
-116.60482513144396 36.75941002774616 48325.6
-116.6048493628283 36.75940999777358 48331.1
-116.60487369532716 36.75940994462062 48335.8
-116.60489816608056 36.759409873905895 48340.4
-116.60492275069518 36.759409799366274 48345.0
-116.6049474278402 36.75940973006014 48350.0
-116.60497217532054 36.7594096705103 48355.5
-116.60499696597364 36.75940961876218 48360.6
-116.60502176745976 36.759409565747376 48365.5
-116.60504655843572 36.75940950475779 48370.5
-116.60507131674952 36.75940943204098 48375.2
-116.60509602238238 36.75940934789903 48380.1
-116.60512067596068 36.75940925781744 48384.8
-116.605145276403 36.7594091632929 48388.7
-116.6051698222962 36.75940906005472 48393.1
-116.60519432340132 36.759408934135685 48398.1
-116.6052187976924 36.75940877987957 48402.6
-116.60524325049452 36.75940859509737 48407.1
-116.6052676820821 36.75940838614866 48411.4
-116.60529209019816 36.75940815580042 48415.3
-116.60531647852994 36.75940791563387 48419.2
-116.60534084413617 36.75940767608173 48423.3
-116.6053651930194 36.759407445544525 48427.2
-116.60538952148808 36.75940723588825 48430.8
-116.60541382867724 36.75940704643778 48434.2
-116.60543811647533 36.75940687087312 48437.7
-116.60546238556324 36.75940669919887 48441.0
-116.60548663674332 36.75940652396588 48444.6
-116.60551087429594 36.75940634626848 48448.6
-116.60553509281534 36.75940617534005 48451.5
-116.60555928991216 36.75940602165305 48453.9
-116.60558344756848 36.75940590137935 48456.6
-116.60560756937572 36.75940581183547 48459.5
-116.6056316663096 36.75940574818126 48462.5
-116.6056557470064 36.75940570136228 48465.1
-116.60567981179112 36.75940565386088 48467.7
-116.60570386335452 36.75940558516841 48470.2
-116.6057278963862 36.75940548676099 48472.7
-116.60575190340992 36.7594053637669 48475.0
-116.605775883243 36.75940523046108 48477.3
-116.60579983977703 36.75940510434129 48479.4
-116.605823773853 36.75940499997203 48481.2
-116.60584769368874 36.75940492514422 48482.9
-116.60587159596396 36.75940488136425 48484.8
-116.6058954903352 36.7594048532072 48486.7
-116.60591939299316 36.75940482846451 48488.1
-116.60594331850128 36.75940480025314 48489.4
-116.605967288521 36.75940476108576 48490.9
-116.60599131389584 36.75940471387048 48492.5
-116.60601539958247 36.75940466769649 48494.2
-116.6060395477826 36.75940463132369 48495.2
-116.60606375457598 36.759404607897366 48496.1
-116.60608800328222 36.75940458650878 48497.1
-116.60611229520347 36.7594045539157 48498.4
-116.60613662549176 36.75940449544154 48500.0
-116.606161010315 36.759404395043056 48501.5
-116.6061854318827 36.75940426255882 48502.4
-116.60620986723936 36.75940410740868 48503.1
-116.60623429408793 36.759403943897 48504.1
-116.60625868166052 36.75940378751744 48504.9
-116.6062830107124 36.75940364939207 48505.5
-116.60630727082298 36.759403532905566 48506.8
-116.60633146019887 36.75940343662067 48508.1
-116.60635556902068 36.7594033571956 48509.1
-116.60637961903262 36.75940328768571 48510.0
-116.60640362505312 36.75940322634099 48511.1
-116.60642760100824 36.75940317179604 48512.1
-116.60645155526188 36.759403121381645 48513.0
-116.6064755006052 36.75940307450536 48513.8
-116.60649944595866 36.759403032096415 48514.5
-116.60652340783352 36.7594029973929 48515.3
-116.60654740714465 36.75940297511397 48516.1
-116.60657146086136 36.75940296417714 48517.3
-116.6065955875017 36.75940296398853 48518.6
-116.60661979515127 36.7594029737556 48519.6
-116.6066440788752 36.75940299384157 48519.6
-116.60666840018652 36.75940302073385 48519.5
-116.60669273184484 36.7594030533236 48520.4
-116.6067171505786 36.75940309541466 48521.2
-116.6067413346613 36.75940315812788 48521.7
-116.6067655709033 36.75940324947457 48522.9
-116.60678976675344 36.75940337617276 48524.4
-116.6068140387368 36.75940353992965 48525.5
-116.60683821132228 36.75940373193261 48526.9
-116.60686241797816 36.75940393097996 48528.2
-116.60688668460358 36.759404125822 48529.0
-116.60691103010488 36.75940430683472 48529.8
-116.60693550533828 36.75940445504642 48530.9
-116.60696010670792 36.75940456185697 48532.0
-116.60698482474736 36.75940462340287 48532.1
-116.60700962659875 36.75940463901144 48532.4
-116.60703450362551 36.75940460729384 48533.8
-116.60705939566807 36.75940455485144 48533.6
-116.60708426028182 36.75940449904444 48533.3
-116.60710907329523 36.75940445229939 48534.7
-116.60713380064288 36.75940443048293 48536.1
-116.60715845895452 36.75940444246188 48537.2
-116.6071830635973 36.75940449742895 48538.4
-116.60720764185284 36.75940460097917 48539.1
-116.6072321875837 36.759404759786726 48539.7
-116.60725672444616 36.75940494878103 48540.5
-116.60728126669366 36.75940514952627 48541.2
-116.60730581898945 36.75940534812452 48542.3
-116.60733038681708 36.759405531213815 48543.3
-116.60735496440444 36.759405690192 48543.7
-116.60737954653362 36.75940581916189 48544.6
-116.60740411565004 36.75940591328976 48545.4
-116.6074286752618 36.75940595902844 48545.7
-116.60745321945188 36.75940596597827 48546.3
-116.60747774521272 36.759405945642754 48546.9
-116.60750225205604 36.7594059128224 48547.5
-116.60752673410788 36.75940588608304 48548.5
-116.60755118540736 36.75940588522906 48549.6
-116.60757559856845 36.75940592909289 48550.3
-116.60759998688546 36.75940603150171 48551.2
-116.60762432941225 36.75940621385716 48551.9
-116.60764865249146 36.75940646879857 48552.3
-116.60767297722408 36.75940679361904 48552.8
-116.60769732961312 36.759407173536765 48553.7
-116.60772172539198 36.7594075816265 48554.4
-116.60774618737048 36.7594079767344 48555.2
-116.60777073203316 36.75940832397813 48555.9
-116.60779534778636 36.75940859216708 48556.0
-116.6078200946932 36.75940874542176 48556.2
-116.6078449473976 36.75940880375291 48556.9
-116.60786989056736 36.75940878771512 48557.6
-116.60789490218748 36.75940872096225 48558.6
-116.60791997182056 36.759408625898615 48559.4
-116.60794503795589 36.759408534719256 48559.1
-116.60797005185547 36.759408462049365 48558.9
-116.60799498171176 36.75940841098101 48559.3
-116.6080197873096 36.7594083780712 48559.9
-116.6080444932268 36.759408347058304 48561.0
-116.6080691133655 36.75940830144252 48561.9
-116.60809364537118 36.7594082265196 48562.4
-116.6081180905702 36.75940810654696 48562.5
-116.6081424564656 36.759407943567446 48562.8
-116.6081667472512 36.759407738788745 48563.6
-116.60819097158868 36.75940750560007 48564.7
-116.60821512413372 36.75940727343985 48564.5
-116.60823920497955 36.75940707372258 48564.5
-116.60826321464044 36.75940692993641 48564.5
-116.60828717941249 36.75940685571064 48564.7
-116.6083110899394 36.75940686623747 48565.4
-116.60833498875157 36.75940693867633 48566.2
-116.60835889622152 36.759407058287664 48566.7
-116.6083828140821 36.75940720759406 48566.8
-116.60840669484328 36.759407370131854 48567.4
-116.60843046217433 36.75940752810689 48567.7
-116.60845398776732 36.75940766630456 48567.7
-116.60847707797002 36.75940776694941 48567.4
-116.60849938656196 36.759407799285306 48566.2
-116.60852074784256 36.75940775437299 48564.8
-116.60854094251545 36.7594076191598 48564.1
-116.6085597565772 36.759407395342905 48564.4
-116.60857682202732 36.75940708232586 48564.1
-116.6085922467634 36.759406706843485 48564.1
-116.60860595561084 36.759406280012506 48564.0
-116.60861789671048 36.75940580933664 48563.7
