Long Lat Mag_nT
-116.59851696443202 36.7674548995694 48578.0
-116.59853964141348 36.76745662287826 48579.6
-116.59856352022564 36.767458076231584 48579.5
-116.59858844378948 36.76745909572002 48578.2
-116.5986138200233 36.76745965820574 48576.2
-116.5986391759148 36.76745975582234 48574.0
-116.59866388966526 36.76745941245528 48571.8
-116.59868737145476 36.76745866811426 48569.1
-116.5987092545086 36.76745773715808 48565.4
-116.59872908841912 36.767456864121215 48561.0
-116.59874668135951 36.76745633120033 48555.0
-116.5987963188041 36.767541465526335 48568.8
-116.59879353085958 36.767558335771625 48569.6
-116.5987908819964 36.767576390120496 48569.6
-116.59878857344567 36.76759543053917 48570.9
-116.5987867935259 36.76761547267775 48571.9
-116.59878557687496 36.76763635883361 48573.4
-116.59878490995456 36.76765784863092 48574.2
-116.59878475843443 36.767679558509045 48573.8
-116.59878509118556 36.76770127947312 48573.3
-116.59878577958972 36.76772287451952 48572.4
-116.59878672393312 36.7677439924725 48572.2
-116.5987878606478 36.7677646292263 48572.0
-116.5987891257573 36.7677844340645 48571.9
-116.59879045052564 36.76780351087748 48571.7
-116.5987917521396 36.76782170942978 48571.3
-116.59879296733024 36.767839173397206 48571.5
-116.5987940094228 36.767855918222175 48571.8
-116.59879484814584 36.767872264692166 48572.2
-116.59879546524644 36.7678883770285 48573.0
-116.59879584826476 36.767904459233776 48574.9
-116.59879597401893 36.76792086916845 48576.7
-116.59879587714232 36.767937549785294 48577.9
-116.59879560216032 36.7679547219069 48579.6
-116.59879518991816 36.767972373701376 48581.7
-116.598794689863 36.767990715284526 48581.1
-116.59879419790624 36.768009549922425 48579.8
-116.59879378714086 36.7680288677762 48578.4
-116.59879351416174 36.76804842001204 48578.9
-116.59879344074622 36.76806817089189 48578.4
-116.5987935759192 36.7680880630901 48577.7
-116.59879391433644 36.7681079040709 48577.0
-116.59879444887954 36.76812779531238 48577.0
-116.59879516957908 36.768147578289565 48575.7
-116.59879602693286 36.768167373411295 48574.9
-116.59879695921452 36.768186998402825 48574.7
-116.59879792909044 36.768206543972575 48574.1
-116.59879889973456 36.76822594970149 48572.4
-116.59879985289288 36.7682454029873 48570.8
-116.59880077029332 36.76826484893464 48569.6
-116.5988016430112 36.76828430336705 48568.5
-116.59880246605064 36.768303862716856 48567.8
-116.59880323645906 36.76832335435601 48567.2
-116.59880395843068 36.76834286131086 48567.7
-116.59880462389486 36.76836230538092 48567.2
-116.5988052219176 36.76838185710087 48565.2
-116.59880574880746 36.76840141177047 48563.4
-116.59880621213794 36.7684209754158 48562.8
-116.59880662196052 36.768440620755605 48562.6
-116.59880697711388 36.76846018968868 48561.1
-116.59880729385512 36.768479741599705 48560.0
-116.59880758011688 36.768499205901406 48559.4
-116.5988078475091 36.76851874200974 48558.1
-116.59880810338208 36.76853828733543 48556.7
-116.59880836173537 36.7685578525872 48556.0
-116.59880863756185 36.768577527693566 48555.6
-116.59880894146168 36.76859716519573 48555.2
-116.5988092894597 36.76861685084752 48554.3
-116.59880968483849 36.76863651721906 48554.0
-116.59881013017636 36.76865630722761 48553.5
-116.5988106206849 36.76867612838744 48552.6
-116.59881115236816 36.76869604002123 48551.9
-116.59881170483204 36.76871587148767 48551.2
-116.59881226669664 36.76873567781547 48551.0
-116.5988128242939 36.76875544296064 48551.2
-116.5988133586752 36.768775069609376 48551.2
-116.5988138591364 36.76879470065073 48551.6
-116.59881431916564 36.76881425911661 48551.2
-116.59881474398084 36.76883375025081 48550.5
-116.59881514267764 36.76885325980004 48550.0
-116.59881552569588 36.76887264020114 48550.1
-116.5988159076199 36.76889197678885 48550.5
-116.59881629806496 36.768911195199166 48550.7
-116.59881670429344 36.76893045026497 48550.4
-116.59881711399224 36.76894968504118 48550.7
-116.59881750980244 36.76896891192568 48550.7
-116.59881787529562 36.76898822754814 48550.2
-116.59881818786144 36.76900751621284 48550.0
-116.5988184490276 36.76902685225485 48550.1
-116.59881866682684 36.769046175461966 48550.1
-116.59881885683684 36.769065643881774 48550.2
-116.5988190343357 36.769085182121394 48550.4
-116.59881921022716 36.76910485290794 48550.6
-116.5988193848174 36.769124491408256 48550.9
-116.59881955479013 36.76914417060507 48550.7
-116.59881971584664 36.76916389094204 48550.3
-116.598819873436 36.769183557169455 48550.5
-116.59882003730112 36.769203320403015 48550.6
-116.59882021390216 36.76922309209 48551.1
-116.59882041576503 36.76924293345087 48550.9
-116.59882065084103 36.76926267633107 48550.9
-116.59882092340708 36.76928238355944 48551.2
-116.598821231846 36.76930204956259 48550.8
-116.59882157100284 36.76932158666813 48550.6
-116.59882192760485 36.76934117447095 48550.6
-116.5988222859796 36.76936074211736 48550.6
-116.59882263851516 36.76938037858454 48550.7
-116.59882297367764 36.76939994762397 48550.7
-116.5988232921121 36.76941953914353 48550.8
-116.59882359582474 36.76943916470287 48550.8
-116.59882388755292 36.769458748769935 48550.9
-116.59882417748048 36.76947844495936 48550.9
-116.59882447607242 36.769498159558566 48550.2
-116.59882479515784 36.76951795945303 48549.9
-116.59882514440676 36.76953767922527 48550.2
-116.5988255393774 36.769557383573165 48550.4
-116.59882597584613 36.769577085355344 48550.0
-116.5988264405166 36.76959669806029 48549.4
-116.5988269252754 36.769616376409125 48548.8
-116.5988274164017 36.76963603225192 48548.6
-116.59882790765982 36.76965566323953 48548.6
-116.59882840053156 36.76967534696527 48548.1
-116.5988288913642 36.76969493179777 48547.9
-116.59882937923804 36.769714506935216 48547.2
-116.59882986283525 36.76973408023952 48546.2
-116.59883034492384 36.76975357830607 48545.9
-116.59883083661433 36.76977315992127 48545.0
-116.59883134671487 36.76979282406704 48543.9
-116.598831866374 36.769812418248925 48543.7
-116.59883238574184 36.76983201337235 48542.9
-116.59883288854252 36.76985160625439 48541.9
-116.59883334641977 36.769871207815584 48541.6
-116.59883374040298 36.76989080492454 48540.5
-116.59883406726276 36.76991041104498 48539.1
-116.59883432668732 36.76993002921032 48538.4
-116.59883450453204 36.76994967350177 48537.2
-116.5988346029674 36.769969308433005 48536.1
-116.5988346303913 36.76998893904936 48535.0
-116.59883459989652 36.770008560836814 48533.4
-116.5988345303967 36.77002817518851 48531.9
-116.59883445854663 36.77004777560425 48530.5
-116.59883441744908 36.77006737716361 48529.1
-116.59883443460596 36.77008699122416 48527.7
-116.59883453578324 36.7701066216498 48526.4
-116.59883471453574 36.77012629871345 48524.5
-116.59883495442024 36.770146008437386 48522.5
-116.59883523694576 36.77016574776036 48521.1
-116.59883554088424 36.77018551251766 48519.4
-116.59883584098976 36.77020529371783 48517.3
-116.59883612331863 36.77022508203966 48514.8
-116.59883638282966 36.77024487697766 48512.6
-116.59883661776388 36.770264677172186 48510.5
-116.5988368417822 36.770284467518415 48508.1
-116.5988370765087 36.77030424159356 48505.4
-116.59883734705724 36.77032398773376 48502.5
-116.59883768109196 36.77034367717066 48499.1
-116.5988380830498 36.770363335134135 48496.2
-116.59883854711244 36.77038304278282 48493.0
-116.59883904942237 36.770402668272126 48489.5
-116.59883956168818 36.77042231863001 48485.9
-116.59884005021556 36.77044192789055 48482.5
-116.59884049994656 36.77046165873023 48478.9
-116.59884090322424 36.770481431540624 48475.0
-116.59884125590028 36.770501256317246 48470.5
-116.59884156351394 36.77052119467418 48465.8
-116.59884182617702 36.77054109392515 48460.7
-116.59884205110556 36.770561023002415 48455.6
-116.5988422447458 36.77058088311514 48450.6
-116.59884242518852 36.77060080481693 48445.0
-116.59884260860012 36.770620702638446 48438.6
-116.5988428151259 36.77064056769188 48432.4
-116.59884307459608 36.77066045593766 48426.7
-116.59884340267504 36.77068022592458 48420.2
-116.59884381074954 36.77069994656848 48413.2
-116.5988442991702 36.770719543591404 48406.7
-116.59884487166283 36.77073916829367 48399.8
-116.5988455006781 36.7707587806475 48392.4
-116.59884615561351 36.77077838168584 48383.9
-116.59884680759616 36.7707980639396 48376.5
-116.59884741646536 36.770817691521394 48369.7
-116.59884796966428 36.77083732462077 48362.3
-116.59884846765272 36.770856881314415 48355.1
-116.59884892818413 36.77087650627923 48348.2
-116.59884937459783 36.77089610627915 48341.2
-116.59884984492552 36.77091575567674 48334.1
-116.5988503568694 36.77093529643543 48326.7
-116.59885092133057 36.77095480431573 48320.3
-116.59885153495972 36.770974269280885 48314.5
-116.59885216970449 36.77099363116152 48308.5
-116.59885280088884 36.77101304969787 48302.7
-116.59885339356188 36.77103246686928 48296.8
-116.59885390941444 36.77105192593891 48291.3
-116.59885434030188 36.77107150064784 48287.6
-116.59885468884912 36.77109106189887 48283.9
-116.59885496734832 36.7711106937544 48280.1
-116.5988551821142 36.77113033253399 48276.7
-116.59885535240107 36.77115009751062 48273.4
-116.59885548903604 36.77116990218171 48271.9
-116.59885560136752 36.771189734415245 48270.5
-116.59885569641196 36.771209668835205 48269.4
-116.59885578219024 36.77122953266588 48268.5
-116.5988558670319 36.77124940061882 48267.7
-116.59885596527788 36.77126919368241 48267.1
-116.59885610262864 36.77128907461848 48266.5
-116.59885629667772 36.771308991366496 48266.0
-116.59885655469614 36.77132894355135 48265.8
-116.5988568740093 36.771349009746906 48265.8
-116.59885724075076 36.771369020092976 48266.0
-116.59885762938632 36.77138904976354 48266.6
-116.59885802629132 36.77140899025554 48267.1
-116.59885844225964 36.771428973295606 48268.9
-116.59885890558915 36.771448866162025 48270.3
-116.59885944133744 36.77146867713403 48271.1
-116.59886005933964 36.77148848218017 48272.7
-116.59886074346356 36.771508141383855 48273.8
-116.59886146967686 36.77152775662733 48274.6
-116.59886219057296 36.771547296291104 48275.8
-116.59886287895904 36.77156694036935 48276.0
-116.5988635103654 36.77158662782369 48276.9
-116.5988640666954 36.77160637618737 48278.0
-116.59886455653428 36.77162622740875 48278.9
-116.59886498734672 36.77164602935872 48279.4
-116.59886537420005 36.771665853939766 48280.2
-116.5988657333944 36.77168569634298 48280.8
-116.598866087379 36.77170546552108 48281.3
-116.59886645392908 36.77172532416381 48281.5
-116.59886683804064 36.77174519649966 48282.3
-116.5988672508941 36.771765167388885 48283.1
-116.59886769938736 36.77178508644574 48283.9
-116.59886819628548 36.771805028139205 48284.5
-116.59886874881632 36.77182499298655 48285.2
-116.59886935868568 36.77184490096826 48286.2
-116.59887001406686 36.77186492720328 48287.2
-116.59887069063208 36.77188497831769 48288.1
-116.59887136381802 36.7719050408043 48288.5
-116.59887200725036 36.77192517149414 48289.3
-116.59887259558865 36.771945165276655 48290.6
-116.59887312390416 36.77196508152753 48291.0
-116.59887359231324 36.77198482191276 48291.2
-116.5988740133199 36.77200454249148 48291.2
-116.59887440535672 36.77202419530899 48291.8
-116.59887478372389 36.772043902648974 48292.9
-116.59887515394556 36.77206353373107 48293.3
-116.59887552442756 36.77208318826372 48293.8
-116.59887589690608 36.7721028675788 48294.7
-116.59887626519291 36.772122495073326 48294.1
-116.59887662891404 36.772142235532165 48294.0
-116.59887698579728 36.77216201696701 48295.3
-116.59887733759858 36.772181902619714 48295.2
-116.59887768293277 36.77220172108171 48294.4
-116.59887802485376 36.77222154594556 48294.3
-116.59887836455036 36.77224137811894 48295.1
-116.59887870471472 36.77226114413601 48296.8
-116.59887905123897 36.77228101380573 48296.7
-116.59887940832608 36.7723009101178 48296.8
-116.59887978614952 36.77232090207368 48298.2
-116.59888018204688 36.77234082016039 48298.7
-116.598880597351 36.77236073075156 48299.1
-116.59888102857768 36.77238062619762 48300.0
-116.59888147245462 36.77240041392505 48300.7
-116.59888193215284 36.77242025313977 48301.6
-116.59888240756229 36.77244006043959 48303.2
-116.59888290242948 36.772459913923136 48304.0
-116.59888341344262 36.772479653884645 48305.0
-116.59888393883556 36.77249937483563 48306.5
-116.598884474464 36.772519075699776 48307.5
-116.59888501396487 36.772538681615686 48308.3
-116.59888555601442 36.77255835947968 48309.6
-116.59888609626012 36.77257804013431 48311.3
-116.59888663771564 36.772597810324434 48313.3
-116.5988871723015 36.772617518799336 48314.7
-116.5988876953067 36.77263725646141 48315.9
-116.59888819668184 36.77265702780765 48316.8
-116.59888866120409 36.77267676743607 48318.4
-116.59888908150955 36.77269664264432 48320.7
-116.59888944379809 36.77271658791126 48322.6
-116.59888975793362 36.772736641222 48324.3
-116.59889003818472 36.772756630073445 48326.1
-116.59889030430082 36.772776618279664 48328.3
-116.59889057834388 36.7727965905192 48330.2
-116.5988908708701 36.77281647574952 48331.5
-116.5988911826243 36.77283644211636 48333.3
-116.59889150609588 36.77285641886986 48335.2
-116.5988918422496 36.77287648347468 48337.2
-116.5988921994566 36.77289646503194 48339.3
-116.59889259056456 36.77291642833404 48341.6
-116.59889301847872 36.77293636602016 48343.2
-116.59889348401136 36.77295618602084 48344.9
-116.59889398082744 36.77297607068413 48346.6
-116.59889449593756 36.77299602760758 48348.3
-116.59889501440648 36.773015911698295 48349.3
-116.59889553284488 36.773035817949655 48350.7
-116.598896050166 36.773055754290525 48352.0
-116.59889656680816 36.773075718873386 48353.4
-116.59889708856872 36.7730956984031 48354.6
-116.59889763008331 36.77311566142357 48355.8
-116.5988982033153 36.773135587421805 48357.4
-116.59889881207216 36.77315545250624 48359.1
-116.59889945151356 36.77317524277752 48360.4
-116.59890011377507 36.77319494529655 48361.7
-116.59890078414288 36.773214597901806 48363.0
-116.59890144885355 36.7732342191606 48364.7
-116.59890209719224 36.77325382056859 48366.6
-116.59890272092672 36.773273415779215 48368.8
-116.59890332333592 36.773293017450975 48370.6
-116.59890390709587 36.773312653663865 48372.7
-116.59890447418113 36.77333233621481 48375.4
-116.59890502155648 36.77335208089882 48378.2
-116.59890554594884 36.77337187261978 48381.0
-116.5989060453468 36.77339169296175 48383.4
-116.5989065189165 36.77341151292824 48386.3
-116.59890696082952 36.77343130503768 48390.0
-116.59890737308096 36.77345104844967 48393.8
-116.5989077594156 36.7734707560833 48397.3
-116.59890812113144 36.77349044738347 48401.8
-116.5989084575306 36.77351015464384 48406.5
-116.59890877490751 36.773529889855766 48411.4
-116.5989090862396 36.77354966065116 48416.7
-116.59890940828888 36.77356953910883 48422.5
-116.59890975140183 36.773589357957086 48428.8
-116.59891011537928 36.77360911961508 48435.3
-116.59891049978664 36.77362897570824 48441.9
-116.59891089959268 36.77364883984318 48448.7
-116.59891131366692 36.77366877452124 48455.6
-116.59891172875872 36.77368861227516 48462.7
-116.59891214157244 36.77370842383148 48470.7
-116.59891255877092 36.77372812611033 48479.0
-116.59891300408972 36.77374786373535 48486.1
-116.59891348669512 36.773767571510966 48493.5
-116.59891400733444 36.77378724982647 48500.6
-116.59891456306612 36.773806981907946 48507.6
-116.5989151429939 36.77382661024539 48516.0
-116.59891573072989 36.77384623164083 48525.7
-116.59891630822963 36.7738658604021 48533.7
-116.59891686102324 36.77388543655163 48541.9
-116.5989173844911 36.7739051361642 48551.1
-116.59891787810813 36.77392486266407 48559.3
-116.59891835054852 36.7739446842208 48567.4
-116.5989188056564 36.77396442386209 48575.1
-116.59891925924158 36.77398414164014 48582.7
-116.59891972991684 36.77400375745525 48590.6
-116.59892023275688 36.77402343528592 48597.4
-116.59892076299715 36.77404311101537 48604.0
-116.59892130483868 36.77406288257135 48610.8
-116.59892182375476 36.774082599741085 48616.7
-116.59892230195229 36.77410233413325 48621.7
-116.59892273220984 36.77412207269664 48627.5
-116.59892311148607 36.774141726762245 48633.3
-116.59892346095069 36.77416143450613 48638.2
-116.59892379511231 36.77418112762252 48642.8
-116.59892412432907 36.77420089361617 48646.5
-116.59892444288565 36.77422059462172 48649.1
-116.5989247465729 36.77424031840504 48651.8
-116.59892503407644 36.77426007112634 48654.0
-116.59892530750176 36.774279770637456 48656.0
-116.59892557322004 36.774299574945374 48657.6
-116.5989258338663 36.77431940530441 48658.6
-116.59892609099326 36.77433934506536 48659.7
-116.59892634357682 36.77435923440407 48660.9
-116.5989265976596 36.77437914905463 48661.1
-116.59892685599948 36.77439907575216 48660.0
-116.59892711621414 36.774418926008 48659.1
-116.59892738257534 36.77443885743672 48658.3
-116.5989276644696 36.7744587919663 48657.8
-116.59892797310776 36.77447874716621 48656.4
-116.59892832128628 36.77449881433821 48654.5
-116.59892872023914 36.7745188462598 48652.7
-116.59892918987742 36.774538938261486 48650.5
-116.59892972572555 36.77455903248613 48647.4
-116.59893032506372 36.77457926307663 48644.6
-116.59893097494104 36.77459951702884 48642.6
-116.59893166747436 36.77461974064858 48640.1
-116.59893238968355 36.774639982724175 48636.5
-116.59893312381904 36.77466004338446 48632.6
-116.5989338634189 36.77467999202776 48629.3
-116.59893459521184 36.77469974449195 48626.6
-116.59893531618786 36.77471948961504 48623.8
-116.59893601518333 36.7747391807659 48621.2
-116.59893668437232 36.77475885564357 48618.9
-116.59893731500416 36.774778636805344 48616.8
-116.59893789555778 36.77479836897491 48614.5
-116.59893842482312 36.77481813385965 48611.6
-116.59893890039424 36.77483784345643 48609.2
-116.59893933138108 36.77485765671615 48606.9
-116.59893974169997 36.77487747314204 48604.7
-116.59894015686892 36.77489729634958 48602.5
-116.59894059538176 36.77491720144377 48600.1
-116.59894106188884 36.77493703018487 48597.0
-116.59894154819986 36.774956874594565 48594.5
-116.59894203822935 36.774976649537656 48592.4
-116.59894252495548 36.774996508091 48589.5
-116.59894299680512 36.77501636251176 48586.9
-116.59894345050748 36.77503620175639 48584.8
-116.59894388541537 36.775056104373846 48582.5
-116.59894429748618 36.77507590732351 48580.1
-116.59894469320152 36.77509568796885 48578.4
-116.59894508533192 36.77511538029741 48576.3
-116.59894548886189 36.775135163262654 48574.2
-116.59894591021455 36.77515496872017 48571.8
-116.598946358812 36.77517478685236 48569.5
-116.59894684065384 36.77519469265227 48567.4
-116.59894734678387 36.77521451299003 48564.8
-116.5989478671882 36.77523431994156 48562.8
-116.59894838318696 36.77525403343192 48561.7
-116.59894888487068 36.77527381199104 48560.7
-116.59894936656374 36.775293579173066 48559.1
-116.59894983402728 36.775313339009855 48557.2
-116.59895029692208 36.77533318119846 48555.7
-116.5989507564328 36.775352961422726 48554.1
-116.59895121195392 36.77537277145333 48552.3
-116.5989516550719 36.77539253819696 48550.8
-116.59895207829211 36.775412424676 48549.3
-116.59895247615756 36.77543232666212 48547.6
-116.5989528478847 36.775452235117065 48545.6
-116.5989531944154 36.77547222653779 48543.7
-116.59895351276296 36.775492149079874 48542.3
-116.5989538118336 36.77551207614695 48540.9
-116.59895409698164 36.77553192614365 48539.4
-116.59895437784864 36.77555185167624 48537.8
-116.59895465349835 36.775571779982 48536.4
-116.59895491797188 36.77559172086601 48535.0
-116.5989551682676 36.775611763749886 48533.4
-116.59895540286976 36.77563175074217 48531.3
-116.59895562619737 36.77565175488471 48529.7
-116.59895585302436 36.77567167768255 48529.1
-116.59895610282564 36.775691669461125 48528.2
-116.59895638783854 36.77571164044244 48526.4
-116.59895672528997 36.77573157685698 48525.3
-116.59895711160122 36.77575158544655 48524.7
-116.5989575284499 36.775771507803896 48524.4
-116.59895795935304 36.77579143264862 48523.6
-116.59895838139656 36.775811295286815 48522.5
-116.5989587828424 36.775831251812896 48521.5
-116.59895915586226 36.77585121239179 48521.0
-116.59895949702236 36.775871160388746 48520.7
-116.59895980662202 36.77589114933576 48519.8
-116.59896009411317 36.77591099910704 48518.5
-116.5989603704402 36.77593079941728 48516.9
-116.59896064308045 36.77595048530565 48515.6
-116.5989609261516 36.77597023395981 48514.8
-116.5989612269084 36.77598999683544 48514.0
-116.59896154639556 36.776009785410665 48512.9
-116.59896188128732 36.77602968226862 48511.7
-116.59896222847613 36.77604952687552 48510.7
-116.59896259111405 36.776069395501054 48509.8
-116.59896297308056 36.77608920188565 48508.8
-116.5989633835052 36.776109099523765 48508.0
-116.59896382730668 36.77612900341791 48507.0
-116.59896429733232 36.776148915534776 48506.0
-116.59896478446277 36.77616890222768 48505.3
-116.59896527679 36.77618879292521 48504.6
-116.5989657647902 36.77620865360728 48503.5
-116.59896623387678 36.77622840370881 48502.6
-116.59896668452664 36.776248288066085 48501.6
-116.5989671148303 36.776268080472015 48500.7
-116.59896753833628 36.77628787951178 48500.3
-116.59896796797754 36.77630770282988 48498.9
-116.59896840509036 36.77632755612336 48497.0
-116.59896884116591 36.7763474323742 48496.4
-116.59896926500804 36.776367318857744 48496.6
-116.59896968028876 36.776387196075255 48496.4
-116.5989701030214 36.77640705723688 48495.4
-116.5989705528854 36.776426906811125 48494.5
-116.59897105119292 36.77644675699913 48494.3
-116.59897159705535 36.77646665056261 48493.5
-116.59897218131684 36.77648659597235 48492.8
-116.59897279587564 36.77650658937632 48492.1
-116.5989734406172 36.77652661744953 48491.5
-116.59897410902116 36.77654666634388 48490.5
-116.59897479532192 36.776566714659154 48489.7
-116.5989754974876 36.77658674879388 48489.4
-116.59897621530416 36.776606753601456 48488.3
-116.59897695015816 36.77662673701784 48486.8
-116.598977711048 36.77664670625322 48486.0
-116.59897850972696 36.776666669664976 48485.8
-116.59897935979724 36.77668662495032 48485.2
-116.59898025176416 36.77670659156827 48485.2
-116.59898116290567 36.77672655988281 48485.4
-116.59898206728046 36.776746521725286 48484.7
-116.59898293978524 36.77676654858384 48484.6
-116.59898375078888 36.77678637174553 48484.3
-116.59898450739917 36.7768062260639 48483.4
-116.59898521331662 36.77682603408064 48483.3
-116.59898588121987 36.776845887158935 48483.0
-116.59898652660524 36.776865639994256 48482.3
-116.5989871686573 36.776885390739146 48482.1
-116.5989878186138 36.77690506552883 48481.3
-116.59898849159978 36.77692482661565 48480.4
-116.59898918510588 36.776944609425854 48480.1
-116.59898989592988 36.77696441220576 48479.7
-116.59899062363056 36.77698430592556 48479.0
-116.59899135992076 36.777004119858766 48479.2
-116.59899210214678 36.77702392934354 48478.9
-116.59899284290007 36.77704365043599 48478.3
-116.59899358299307 36.77706343940823 48477.8
-116.59899430993416 36.77708322419264 48477.2
-116.59899501557436 36.77710300806904 48476.4
-116.5989957006294 36.77712288031765 48476.3
-116.59899636766647 36.77714268833449 48475.7
-116.5989970368336 36.7771625127284 48475.4
-116.5989977183995 36.77718226960347 48475.2
-116.5989984204654 36.77720210641415 48474.6
-116.59899913647816 36.77722193423589 48474.1
-116.59899986463996 36.777241822945896 48473.6
-116.59900059085696 36.77726162162011 48473.4
-116.59900131351704 36.77728141465067 48473.7
-116.5990020319858 36.77730120512064 48473.1
-116.59900274154016 36.77732091937165 48472.6
-116.5990034480582 36.77734071807643 48472.4
-116.59900414691276 36.77736052798121 48471.7
-116.59900483340608 36.77738043382031 48471.8
-116.59900548611928 36.77740028969837 48471.3
-116.59900610197704 36.777420154091566 48470.6
-116.59900668631688 36.77744002227681 48469.9
-116.5990072483018 36.7774598101083 48469.5
-116.5990078097365 36.777479676185386 48469.3
-116.5990083816636 36.7774995526767 48469.1
-116.59900897223046 36.7775195254344 48469.3
-116.59900957666818 36.77753943941951 48469.3
-116.59901018777394 36.77755937904847 48469.1
-116.59901078400624 36.777579258934175 48468.6
-116.59901135435244 36.77759923549556 48468.3
-116.59901188672268 36.77761922504947 48468.1
-116.59901238293544 36.77763930315122 48467.4
-116.59901285739276 36.77765928806304 48466.5
-116.59901332568448 36.77767925427204 48465.9
-116.59901379552456 36.77769918959206 48465.8
-116.59901427218624 36.77771899817712 48465.9
-116.59901476331132 36.777738846307045 48465.5
-116.5990152679878 36.777758658377856 48464.6
-116.5990157873184 36.777778443347465 48463.8
-116.59901632752997 36.777798287474845 48464.0
-116.59901688320323 36.77781805036315 48463.8
-116.59901745331068 36.77783780856736 48463.2
-116.59901803500397 36.7778574773867 48463.1
-116.59901863447745 36.77787720226684 48463.2
-116.59901924933568 36.777896913357935 48463.4
-116.59901987576 36.77791661803169 48462.9
-116.59902050921688 36.77793640028063 48462.4
-116.59902113161608 36.77795610541224 48462.2
-116.59902173420652 36.77797580828284 48461.9
-116.59902230389264 36.7779954356015 48461.8
-116.59902283519368 36.778015150675806 48461.6
-116.5990233134097 36.7780348860481 48460.8
-116.59902374153336 36.77805462727687 48460.2
-116.5990241240521 36.778074467035765 48460.0
-116.5990244634622 36.77809425138294 48459.6
-116.59902477063756 36.778114073402726 48459.4
-116.59902506702912 36.77813384897024 48459.2
-116.59902537543611 36.77815374385592 48459.2
-116.59902571182688 36.77817367955151 48458.7
-116.5990261001932 36.778193723983655 48458.3
-116.59902654410416 36.77821371337297 48457.7
-116.59902704209642 36.77823369744532 48457.6
-116.59902758765033 36.77825366463512 48457.6
-116.59902817018455 36.77827352731933 48457.3
-116.59902877171751 36.77829346093348 48457.2
-116.59902937275028 36.77831338123894 48457.0
-116.59902996269967 36.778333370127925 48457.0
-116.59903052366856 36.778353281191535 48457.1
-116.59903105102104 36.778373193512856 48456.8
-116.59903154442272 36.7783931096835 48456.0
-116.59903200637332 36.778412939303614 48455.2
-116.59903244421744 36.77843282682976 48455.8
-116.5990328618929 36.778452675220095 48456.1
-116.5990332663086 36.778472479674114 48456.1
-116.59903366808057 36.77849231495579 48456.0
-116.59903407377946 36.77851200822342 48455.6
-116.59903449585364 36.778531643502646 48454.9
-116.59903493948136 36.77855114690487 48454.2
-116.5990354159031 36.77857068467432 48453.3
-116.59903593456804 36.778590187270815 48452.9
-116.59903649357238 36.77860976973033 48452.8
-116.59903707982352 36.77862928611288 48452.2
-116.59903768130084 36.778648837182 48451.6
-116.59903828193409 36.77866845630941 48451.3
-116.5990388729873 36.77868807143636 48451.5
-116.59903945995924 36.77870785054244 48451.6
-116.59904004338712 36.77872771937149 48451.3
-116.59904063486128 36.77874775270509 48451.0
-116.59904124115668 36.7787677568584 48450.6
-116.59904186803212 36.778787782407775 48450.4
-116.5990425054892 36.7788077250452 48450.1
-116.5990431422972 36.77882770214364 48449.7
-116.5990437540217 36.778847563818566 48448.9
-116.59904431921242 36.77886720565248 48448.4
-116.5990448292206 36.778886550839786 48447.5
-116.5990453037878 36.77890510811843 48446.7
-116.59904583947812 36.77892273664316 48446.8
-116.59904656614638 36.77893913657979 48448.4
-116.59904765813222 36.77895424105438 48449.8
-116.59904936774971 36.77896736700176 48448.9
-116.599131073972 36.77901452859913 48447.5
-116.5991483103182 36.779012828094096 48445.2
-116.59916699479056 36.779010570486015 48443.0
-116.5991873937548 36.77900798844439 48440.5
-116.59920910020084 36.77900539266941 48439.4
-116.59923196318512 36.779002957702886 48439.3
-116.59925554247172 36.7790008135958 48439.6
-116.59927967015464 36.77899902825769 48439.4
-116.5993035004808 36.77899755029864 48438.8
-116.59932681046124 36.77899625652302 48437.0
-116.59934899903196 36.77899501851952 48434.6
-116.59936927256052 36.77899362796576 48433.5
-116.5993874778316 36.778991858965696 48431.9
-116.5994034421262 36.77898951703171 48434.6
-116.59945025173532 36.77891248159792 48452.2
-116.59944791088635 36.778897724572666 48453.8
-116.59944521184664 36.77888180637401 48451.3
-116.59944244219692 36.77886493350292 48450.3
-116.5994397783288 36.778847171009154 48450.2
-116.5994373452978 36.77882842298004 48450.3
-116.59943517574382 36.778809022211 48450.6
-116.59943324048864 36.778789048320405 48450.6
-116.59943151185004 36.778768648482085 48450.3
-116.59942998098444 36.77874792687816 48450.6
-116.5994286200619 36.77872711611337 48451.3
-116.59942742364568 36.77870628296059 48451.6
-116.59942639903676 36.7786855010125 48451.7
-116.59942556719857 36.77866482457516 48451.6
-116.5994248953005 36.778644340662304 48451.5
-116.59942434977768 36.77862404860047 48452.0
-116.59942390864776 36.77860395372871 48453.1
-116.59942357019878 36.77858404156777 48453.2
-116.59942331371992 36.778564271462926 48453.0
-116.59942312390756 36.77854458181892 48453.7
-116.59942298912289 36.778524940966655 48454.7
-116.59942290095526 36.77850533276553 48455.4
-116.59942283709384 36.77848568677234 48455.0
-116.59942278067214 36.778466158368666 48454.9
-116.5994227219786 36.778446665802015 48455.2
-116.5994226663506 36.77842718710044 48455.3
-116.5994226296623 36.77840777203927 48455.2
-116.5994226267958 36.77838824124417 48455.5
-116.5994226627902 36.77836865753502 48456.3
-116.59942273016544 36.77834892216979 48456.8
-116.59942279906912 36.77832920780918 48456.9
-116.59942283897917 36.778309440183534 48457.3
-116.59942282423272 36.77828970949256 48458.2
-116.59942273656304 36.7782698726768 48458.7
-116.59942259501352 36.77824999806369 48458.2
-116.59942242601228 36.77823010418307 48458.0
-116.59942225205307 36.778210112577774 48458.5
-116.59942208772048 36.77819017286024 48459.0
-116.5994219325908 36.778170207905376 48458.7
-116.59942178649072 36.7781503016202 48458.7
-116.5994216502453 36.77813030637598 48459.3
-116.59942152784572 36.778110321713086 48459.6
-116.5994214168074 36.77809036555801 48459.6
-116.5994213142902 36.7780703616862 48459.5
-116.5994212145592 36.77805047088245 48459.7
-116.59942110365732 36.77803061776732 48460.1
-116.59942096973856 36.77801087245842 48460.4
-116.59942079929644 36.7779910790502 48461.0
-116.59942058448296 36.77797131666044 48461.4
-116.5994203185957 36.77795158373558 48461.9
-116.59942001328344 36.777931763689104 48462.6
-116.5994196861896 36.77791200880985 48462.9
-116.5994193448318 36.77789223326715 48463.5
-116.59941899504136 36.77787251026248 48463.6
-116.59941864426406 36.777852682578015 48463.6
-116.59941830764092 36.777832837549695 48463.9
-116.59941799436254 36.777812904463616 48464.1
-116.59941772090376 36.77779303813483 48464.0
-116.5994174870689 36.77777317137623 48464.2
-116.59941728610836 36.77775329499878 48465.3
-116.5994171054326 36.77773348286299 48466.2
-116.59941691877944 36.777713566537685 48466.6
-116.59941670126494 36.777693613779846 48466.8
-116.5994164399962 36.77767354444383 48467.3
-116.59941613427652 36.7776535200568 48467.7
-116.59941578814228 36.77763347525323 48468.1
-116.5994154219686 36.77761350583355 48468.0
-116.59941504405924 36.77759347857145 48468.1
-116.5994146655391 36.77757349395804 48468.4
-116.5994142962418 36.77755357601434 48468.9
-116.59941394581313 36.777533646490006 48469.5
-116.59941362589277 36.77751385986783 48469.7
-116.59941333482324 36.77749413127909 48470.0
-116.59941306618224 36.7774745314111 48470.5
-116.59941280738478 36.77745487861095 48470.9
-116.5994125557758 36.77743522715943 48471.6
-116.59941230790994 36.77741548092023 48472.0
-116.59941206006428 36.7773957845149 48472.3
-116.5994118030102 36.77737605917692 48472.6
-116.59941153435511 36.777356388339854 48473.2
-116.59941124928784 36.77733662080358 48473.5
-116.59941094179572 36.77731684308391 48473.9
-116.59941060710696 36.77729697028607 48474.2
-116.59941024896104 36.777277159721685 48474.6
-116.59940987636485 36.777257327136205 48475.2
-116.59940950959736 36.77723746854812 48475.5
-116.59940917024582 36.77721768382906 48475.5
-116.59940886708848 36.77719783588001 48475.9
-116.5994086089836 36.7771780328918 48476.6
-116.5994083986392 36.77715822779496 48477.2
-116.59940822645504 36.777138605334734 48477.9
-116.59940808189307 36.77711908548584 48478.2
-116.599407953897 36.77709973430771 48478.3
-116.59940782768604 36.77708037245374 48478.6
-116.59940769378396 36.777061030357984 48479.5
-116.59940754833744 36.77704167925481 48480.5
-116.5994073927236 36.77702222856116 48480.8
-116.59940723365789 36.77700283077832 48480.5
-116.59940707778588 36.77698342289571 48481.2
-116.59940692965156 36.77696409522476 48482.6
-116.59940679132674 36.776944696358 48482.9
-116.59940666304831 36.77692529625006 48482.9
-116.59940653072772 36.77690587258 48483.6
-116.59940637668625 36.776886318999736 48484.5
-116.59940618702817 36.776866774007104 48485.1
-116.59940594257532 36.77684716345768 48485.6
-116.59940564804027 36.77682758104237 48486.4
-116.59940531496515 36.776807906403 48486.9
-116.5994049690105 36.776788237136266 48487.4
-116.5994046436658 36.776768582848895 48488.0
-116.59940435569416 36.77674888012466 48487.8
-116.5994041037952 36.77672928003162 48488.4
-116.5994038746876 36.77670969782734 48489.6
-116.59940365504968 36.776690199269545 48490.4
-116.59940344049087 36.77667061929943 48490.9
-116.59940323408836 36.7766510377416 48491.2
-116.59940304041032 36.77663145668348 48491.3
-116.59940286843124 36.77661178954455 48492.0
-116.59940271878988 36.77659218643681 48493.0
-116.59940258446976 36.77657254836697 48493.9
-116.599402460982 36.77655294372963 48494.5
-116.59940234411089 36.77653320718337 48495.3
-116.59940222609713 36.7765134293985 48496.3
-116.59940209493516 36.77649361702031 48497.0
-116.59940193846296 36.776473704619406 48497.8
-116.59940174188588 36.77645387789412 48498.9
-116.59940150269868 36.77643405980607 48499.6
-116.5994012249972 36.77641434698582 48500.0
-116.5994009116496 36.776394588433725 48500.5
-116.59940056859992 36.77637487643222 48501.0
-116.59940020573704 36.776355123859815 48501.6
-116.5993998335538 36.7763354941957 48502.7
-116.59939945901976 36.77631590458135 48503.6
-116.5993990852472 36.77629635223797 48504.3
-116.59939870568734 36.77627690281784 48505.1
-116.59939830474246 36.77625738645945 48505.9
-116.59939786558844 36.776237860366216 48507.2
-116.5993973634926 36.77621821705522 48509.0
-116.59939681229456 36.77619857307453 48510.2
-116.59939623595352 36.77617885165554 48510.3
-116.59939565981196 36.7761590554393 48510.5
-116.59939510041993 36.77613926272704 48511.8
-116.5993945564958 36.77611933967608 48513.0
-116.59939402620331 36.77609937633573 48514.1
-116.59939349949173 36.77607938864447 48515.3
-116.59939296013526 36.77605931214705 48516.5
-116.59939240483412 36.77603930951767 48517.6
-116.5993918327709 36.77601930185259 48518.7
-116.59939125175532 36.77599936331097 48519.7
-116.59939066480597 36.77597932434321 48520.5
-116.59939007723077 36.77595925985965 48521.8
-116.5993894863396 36.77593908894048 48523.1
-116.59938889311624 36.77591897993372 48524.2
-116.59938828371487 36.775898880368125 48525.3
-116.59938765240337 36.77587880775119 48526.8
-116.59938701286788 36.775858857917 48528.1
-116.59938638061377 36.77583879652201 48529.5
-116.59938579985165 36.7758188608379 48530.7
-116.5993852903072 36.775798979901175 48531.7
-116.5993848636886 36.775779142199184 48532.1
-116.59938451989149 36.77575934249094 48533.4
-116.59938425327034 36.77573956813262 48535.4
-116.59938403419925 36.77571983277964 48537.1
-116.59938384032556 36.775700125256506 48538.7
-116.59938365709613 36.77568044785374 48540.0
-116.59938348044976 36.7756608030592 48541.6
-116.5993833117416 36.77564118841072 48543.1
-116.59938315501935 36.77562160242498 48544.3
-116.599383011201 36.775602046053294 48546.3
-116.59938287563402 36.77558253115516 48548.3
-116.59938272907848 36.77556307065144 48550.2
-116.59938255037063 36.775543674315614 48551.7
-116.59938232279706 36.775524344033705 48552.4
-116.59938202901886 36.775505085694014 48554.0
-116.59938167230573 36.77548585531035 48556.4
-116.5993812616066 36.775466656176015 48557.7
-116.5993808112888 36.775447481211145 48559.1
-116.59938033196016 36.77542831763816 48561.2
-116.59937983687269 36.77540912995721 48563.7
-116.59937933341618 36.77538989426325 48565.3
-116.59937882396576 36.77537058373632 48566.6
-116.59937831048848 36.77535116509292 48568.7
-116.5993777996662 36.7753316477467 48570.9
-116.59937729615588 36.77531204473382 48572.5
-116.59937679647788 36.77529229808986 48574.3
-116.59937629474707 36.77527258339564 48576.5
-116.59937577477255 36.77525284725287 48578.9
-116.5993752229506 36.77523318929446 48580.9
-116.59937462182876 36.77521346976625 48583.4
-116.59937395717004 36.77519378833471 48585.6
-116.5993732390466 36.77517405182705 48587.4
-116.59937249432085 36.77515442364152 48589.0
-116.59937174386329 36.77513481551456 48591.4
-116.59937101855512 36.775115287665656 48594.3
-116.59937032017496 36.77509568022285 48596.5
-116.59936964182933 36.775076056111686 48597.9
-116.59936896762149 36.7750564049166 48599.9
-116.59936827663212 36.77503663574409 48602.9
-116.59936757360671 36.77501690081242 48606.1
-116.59936686793829 36.77499712467464 48608.6
-116.5993661747933 36.774977394163365 48610.7
-116.59936549870844 36.77495756214904 48612.8
-116.59936483552536 36.7749377308915 48615.4
-116.59936416665104 36.77491783002023 48617.8
-116.59936347816404 36.774898023528266 48620.7
-116.5993627430774 36.77487824496516 48623.1
-116.59936195410867 36.77485855283832 48625.2
-116.59936109756212 36.774838791321294 48628.4
-116.59936017814752 36.77481903232104 48631.2
-116.5993592061495 36.774799187508336 48633.1
-116.59935822927253 36.77477940587388 48635.8
-116.59935727499716 36.7747596194932 48638.8
-116.5993563703802 36.77473991561163 48641.5
-116.59935553524969 36.77472014705928 48644.0
-116.5993547666861 36.774700420964805 48646.5
-116.599354054501 36.774680648238856 48648.6
-116.599353395365 36.77466098180975 48650.9
-116.59935277066472 36.774641335065695 48654.1
-116.5993521582824 36.77462178044929 48657.3
-116.59935153512748 36.77460215093203 48660.2
-116.59935089432626 36.77458252271301 48662.5
-116.59935023364228 36.774562814404014 48664.2
-116.59934956832096 36.77454318363003 48666.3
-116.59934891190208 36.774523559093616 48668.5
-116.59934828345878 36.77450402150904 48670.1
-116.59934769347792 36.77448441657669 48671.8
-116.59934714143544 36.77446483299524 48673.5
-116.59934662488186 36.77444525887292 48675.0
-116.59934614199372 36.77442560672924 48676.7
-116.5993457039898 36.77440602053158 48677.5
-116.59934531140289 36.774386440850655 48677.9
-116.59934496562644 36.77436695215756 48677.8
-116.59934465787472 36.77434740741494 48678.2
-116.59934438004936 36.77432788551276 48678.4
-116.59934411512774 36.77430829107304 48678.0
-116.59934385306114 36.774288749676 48677.4
-116.599343583244 36.774269164317616 48676.6
-116.5993432989036 36.77424959938989 48675.3
-116.59934299440296 36.77422990072235 48673.6
-116.59934267058452 36.77421014636236 48671.7
-116.59934233060298 36.77419033285994 48668.9
-116.59934197415772 36.77417037671465 48665.3
-116.59934160539676 36.7741504541631 48661.6
-116.59934122334262 36.77413050876535 48657.5
-116.5993408283723 36.77411064327134 48653.3
-116.59934041036708 36.77409072330834 48648.5
-116.59933997136278 36.774070837165816 48643.2
-116.59933951073246 36.77405091519532 48637.8
-116.59933903005371 36.7740311191974 48631.6
-116.59933852018791 36.77401138366543 48625.1
-116.59933797886433 36.77399176960512 48618.5
-116.59933739773012 36.77397211949993 48611.9
-116.59933677136172 36.77395250540062 48604.8
-116.59933608031876 36.77393283914317 48597.4
-116.59933533373116 36.773913228363526 48590.0
-116.59933453783673 36.77389357680425 48582.3
-116.5993337040125 36.77387386335048 48573.9
-116.59933284198804 36.77385414683791 48565.9
-116.59933195156285 36.77383427552912 48558.1
-116.59933103637884 36.773814350494895 48549.9
-116.59933009470356 36.77379431442666 48541.3
-116.59932914702142 36.77377435571031 48532.2
-116.59932820787708 36.773754420105966 48523.6
-116.59932729150412 36.77373460006817 48515.1
-116.59932639554584 36.773714732111245 48506.6
-116.59932553254475 36.77369487799104 48498.3
-116.59932471119158 36.77367494501524 48489.8
-116.59932395653684 36.77365507721554 48481.7
-116.59932327923724 36.77363519086196 48474.5
-116.5993226849641 36.77361535559976 48467.5
-116.5993221390022 36.773595444226046 48460.1
-116.5993216150792 36.773575533892526 48453.1
-116.59932109560776 36.773555632357024 48446.7
-116.59932056686615 36.77353567384432 48440.6
-116.59932002385764 36.77351581442498 48435.1
-116.59931945589744 36.77349597202345 48429.8
-116.59931885170514 36.77347622564089 48425.1
-116.59931818527532 36.77345642042164 48420.2
-116.59931745614338 36.77343661270068 48415.7
-116.59931667313344 36.77341680434109 48411.9
-116.59931585416024 36.77339691618207 48407.8
-116.59931504442088 36.773377107206976 48404.1
-116.5993142845643 36.77335730083863 48401.0
-116.59931360950476 36.77333756252549 48398.8
-116.59931303341564 36.773317720466885 48396.6
-116.59931256668838 36.77329783986068 48393.8
-116.59931216482676 36.77327786706757 48391.6
-116.59931179125806 36.773257947135015 48390.1
-116.59931141517244 36.77323800478512 48388.9
-116.59931101933864 36.773218052676334 48387.6
-116.59931061173737 36.77319817894308 48385.5
-116.59931020718167 36.77317823430958 48384.1
-116.59930982727631 36.77315829694052 48383.1
-116.59930948999931 36.77313827752017 48382.1
-116.59930919451756 36.773118340729326 48381.2
-116.59930893187249 36.773098400893545 48380.6
-116.59930869474196 36.7730785426597 48379.7
-116.59930847498208 36.77305862291254 48378.9
-116.59930826370493 36.77303874066597 48377.9
-116.59930804747188 36.77301882217935 48376.6
-116.59930781078369 36.77299902464096 48374.9
-116.59930752213964 36.77297927329778 48373.7
-116.59930716483892 36.77295953328142 48372.7
-116.59930673299118 36.772939885697006 48371.3
-116.59930622551524 36.77292017066743 48369.2
-116.59930565300608 36.772900471405535 48366.5
-116.59930504547744 36.77288070946244 48363.5
-116.59930442692924 36.77286106658008 48360.7
-116.59930381018708 36.77284146835672 48357.6
-116.59930321393055 36.77282198896924 48354.2
-116.59930264120156 36.772802463676165 48350.6
-116.59930209213192 36.772782950395616 48347.2
-116.59930156221397 36.77276342962364 48344.2
-116.59930104406216 36.77274380427691 48340.7
-116.59930053240907 36.77272423363229 48336.8
-116.59930001609062 36.77270464678643 48332.9
-116.59929949072644 36.77268513592299 48329.8
-116.59929895172807 36.77266555515797 48326.2
-116.59929841707984 36.77264598230655 48321.7
-116.5992979073612 36.77262633710744 48317.2
-116.59929745260736 36.77260676778653 48312.9
-116.59929708291834 36.77258718587487 48308.5
-116.59929679075944 36.77256760824248 48304.6
-116.5992965576237 36.772548016757774 48301.1
-116.59929636077936 36.77252840416042 48297.7
-116.59929617663492 36.772508764849306 48294.7
-116.59929598641628 36.7724891065972 48291.0
-116.59929577671032 36.77246943972759 48287.4
-116.5992955345112 36.77244977773325 48284.4
-116.59929523832038 36.77243013478245 48281.8
-116.599294881007 36.772410499334896 48279.3
-116.59929445433572 36.77239088248657 48276.6
-116.59929394283608 36.77237129583166 48274.9
-116.59929331905418 36.77235175946127 48273.5
-116.59929259126284 36.77233224837975 48271.9
-116.59929177583672 36.772312774999726 48270.5
-116.59929090180243 36.772293330679936 48269.3
-116.59929001038016 36.7722739001071 48268.0
-116.59928914283128 36.77225446397064 48267.2
-116.5992883210984 36.7722349959355 48267.4
-116.59928756009607 36.772215446599645 48268.1
-116.59928688413488 36.77219573286297 48268.3
-116.59928629047168 36.77217585914405 48268.5
-116.59928577105836 36.77215581765595 48268.8
-116.5992853143076 36.772135639600585 48269.9
-116.59928490726244 36.77211537816824 48271.0
-116.59928451877484 36.77209504322283 48272.0
-116.5992841252278 36.77207484234712 48274.0
-116.59928369851104 36.77205472159105 48275.9
-116.59928320418209 36.772034774815374 48278.3
-116.5992826282571 36.77201478896696 48281.0
-116.59928197483724 36.77199482216367 48283.3
-116.59928126198685 36.77197484998003 48285.2
-116.5992805198354 36.77195476373495 48287.2
-116.59927980358904 36.77193472014065 48288.9
-116.59927914372008 36.77191465170858 48290.8
-116.59927855727636 36.7718946612298 48293.0
-116.59927804164964 36.77187464174087 48295.4
-116.5992775660412 36.77185470940516 48297.6
-116.59927710335684 36.77183486834066 48299.7
-116.59927663061364 36.77181504185097 48302.5
-116.59927613781277 36.77179539364429 48304.9
-116.5992756311884 36.77177580519576 48306.3
-116.5992751316262 36.77175632786608 48307.3
-116.59927465470264 36.771736768867854 48309.4
-116.59927422692536 36.77171716602189 48310.9
-116.59927385492452 36.77169751139619 48311.9
-116.59927353486296 36.771677718517374 48313.4
-116.599273254783 36.771657955921306 48315.3
-116.59927299037632 36.77163816699258 48316.7
-116.59927271408692 36.77161845879479 48318.2
-116.59927240217588 36.77159868522324 48320.0
-116.59927204337572 36.77157893332777 48321.5
-116.59927162885351 36.77155913034303 48322.2
-116.59927117071156 36.77153942882756 48322.6
-116.59927066758272 36.77151975954903 48323.5
-116.5992701221012 36.771500124634656 48324.8
-116.59926953623832 36.77148061078473 48326.2
-116.59926891300246 36.77146105297512 48327.3
-116.5992682572868 36.771441533796086 48328.4
-116.59926756860672 36.771421972764735 48329.5
-116.5992668475793 36.77140251735837 48330.8
-116.59926609612069 36.77138306037064 48332.2
-116.59926532493358 36.771363666621376 48333.8
-116.59926454187814 36.77134416718021 48335.2
-116.59926377382943 36.77132462298339 48336.1
-116.59926304046532 36.77130496605367 48337.1
-116.59926235901342 36.77128535801937 48338.7
-116.59926172849804 36.77126572869574 48340.7
-116.5992611565636 36.7712460847072 48342.5
-116.59926063969968 36.77122652433401 48344.4
-116.59926017135004 36.77120688421237 48346.8
-116.59925974944277 36.77118723615392 48348.8
-116.5992593665874 36.77116750206326 48350.8
-116.59925900076377 36.77114785340228 48353.8
-116.59925862870791 36.771128222104686 48356.7
-116.59925823091072 36.77110869388663 48359.6
-116.5992577815783 36.77108910702656 48362.9
-116.59925728207617 36.77106951388186 48366.3
-116.59925674033458 36.77104990388683 48369.5
-116.59925616733788 36.77103019279316 48373.0
-116.59925557842897 36.771010537033824 48377.1
-116.5992549819958 36.77099086335685 48381.5
-116.5992543846284 36.77097125163699 48386.0
-116.59925378614584 36.770951543808906 48390.3
-116.5992531883474 36.77093181654918 48394.8
-116.59925258378011 36.77091198697677 48400.2
-116.59925197244084 36.7708921960035 48405.4
-116.59925135458872 36.77087234069349 48409.7
-116.59925075000136 36.770852468167945 48414.6
-116.5992501733402 36.77083243669719 48419.4
-116.59924963875632 36.77081233834952 48424.4
-116.59924914452132 36.77079211788045 48429.2
-116.59924868062078 36.770771967708185 48434.2
-116.59924821100653 36.77075182902508 48439.9
-116.5992477092325 36.770731706164845 48446.1
-116.59924716123724 36.77071169058616 48451.7
-116.59924655266788 36.77069163449645 48456.4
-116.59924591138882 36.77067161258338 48460.9
-116.59924526693464 36.77065155397266 48465.3
-116.59924465954208 36.770631614009375 48469.3
-116.59924412411048 36.77061170532392 48473.5
-116.59924364470872 36.770591827371405 48477.7
-116.59924319173984 36.77057203655707 48481.7
-116.59924273657944 36.77055216559688 48485.6
-116.59924225109184 36.770532294580754 48490.0
-116.59924171794188 36.77051234183863 48494.3
-116.59924113946172 36.77049248027492 48497.6
-116.59924052036196 36.770472644513085 48500.7
-116.59923987114746 36.77045292672934 48504.1
-116.59923921440397 36.77043315854616 48507.1
-116.59923858273017 36.77041341451292 48509.8
-116.59923799708608 36.77039360448186 48512.7
-116.59923747918803 36.77037388481117 48515.2
-116.5992370043933 36.77035418833766 48517.9
-116.59923654660392 36.77033450091768 48520.8
-116.59923608649468 36.77031489148511 48523.5
-116.59923559970564 36.77029518977191 48526.0
-116.59923507886369 36.77027546439922 48528.1
-116.59923450561662 36.77025563973219 48529.8
-116.59923386077146 36.770235881176006 48531.7
-116.5992330920506 36.7702161204534 48533.8
-116.59923218122204 36.77019633274315 48536.2
-116.59923112759812 36.770176606295365 48538.5
-116.59922994209744 36.77015678229527 48539.4
-116.5992286686162 36.77013693007758 48540.3
-116.5992273723599 36.77011697038683 48542.2
-116.59922611754313 36.77009707599656 48544.3
-116.59922494168984 36.77007717052217 48545.2
-116.59922389924913 36.770057331438856 48546.1
-116.59922298593268 36.77003742248888 48548.0
-116.5992222097146 36.77001749815837 48548.1
-116.59922156320144 36.7699975415982 48547.7
-116.59922102208272 36.76997745560452 48549.7
-116.59922051659306 36.76995740049068 48552.5
-116.59921999054748 36.76993727522069 48554.4
-116.59921941704292 36.76991716475076 48555.0
-116.59921877360236 36.76989692011144 48555.8
-116.59921806511343 36.76987664684916 48556.3
-116.59921728740004 36.769856288513246 48556.6
-116.59921644570204 36.76983602452113 48557.2
-116.59921552973692 36.76981578910969 48557.6
-116.59921455111932 36.76979557854857 48558.4
-116.59921352521226 36.76977549663662 48559.2
-116.5992124668694 36.7697553990996 48559.2
-116.59921141687624 36.76973539153168 48559.4
-116.59921040609728 36.76971539623116 48560.2
-116.59920946101724 36.7696955691392 48560.5
-116.59920858136783 36.76967581676606 48560.8
-116.59920777266154 36.76965620142016 48561.3
-116.59920701258189 36.76963654072813 48561.5
-116.59920629449898 36.76961688281664 48561.5
-116.59920560679328 36.7695971292044 48561.6
-116.59920495336388 36.769577421024856 48561.2
-116.5992043209156 36.76955769301892 48560.6
-116.59920370002273 36.769538034840245 48560.1
-116.59920307514253 36.769518311633846 48559.9
-116.59920244256269 36.76949863440692 48560.1
-116.59920180589891 36.76947893450547 48559.8
-116.59920118221268 36.76945936918461 48558.7
-116.5992005782162 36.76943984188774 48557.4
-116.59919999247715 36.76942032009556 48556.6
-116.59919940094504 36.769400769889664 48556.1
-116.59919877539664 36.76938116566971 48554.9
-116.59919808568768 36.769361499307045 48553.1
-116.59919728403676 36.769341747594055 48551.8
-116.5991963603776 36.769321907093904 48550.9
-116.5991953131365 36.7693019956068 48549.6
-116.59919415759568 36.76928202182648 48547.9
-116.59919292778652 36.76926196367328 48546.3
-116.59919170236016 36.7692418243357 48544.7
-116.599190547512 36.76922160497261 48543.4
-116.59918951475296 36.76920129174142 48542.2
-116.59918865920936 36.769180874938336 48540.9
-116.59918796691092 36.769160396730406 48539.5
-116.5991874282122 36.76913986091051 48537.9
-116.59918703003125 36.76911928914161 48536.5
-116.59918677170177 36.7690987239052 48534.8
-116.59918660972356 36.769078212853245 48533.3
-116.59918651111931 36.76905777554677 48532.3
-116.59918643569132 36.7690374444273 48531.1
-116.599186327486 36.76901727296109 48529.6
-116.59918614327412 36.76899724960104 48529.2
-116.59918585845644 36.76897737916744 48529.2
-116.59918546839098 36.76895765893804 48528.1
-116.599184968808 36.76893807706312 48527.0
-116.5991843926927 36.76891857548787 48526.6
-116.59918376474889 36.76889913582488 48525.7
-116.59918310147545 36.76887973607862 48524.4
-116.5991824035698 36.768860350209145 48524.1
-116.5991816715106 36.768840942851845 48524.6
-116.59918089933954 36.76882141348669 48524.4
-116.59918009352673 36.76880189432908 48524.7
-116.59917925779229 36.7687822672674 48525.3
-116.59917841882384 36.76876261178655 48525.6
-116.59917758785056 36.768742769451165 48525.9
-116.59917678917328 36.76872282046907 48526.3
-116.5991760499815 36.76870269513278 48526.7
-116.59917537166906 36.76868259625053 48527.2
-116.59917474137193 36.76866245693581 48528.2
-116.59917414821284 36.76864229390672 48529.2
-116.59917359146102 36.768622213543686 48529.8
-116.59917306182676 36.7686020702882 48531.0
-116.59917256742864 36.7685819470267 48532.0
-116.59917210950871 36.768561763241685 48532.7
-116.59917169756687 36.768541687463326 48534.2
-116.59917132111744 36.768521636716414 48535.7
-116.59917097605351 36.76850168431746 48536.9
-116.59917065453703 36.76848166912089 48538.0
-116.59917035835892 36.7684616781717 48539.5
-116.59917009025229 36.76844171089219 48541.2
-116.59916985569542 36.768421681617696 48542.3
-116.59916966225173 36.768401736138586 48542.8
-116.59916951071811 36.768381787570576 48543.8
-116.59916937781688 36.76836191272432 48545.2
-116.59916923992462 36.76834194984084 48546.2
-116.59916907678443 36.76832199566204 48547.6
-116.59916886718288 36.76830208367512 48548.3
-116.59916862016756 36.76828214771167 48548.1
-116.59916836234837 36.76826235680959 48548.5
-116.5991681180888 36.7682426215186 48549.4
-116.59916791101809 36.76822300832495 48550.0
-116.59916773980528 36.76820333498673 48550.3
-116.59916759744289 36.7681836632846 48551.0
-116.59916747166452 36.768163903557536 48551.8
-116.5991673525369 36.76814421288403 48551.1
-116.59916723033436 36.76812452635553 48550.1
-116.5991670986597 36.768104936337934 48549.7
-116.59916694983664 36.76808529335893 48549.5
-116.59916677351175 36.76806567866056 48548.4
-116.59916656317164 36.76804608946851 48547.3
-116.5991663083754 36.76802644559992 48546.1
-116.59916600590748 36.76800689411257 48545.4
-116.59916564770826 36.767987323574346 48544.5
-116.59916524787572 36.76796779279013 48542.6
-116.59916480656592 36.76794814343392 48540.5
-116.59916432063416 36.76792845907688 48539.1
-116.59916376358753 36.76790865833025 48537.8
-116.59916312920788 36.767888904528654 48535.6
-116.59916240639603 36.76786912107679 48533.8
-116.59916160257576 36.76784930757192 48532.4
-116.59916075308298 36.76782952394765 48530.3
-116.59915991592985 36.76780961429208 48527.9
-116.59915913462336 36.76778965990295 48525.9
-116.59915842583048 36.76776957714534 48524.1
-116.59915781644068 36.76774953709933 48522.0
-116.59915727918408 36.7677294852542 48520.6
-116.59915678549568 36.767709423590574 48519.0
-116.59915630462156 36.76768943186811 48517.8
-116.59915580053774 36.767669334467165 48516.5
-116.59915525447671 36.76764920504128 48514.7
-116.59915464390052 36.76762898136907 48513.1
-116.59915395032613 36.76760888634299 48511.4
-116.59915312604625 36.76758897273983 48509.4
-116.59915218223334 36.76756946788508 48507.7
-116.59915114009124 36.767550448037824 48506.1
-116.59915007154925 36.76753224818922 48503.6
-116.5991491324938 36.76751525605757 48500.7
-116.5992584157368 36.76743340938452 48485.4
-116.59927824636672 36.76743509135033 48468.5
-116.59929939984552 36.76743689499362 48469.4
-116.5993218142828 36.76743861581555 48466.5
-116.59934529042786 36.76744012999925 48461.7
-116.59936940442525 36.76744133459056 48456.4
-116.59939374505744 36.76744216815575 48451.0
-116.59941796620502 36.767442547282045 48445.4
-116.59944143348343 36.76744256239799 48439.2
-116.5994637286294 36.76744233004721 48432.8
-116.5994843508766 36.76744203996204 48427.0
-116.59957164584576 36.767534493272855 48432.9
-116.59956971132864 36.76755160474332 48432.4
-116.59956773549632 36.76756989915496 48432.7
-116.5995658599652 36.7675892163418 48432.9
-116.59956423827964 36.76760959309414 48433.5
-116.59956294279928 36.76763053317072 48433.7
-116.5995620133644 36.767651858524985 48433.9
-116.59956147297068 36.76767322946544 48434.7
-116.59956136829396 36.76769460946504 48435.5
-116.59956161081796 36.76771575080393 48436.9
-116.59956214812117 36.7677365663344 48438.2
-116.59956292078212 36.76775676536502 48440.0
-116.59956388280204 36.76777627916697 48442.0
-116.59956492253012 36.76779517516232 48444.1
-116.59956595848725 36.76781339070468 48445.8
-116.59956694115772 36.76783114719018 48447.1
-116.59956780173718 36.76784842973585 48449.1
-116.59956852908412 36.7678655141772 48451.7
-116.59956911911004 36.76788242844715 48453.9
-116.59956959376608 36.767899394885696 48456.5
-116.5995699705544 36.76791650658699 48460.0
-116.5995702998068 36.767933982287495 48463.6
-116.59957060671664 36.767951822385164 48466.4
-116.59957091125472 36.7679700490103 48468.9
-116.59957123453415 36.76798876952639 48471.2
-116.59957158909916 36.76800772395036 48473.1
-116.59957198618724 36.76802692385744 48475.6
-116.59957243022752 36.76804622149885 48478.5
-116.59957294364276 36.76806572337316 48481.4
-116.59957352780177 36.76808528531488 48483.8
-116.59957419110349 36.76810486338528 48486.5
-116.59957493679764 36.76812450434479 48489.3
-116.59957575933932 36.76814404773601 48492.1
-116.59957662849062 36.76816358228205 48494.3
-116.59957751917705 36.76818310489613 48496.2
-116.59957841347524 36.768202608134 48497.9
-116.5995792927136 36.768222079665904 48499.0
-116.59958014422484 36.768241524759766 48499.8
-116.59958096164212 36.76826095398446 48500.8
-116.59958174033557 36.76828038135174 48502.0
-116.59958247117204 36.76829980775034 48502.6
-116.59958316788487 36.76831923769553 48503.3
-116.59958384207812 36.76833867640999 48504.0
-116.59958450522484 36.76835812558336 48504.0
-116.59958516132257 36.76837759475108 48503.6
-116.59958580971896 36.7683970869247 48503.5
-116.59958644345744 36.768416603338885 48503.2
-116.59958704991872 36.76843614006711 48502.1
-116.59958760543964 36.76845567932764 48500.6
-116.59958811115315 36.768475206412816 48499.8
-116.5995885780674 36.76849471082997 48498.7
-116.59958902764892 36.76851417725368 48496.9
-116.59958948458956 36.76853359107472 48494.9
-116.59958996034192 36.768552965627215 48493.4
-116.5995904575398 36.768572309414736 48491.7
-116.59959097356852 36.7685916347645 48489.9
-116.59959150194568 36.76861096294367 48487.7
-116.59959202790236 36.768630311470965 48485.7
-116.59959253740472 36.76864969262648 48484.0
-116.59959302027336 36.76866910858632 48482.1
-116.59959346464149 36.768688542122575 48480.0
-116.59959388231243 36.7687079723789 48478.6
-116.59959428862396 36.76872739502839 48476.9
-116.59959469860132 36.768746886158894 48475.3
-116.59959512039008 36.76876629848186 48474.0
-116.5995955573005 36.7687857214019 48472.5
-116.5995960051584 36.768805082486445 48471.6
-116.59959646335892 36.76882453914314 48471.1
-116.59959692695578 36.76884401949954 48470.4
-116.59959739299816 36.7688635995154 48469.4
-116.5995978581332 36.76888312375296 48468.5
-116.59959832652784 36.76890266963575 48468.5
-116.59959880160862 36.76892223929311 48468.8
-116.59959928123848 36.76894174750826 48468.7
-116.59959977171768 36.768961347777314 48468.9
-116.59960027285652 36.7689809581104 48469.2
-116.5996007858774 36.76900065586364 48469.9
-116.59960130226044 36.769020274245925 48471.1
-116.5996018239235 36.76903987970466 48472.6
-116.59960235071884 36.7690593785113 48474.4
-116.59960289380004 36.76907891562509 48476.1
-116.59960345691424 36.76909842250319 48478.1
-116.59960404694644 36.76911791116155 48480.1
-116.59960466824552 36.769137473334666 48481.8
-116.59960531482912 36.76915697529153 48483.9
-116.59960597508842 36.76917649630129 48486.5
-116.59960663525588 36.769195955260834 48489.2
-116.59960729173324 36.76921550284297 48491.7
-116.59960792942034 36.76923504625964 48494.2
-116.59960854963283 36.769254653070185 48496.6
-116.59960915118796 36.76927416101434 48499.0
-116.59960974604311 36.769293638975206 48501.4
-116.59961034580463 36.76931300001064 48504.0
-116.5996109605264 36.769332409764765 48506.5
-116.59961158922636 36.76935180028542 48509.2
-116.59961223193795 36.76937118444848 48511.4
-116.59961288578428 36.76939065896652 48513.9
-116.59961352903154 36.76941008278131 48516.3
-116.5996141450622 36.769429549633 48518.7
-116.59961471620385 36.7694490014923 48520.8
-116.5996152290102 36.76946859329066 48522.6
-116.59961569154557 36.76948823132395 48524.2
-116.59961611488612 36.76950799166888 48525.8
-116.59961650816425 36.76952771091991 48527.3
-116.59961688183064 36.76954746316328 48528.6
-116.59961724506968 36.76956716664816 48529.7
-116.5996176062481 36.76958698149015 48530.8
-116.59961796659664 36.769606831176446 48532.1
-116.59961833010276 36.76962670897413 48533.1
-116.59961870164956 36.76964666700968 48533.7
-116.59961908264792 36.76966651884901 48534.2
-116.5996194817614 36.7696863137003 48534.5
-116.59961990960394 36.76970594656803 48534.3
-116.59962036404391 36.76972557950087 48534.2
-116.5996208380228 36.76974514567432 48534.3
-116.59962132383832 36.769764751760015 48534.4
-116.59962181079672 36.7697842667124 48534.2
-116.5996222996642 36.76980378752421 48534.1
-116.59962279002488 36.769823242403774 48533.8
-116.5996232859136 36.769842787838485 48534.0
-116.59962378632252 36.769862342813454 48534.2
-116.59962429362346 36.76988197653192 48534.1
-116.59962480709152 36.76990152473984 48533.9
-116.59962533431452 36.769921054827336 48533.6
-116.59962588668604 36.769940491981046 48532.9
-116.59962647027749 36.76996001011355 48532.7
-116.59962707935642 36.76997954641848 48532.2
-116.59962770734154 36.76999918985949 48531.6
-116.5996283332588 36.77001879045638 48531.3
-116.59962894624084 36.77003840836528 48530.7
-116.59962954337428 36.77005796076464 48529.7
-116.59963013605258 36.77007761173245 48529.1
-116.599630728419 36.77009729925327 48528.9
-116.59963132545136 36.770117101066994 48528.5
-116.59963191893924 36.77013685449038 48526.9
-116.59963250891208 36.7701566317143 48525.6
-116.59963309434572 36.770176425525 48524.7
-116.59963367073124 36.77019614642187 48523.2
-116.59963423827338 36.77021594564833 48521.6
-116.59963479078014 36.7702357381226 48520.8
-116.59963532590852 36.77025558112449 48520.2
-116.59963584104555 36.77027530300322 48519.7
-116.59963633837653 36.77029497368274 48518.3
-116.59963681283332 36.770314524223366 48516.5
-116.59963725686444 36.7703341295698 48515.3
-116.59963766539607 36.77035373965623 48514.1
-116.59963803812144 36.77037344397573 48512.6
-116.59963837505822 36.7703930912367 48511.0
-116.5996386853404 36.770412764039385 48508.6
-116.59963899326031 36.77043246829424 48506.4
-116.59963930924624 36.770452124135744 48504.7
-116.59963964090302 36.770471877733485 48502.8
-116.59963998802456 36.77049164097654 48500.8
-116.59964034621264 36.77051148930752 48498.9
-116.59964071071492 36.77053127192704 48497.1
-116.59964108524504 36.77055107514066 48495.1
-116.59964147572208 36.770570827598206 48492.9
-116.59964188690996 36.77059067813609 48490.7
-116.59964231212108 36.77061054913133 48488.5
-116.59964273704732 36.77063044376625 48485.9
-116.59964314341606 36.77065043781048 48482.7
-116.59964352514332 36.77067035282956 48480.0
-116.59964389573489 36.770690258086006 48477.5
-116.59964427252302 36.77071006321809 48474.3
-116.59964468482008 36.770729931006926 48471.6
-116.59964513386424 36.770749798659466 48469.0
-116.59964561770458 36.77076975782269 48465.6
-116.5996461233102 36.770789655290905 48462.1
-116.5996466396642 36.77080957745729 48458.7
-116.59964715283456 36.7708294290193 48455.5
-116.59964766311532 36.77084934956572 48451.8
-116.59964816992644 36.7708692429222 48448.0
-116.59964867899004 36.770889170007216 48444.2
-116.59964919195176 36.7709089758396 48440.6
-116.59964971094313 36.77092874309202 48437.3
-116.59965022983512 36.7709484006578 48433.5
-116.59965074944569 36.770968110122645 48430.4
-116.59965126869628 36.7709878018224 48427.3
-116.59965179284468 36.77100747814135 48423.5
-116.59965232894896 36.77102721916312 48419.4
-116.59965288145403 36.77104687448504 48415.7
-116.59965345202296 36.7710665335389 48412.3
-116.59965403245404 36.771086126006026 48408.1
-116.5996546170305 36.77110582007622 48404.2
-116.59965519282696 36.77112554480418 48400.7
-116.59965576077002 36.77114537580327 48397.0
-116.59965631665554 36.771165160161424 48393.1
-116.59965686343664 36.77118498043631 48389.5
-116.59965739726256 36.771204752827245 48385.4
-116.5996579280986 36.77122461669873 48381.9
-116.5996584630218 36.771244478933255 48378.1
-116.59965901116648 36.77126432541332 48373.4
-116.59965958370736 36.7712842255542 48368.7
-116.59966017976068 36.77130401958021 48364.8
-116.59966080634555 36.77132378327023 48361.1
-116.59966146173244 36.77134343378052 48357.5
-116.5996621545407 36.77136313269591 48353.6
-116.59966287333845 36.771382818558685 48349.6
-116.59966361151672 36.77140258352679 48345.8
-116.59966434888916 36.77142228899892 48342.4
-116.59966506691096 36.771442032470574 48339.1
-116.59966574640652 36.77146181833113 48335.8
-116.5996663700008 36.771481644381815 48332.6
-116.59966692603464 36.77150151740744 48329.0
-116.599667391538 36.7715214143706 48326.0
-116.59966778198716 36.77154132383167 48323.0
-116.59966811508887 36.77156123979034 48319.4
-116.5996684191019 36.77158115486336 48316.8
-116.59966872734996 36.77160106109555 48314.8
-116.5996690638298 36.77162096016399 48312.6
-116.59966943965097 36.771640853341296 48310.4
-116.59966985944948 36.7716607342936 48308.0
-116.59967033263156 36.771680618157376 48306.2
-116.59967084670832 36.771700504109525 48304.7
-116.59967139205492 36.77172038569449 48303.3
-116.59967195576851 36.771740257649554 48301.0
-116.59967251800266 36.771760118965 48299.3
-116.59967305740788 36.77177997659072 48297.3
-116.5996735574306 36.771799836491006 48295.9
-116.599674008082 36.77181970799104 48295.3
-116.5996743953688 36.77183957849817 48293.7
-116.59967473676924 36.77185945136004 48291.9
-116.59967504749252 36.77187933129599 48289.8
-116.59967534781303 36.771899219987965 48288.5
-116.59967565701317 36.77191912733556 48287.1
-116.59967598070388 36.7719391356768 48285.9
-116.59967631381797 36.77195908348215 48284.6
-116.59967665324376 36.77197904623432 48283.0
-116.59967699668483 36.77199894097088 48281.6
-116.59967735566175 36.77201891580271 48280.5
-116.59967773712664 36.77203888166238 48279.2
-116.59967814305686 36.77205891148212 48278.0
-116.5996785681092 36.77207885161501 48276.5
-116.59967900423128 36.77209878067996 48275.6
-116.59967944955112 36.772118614738375 48275.1
-116.59967991181584 36.77213850372228 48274.2
-116.59968040319607 36.77215836483547 48273.8
-116.59968093239164 36.77217827605118 48273.4
-116.59968150150348 36.77219807309118 48273.0
-116.59968211437888 36.772217823324944 48273.0
-116.59968278117742 36.772237534416206 48272.9
-116.59968348209397 36.7722571359836 48273.1
-116.59968420646818 36.7722768050736 48273.5
-116.5996849328246 36.77229649033268 48273.8
-116.5996856489968 36.77231629676555 48274.6
-116.59968634812492 36.77233606736828 48275.5
-116.59968703456262 36.772355879062246 48276.5
-116.5996877073176 36.772375650649934 48277.5
-116.59968836752616 36.77239554122927 48278.9
-116.5996890081742 36.772415463518925 48280.3
-116.59968962654844 36.772435496057966 48281.9
-116.59969021694629 36.772455476697694 48283.7
-116.59969078021648 36.77247546488953 48285.8
-116.59969132297594 36.77249536692246 48287.9
-116.59969185145796 36.772515332071656 48290.3
-116.59969236668202 36.7725352680272 48292.4
-116.5996928704536 36.77255514585048 48294.4
-116.59969336613024 36.77257503986031 48297.3
-116.5996938479118 36.77259479467865 48300.0
-116.59969431540962 36.772614506413206 48302.9
-116.59969476852685 36.772634115594215 48305.8
-116.59969522242092 36.772653809668135 48308.9
-116.5996956800774 36.77267352410578 48312.0
-116.59969614616335 36.77269333881999 48314.8
-116.5996966228562 36.7727130857024 48317.6
-116.59969711129636 36.77273281849912 48320.9
-116.59969760797344 36.77275243812587 48324.4
-116.59969811490832 36.77277208866105 48327.7
-116.59969863149055 36.772791684837344 48330.8
-116.59969916541496 36.77281132534568 48334.1
-116.5996997211922 36.772830874462485 48337.8
-116.59970030625745 36.77285042951784 48340.5
-116.59970092659132 36.77286994775467 48342.9
-116.59970158073608 36.7728895816745 48345.4
-116.59970226640888 36.77290924468641 48348.0
-116.59970298355924 36.77292900490487 48350.4
-116.59970371655083 36.77294871839069 48352.1
-116.59970444833728 36.77296845985689 48353.4
-116.59970516666492 36.772988223246095 48354.7
-116.59970586011492 36.77300791918191 48355.8
-116.5997065234968 36.77302768080349 48356.9
-116.59970715769455 36.773047418502784 48357.7
-116.59970776619652 36.77306720337582 48358.0
-116.59970834654726 36.773086878695 48358.2
-116.59970890085148 36.77310651337529 48358.6
-116.59970943273272 36.77312604590169 48359.0
-116.59970994748352 36.773145650257895 48359.3
-116.59971044434988 36.77316526894895 48360.2
-116.59971092425764 36.77318499634304 48361.2
-116.59971138978403 36.77320467908911 48361.8
-116.5997118504646 36.77322439071754 48362.2
-116.59971231035864 36.773244042501645 48363.1
-116.59971277767995 36.773263783619626 48364.1
-116.59971325102372 36.7732835300418 48365.5
-116.5997137266076 36.7733032844419 48367.4
-116.5997141996896 36.77332312876768 48369.4
-116.59971465418204 36.77334290365001 48371.5
-116.59971508738694 36.77336268939126 48374.1
-116.59971549607891 36.77338240755464 48376.8
-116.5997158940538 36.773402210193645 48379.3
-116.59971630054244 36.77342202144148 48382.4
-116.59971673061057 36.77344192693555 48386.1
-116.59971718449872 36.77346176368808 48389.7
-116.59971765775536 36.77348159698081 48392.6
-116.59971813633778 36.77350141649766 48396.5
-116.59971860679757 36.773521136277566 48401.0
-116.59971907426738 36.77354090999825 48406.1
-116.59971954540268 36.77356065593776 48411.2
-116.59972004103444 36.773580469764816 48415.5
-116.59972055861216 36.77360021254496 48420.0
-116.5997210988971 36.77361997090791 48425.2
-116.59972166031362 36.77363966837175 48430.7
-116.59972224867305 36.77365947693966 48436.2
-116.5997228515486 36.773679304598765 48441.9
-116.59972346163728 36.77369913609152 48447.9
-116.5997240777053 36.77371903008844 48453.9
-116.59972469562912 36.77373880803172 48459.4
-116.5997253166937 36.77375854966517 48464.6
-116.59972593437897 36.773778178785925 48470.9
-116.599726551313 36.77379785649944 48477.3
-116.59972715624689 36.77381750257212 48483.3
-116.59972773898969 36.77383721632936 48488.8
-116.59972828026471 36.773856862856846 48494.3
-116.5997287739676 36.77387655180593 48500.5
-116.5997292034858 36.77389628785253 48507.4
-116.59972958011724 36.77391599951508 48514.4
-116.59972991724229 36.773935843993286 48521.3
-116.5997302324958 36.77395573353103 48527.8
-116.59973055183036 36.7739757382045 48534.3
-116.59973088949864 36.77399568215832 48540.3
-116.59973125203436 36.77401563924797 48547.0
-116.59973163396364 36.77403552403295 48553.7
-116.59973202200652 36.7740554903796 48559.7
-116.59973239440968 36.77407544606214 48565.5
-116.59973274486096 36.77409538421112 48571.3
-116.59973308558304 36.774115370258485 48577.1
-116.5997334410342 36.77413522998268 48583.0
-116.59973382820236 36.77415505696548 48588.3
-116.59973424854142 36.77417478680764 48593.7
-116.59973469804154 36.774194591478654 48599.5
-116.59973516988543 36.77421440339638 48604.7
-116.59973565800588 36.77423429730562 48610.0
-116.59973615780572 36.77425410583077 48615.4
-116.59973667536968 36.77427389289426 48620.1
-116.59973722287204 36.77429365157556 48624.5
-116.59973779593332 36.77431330027465 48628.7
-116.59973839638432 36.77433299460608 48632.5
-116.59973902117656 36.774352649837965 48636.1
-116.59973967585935 36.77437234255151 48639.9
-116.59974035190028 36.77439191560547 48643.4
-116.5997410548338 36.77441144058561 48646.1
-116.599741784249 36.774430831206125 48648.9
-116.5997425428374 36.77445025908626 48651.3
-116.59974329821932 36.77446968341637 48653.8
-116.59974402657964 36.774489216070656 48655.5
-116.59974470274052 36.77450873521168 48657.2
-116.5997453060828 36.77452830921019 48658.6
-116.5997458435902 36.77454793106807 48659.5
-116.59974631428028 36.77456751373816 48659.9
-116.59974673135216 36.774587204963765 48659.7
-116.59974710913112 36.77460696979298 48659.4
-116.59974747541004 36.77462664042147 48659.3
-116.59974784965787 36.77464629567003 48659.3
-116.59974824382164 36.77466594141325 48659.0
-116.59974866061648 36.77468559983109 48658.5
-116.59974908658212 36.774705269241664 48657.4
-116.59974951652796 36.77472494840752 48655.5
-116.599749953659 36.77474463356452 48653.8
-116.599750400862 36.77476433699649 48652.6
-116.59975085035236 36.77478406346357 48651.1
-116.59975129870936 36.77480381582604 48649.5
-116.59975173916688 36.77482359675247 48647.8
-116.59975216117614 36.7748433997108 48645.6
-116.59975257020164 36.77486321324129 48643.5
-116.59975297590864 36.77488303541888 48641.1
-116.59975338926712 36.77490286304975 48638.6
-116.59975382195924 36.7749227009417 48636.4
-116.59975426613858 36.77494254425839 48634.2
-116.59975470978348 36.77496239174104 48631.7
-116.59975513413612 36.774982250850826 48629.2
-116.5997555115862 36.775002103289566 48626.6
-116.5997558461246 36.77502194080243 48624.0
-116.59975615026453 36.775041751978215 48621.8
-116.59975644445808 36.77506152617407 48619.6
-116.59975676009452 36.775081258059 48617.2
-116.5997571138058 36.77510095469031 48615.1
-116.59975751112276 36.775120615886586 48613.3
-116.59975795247264 36.775140235569886 48611.0
-116.5997584436607 36.775159909692086 48608.9
-116.5997589592332 36.77517949233936 48606.8
-116.5997594842506 36.775199003013455 48604.7
-116.5997600076192 36.775218620471406 48602.7
-116.59976051112488 36.775238282551136 48600.4
-116.59976099103056 36.77525807681028 48598.2
-116.59976143420094 36.77527784873265 48595.8
-116.59976184271346 36.77529767528304 48593.5
-116.59976222510004 36.77531745969021 48591.0
-116.59976261057189 36.77533735128655 48588.8
-116.59976302109324 36.77535725998264 48586.7
-116.59976347862889 36.77537715476828 48584.5
-116.5997640184292 36.77539711083898 48583.0
-116.5997646239272 36.77541695310212 48581.0
-116.59976528211224 36.77543676453007 48578.4
-116.59976596970763 36.775456468188125 48576.0
-116.59976668023664 36.77547623006022 48573.4
-116.59976739167256 36.775495983042525 48571.0
-116.59976809193336 36.775515818160656 48568.7
-116.59976876673188 36.77553558818825 48566.8
-116.59976941245668 36.77555536217472 48565.0
-116.59977003452246 36.77557514177215 48563.4
-116.59977063049024 36.77559484610196 48562.0
-116.59977120498183 36.775614632045375 48560.1
-116.5997717428244 36.77563440583355 48557.9
-116.59977224089369 36.7756542574999 48555.9
-116.59977269035204 36.77567404082761 48553.8
-116.59977309422176 36.77569385623093 48551.7
-116.59977344684312 36.77571363220997 48550.0
-116.59977376371108 36.77573354358214 48548.0
-116.5997740490927 36.77575352071349 48545.5
-116.59977431031253 36.77577365049602 48543.3
-116.5997745577058 36.77579376942516 48541.5
-116.5997748171495 36.77581392893868 48539.6
-116.59977510933308 36.775834022760655 48538.3
-116.59977545173427 36.77585418201116 48537.3
-116.59977586146924 36.77587433145956 48536.2
-116.59977632372193 36.77589445717654 48535.0
-116.59977682752957 36.775914634548336 48533.5
-116.59977734947246 36.77593469879183 48531.7
-116.59977786797708 36.77595472463454 48529.9
-116.59977836173536 36.775974641330215 48527.9
-116.599778819704 36.77599461774329 48526.0
-116.59977922939323 36.776014590067774 48524.0
-116.59977956993808 36.776034617818254 48521.7
-116.59977984866788 36.77605455914294 48520.0
-116.59978007621632 36.77607449435505 48519.0
-116.59978027316272 36.77609433967674 48518.2
-116.59978047456076 36.776114245349056 48517.0
-116.59978071277392 36.77613413991384 48515.2
-116.59978100804256 36.77615410678967 48514.0
-116.59978135997518 36.776173985346325 48512.6
-116.59978176973416 36.77619388863946 48511.0
-116.59978221333073 36.77621381854516 48509.9
-116.59978267146984 36.77623370156986 48509.1
-116.59978312957917 36.776253702327374 48508.1
-116.59978356883964 36.776273739062425 48507.1
-116.59978398855787 36.77629388699053 48506.0
-116.59978438719833 36.77631398486255 48504.8
-116.5997847737816 36.776334114101566 48503.9
-116.59978515620688 36.77635420000416 48503.1
-116.59978554982273 36.776374396548896 48502.2
-116.59978597026765 36.77639461425247 48501.3
-116.59978643460892 36.77641491025541 48499.3
-116.59978696113056 36.77643511749046 48497.3
-116.59978754309569 36.77645528910097 48496.2
-116.5997881675366 36.77647533272924 48496.0
-116.59978882385248 36.77649540246112 48495.6
-116.59978949292092 36.776515423363605 48494.8
-116.59979015243506 36.77653549418843 48494.9
-116.59979077480348 36.77655547071252 48494.4
-116.599791343049 36.77657545873708 48493.3
-116.59979182851784 36.7765954422504 48492.4
-116.59979224367204 36.77661534860378 48491.7
-116.59979260842158 36.776635330398754 48490.7
-116.59979294307574 36.77665530204285 48489.4
-116.5997932708672 36.77667533480257 48488.3
-116.59979361211975 36.77669527302949 48487.7
-116.59979398062266 36.77671519645216 48486.7
-116.59979437878708 36.77673502313253 48485.9
-116.5997948136507 36.77675492724731 48485.6
-116.59979526940003 36.77677483313221 48486.0
-116.59979573175109 36.77679475318583 48485.3
-116.5997961882972 36.77681477963714 48484.1
-116.59979663145764 36.776834761289095 48483.6
-116.59979708242616 36.77685477948595 48482.8
-116.59979755630856 36.776874751134365 48481.9
-116.59979806666296 36.77689481838616 48481.5
-116.59979861975428 36.776914897867286 48480.9
-116.59979920381588 36.77693504925602 48480.4
-116.59979980440777 36.77695510720595 48480.0
-116.59980041335196 36.77697515128934 48479.1
-116.59980101611872 36.77699509985452 48478.4
-116.59980160784524 36.77701512160672 48477.8
-116.59980217947304 36.77703514544904 48477.3
-116.5998027304948 36.77705526141533 48477.4
-116.59980324841716 36.777075305715336 48476.5
-116.59980373191932 36.777095366300685 48475.5
-116.59980417114532 36.777115372471386 48475.1
-116.5998045678324 36.777135494172406 48474.2
-116.59980491989788 36.7771556346015 48473.2
-116.5998052458507 36.77717586930399 48472.1
-116.59980554959068 36.777196029495 48471.8
-116.59980583664417 36.77721619416841 48471.8
-116.59980610640253 36.77723627087187 48471.0
-116.59980637296027 36.77725641120104 48469.9
-116.59980665098624 36.777276526360176 48468.7
-116.59980695492284 36.77729661115801 48468.5
-116.59980730622844 36.77731676649324 48468.4
-116.5998076980384 36.77733682969161 48467.9
-116.59980813105544 36.777356870365495 48467.1
-116.59980860178833 36.77737678915606 48465.9
-116.59980911413018 36.77739673964376 48465.5
-116.59980965294136 36.777416637282016 48465.0
-116.59981022013504 36.777436564195725 48464.4
-116.59981081211996 36.777456373438255 48464.1
-116.59981143297205 36.777476179617246 48464.5
-116.59981206802514 36.777495924443166 48464.6
-116.5998127113686 36.77751578089696 48464.0
-116.59981335129494 36.777535681210345 48463.7
-116.59981397602964 36.7775556344313 48463.0
-116.599814580001 36.77757571865309 48462.0
-116.59981515590664 36.7775957693507 48461.5
-116.59981571634442 36.77761585364578 48461.3
-116.59981627629224 36.7776358805634 48461.0
-116.59981685247372 36.777656001271374 48460.6
-116.59981744805894 36.77767613227947 48460.2
-116.59981806297172 36.77769635118787 48460.0
-116.59981868946328 36.77771650265132 48459.9
-116.59981931869788 36.77773666073192 48458.9
-116.59981994154435 36.77775674220826 48458.1
-116.59982055470807 36.77777691298404 48457.9
-116.59982113947336 36.77779708397866 48457.2
-116.59982169391276 36.7778173346669 48457.1
-116.59982221371882 36.77783749700559 48457.1
-116.59982271259112 36.77785764010924 48456.6
-116.59982321210634 36.77787774719012 48456.0
-116.59982373575296 36.77789781770262 48455.8
-116.59982429485676 36.77791784340339 48455.6
-116.59982489030254 36.77793781351804 48455.2
-116.59982552075913 36.77795773355935 48454.9
-116.59982616593106 36.7779776130785 48454.7
-116.59982680905604 36.77799746155112 48454.1
-116.59982743836947 36.77801729463504 48453.5
-116.59982804658236 36.77803711372854 48453.0
-116.5998286432262 36.77805692260383 48451.9
-116.59982924051712 36.77807671429574 48451.7
-116.59982984872438 36.77809648225374 48452.3
-116.59983047083884 36.778116239254175 48452.1
-116.599831098434 36.77813600762881 48451.6
-116.59983172486028 36.778155805138624 48451.7
-116.59983234759234 36.77817563986686 48451.2
-116.59983296756128 36.77819551389506 48450.1
-116.59983358407136 36.77821541768129 48449.7
-116.59983418674072 36.77823534661619 48449.9
-116.59983475510964 36.77825530458208 48449.6
-116.59983526496296 36.77827527575181 48449.4
-116.59983572410388 36.77829526106979 48448.4
-116.59983614441808 36.77831524686415 48448.1
-116.59983654404904 36.77833521215052 48447.4
-116.59983693919956 36.77835511742748 48447.7
-116.59983734150788 36.7783749571271 48448.4
-116.59983775786452 36.778394813509 48448.3
-116.5998381887932 36.778414457715726 48448.2
-116.5998386426132 36.77843415385817 48447.7
-116.59983910085136 36.77845384784712 48447.1
-116.59983955211725 36.77847363351167 48446.8
-116.59983999134452 36.77849335760792 48446.5
-116.59984043710028 36.778513087956405 48446.7
-116.59984090947096 36.77853272990176 48446.4
-116.59984142886756 36.7785524322478 48445.3
-116.59984199930533 36.77857210854708 48444.9
-116.5998426199816 36.778591781079726 48445.5
-116.59984326396965 36.77861152978026 48445.6
-116.59984390607691 36.77863121011731 48445.7
-116.59984453349288 36.778650922787136 48445.5
-116.59984512491296 36.77867060703815 48445.4
-116.5998456810986 36.778690441897055 48444.8
-116.59984619729236 36.77871036938803 48444.1
-116.5998466813068 36.77873048819071 48443.7
-116.59984714070022 36.77875064100825 48443.6
-116.5998475941058 36.77877086010425 48443.4
-116.59984804979642 36.77879107413037 48443.1
-116.59984851430988 36.77881108063593 48442.6
-116.5998490117014 36.778830796476754 48442.4
-116.59984955770328 36.778849921734405 48442.2
-116.59985017989356 36.778868247497726 48441.5
-116.59985089540794 36.77888528392812 48440.9
-116.59985177553423 36.77890065267548 48440.7
