Long Lat Mag_nT
-116.60883053636124 36.75448070137032 49117.7
-116.60880685242424 36.75448261173015 49117.0
-116.60878221656716 36.75448444988365 49117.8
-116.60875668777636 36.75448613928428 49119.3
-116.60873070118323 36.754487668070446 49120.7
-116.6087044258585 36.75448905222017 49120.8
-116.6086780548086 36.75449030682148 49120.1
-116.6086517606624 36.75449143058239 49118.8
-116.60862572852072 36.754492446428976 49117.3
-116.60860002699756 36.75449336776319 49115.9
-116.6085747487649 36.75449419893929 49114.8
-116.60855004735346 36.754494935022095 49113.9
-116.60852594534283 36.75449559281456 49113.5
-116.6085024174275 36.75449618465097 49112.4
-116.60847941832893 36.75449671360519 49111.1
-116.60845689569317 36.75449715734612 49109.8
-116.60843470467776 36.75449750096879 49108.4
-116.60841269386567 36.75449773369967 49107.3
-116.60839074178644 36.75449784798054 49105.6
-116.6083686906122 36.75449783245627 49103.8
-116.6083465141081 36.75449772416216 49102.6
-116.60832410901308 36.75449756439179 49102.0
-116.60830142249488 36.75449739461812 49100.8
-116.60827838192117 36.75449726111986 49099.4
-116.60825499108662 36.75449718768657 49098.4
-116.60823128345672 36.75449718543247 49096.8
-116.6082072934382 36.754497256780986 49094.8
-116.60818305091593 36.75449739587195 49092.3
-116.60815861772296 36.75449757088366 49089.7
-116.60813406729582 36.754497758157385 49087.5
-116.60810945319328 36.754497935051866 49084.4
-116.60808481615062 36.75449807971592 49082.0
-116.60806020866636 36.754498191567 49080.3
-116.60803563530088 36.75449827627093 49079.1
-116.60801109720104 36.754498343484855 49077.3
-116.607986593315 36.754498410470816 49075.1
-116.6079621067872 36.75449849787681 49073.9
-116.60793763377484 36.75449861943997 49072.9
-116.6079131742464 36.75449877604979 49071.7
-116.60788874060889 36.75449895592994 49070.6
-116.60786433165268 36.75449913582105 49069.3
-116.6078399522672 36.75449929775326 49067.7
-116.60781559345344 36.75449943189847 49066.4
-116.6077912330541 36.75449953491145 49064.9
-116.60776686280984 36.75449961929842 49063.0
-116.6077424612312 36.75449970066793 49061.2
-116.6077180263245 36.7544997943489 49059.4
-116.6076935701205 36.754499915803976 49057.9
-116.6076690967102 36.75450006230359 49056.1
-116.60764463185728 36.75450022421168 49054.3
-116.60762019360028 36.75450039186925 49052.0
-116.60759579263932 36.754500554277634 49049.6
-116.60757142428773 36.75450070045969 49048.0
-116.60754707503672 36.7545008226298 49046.4
-116.60752273141048 36.75450091737082 49043.7
-116.60749837120304 36.75450098173478 49040.3
-116.6074739997902 36.75450102544489 49037.7
-116.60744960807132 36.75450105660384 49035.8
-116.60742519962646 36.75450107973696 49033.6
-116.60740077620191 36.75450109863752 49031.2
-116.6073763447181 36.75450110882101 49029.1
-116.60735190727176 36.75450109774243 49027.2
-116.60732746577132 36.75450105027066 49024.6
-116.60730300547397 36.75450094644077 49021.1
-116.6072785528437 36.75450078858522 49018.2
-116.6072540891517 36.75450058507303 49016.0
-116.60722960912518 36.75450034751473 49012.9
-116.6072051094054 36.7545000975792 49009.9
-116.6071805953338 36.75449986554817 49007.4
-116.60715606946064 36.754499678697314 49004.9
-116.60713153506956 36.75449955786992 49002.9
-116.60710701027804 36.7544995226023 49001.0
-116.60708245469216 36.754499557756425 48998.5
-116.60705788889564 36.75449964659578 48995.8
-116.607033313159 36.75449977047735 48993.9
-116.60700873305728 36.754499911218176 48991.8
-116.60698415570712 36.75450004500782 48989.4
-116.60695958761768 36.75450015012476 48986.8
-116.60693503364554 36.754500208953125 48984.4
-116.606910477451 36.75450020845752 48982.0
-116.6068859350346 36.75450015912024 48979.8
-116.60686138514528 36.754500076647176 48977.6
-116.60683682552283 36.75449998206689 48975.1
-116.60681225769864 36.754499895307774 48972.5
-116.60678767875557 36.75449982175504 48970.0
-116.60676309734008 36.7544997571534 48966.9
-116.60673851858876 36.75449969293104 48963.4
-116.60671394838924 36.754499622129046 48960.5
-116.60668939032352 36.75449954292495 48958.0
-116.60666483502582 36.754499456008645 48956.5
-116.60664027154884 36.75449936251198 48954.6
-116.60661568010651 36.7544992625134 48951.4
-116.6065910517344 36.75449915912717 48948.2
-116.60656637723037 36.75449905865571 48945.7
-116.60654165542338 36.754498966522505 48942.7
-116.60651688744424 36.7544988835484 48939.3
-116.6064920866689 36.754498803831325 48935.4
-116.6064672711822 36.754498725748284 48932.0
-116.60644245420184 36.75449865592739 48929.6
-116.6064176562873 36.754498613024246 48926.9
-116.60639286190975 36.75449860686701 48923.9
-116.60636807195812 36.75449863615919 48921.4
-116.60634327987312 36.75449869023543 48918.6
-116.6063184754528 36.7544987503318 48915.2
-116.60629365611476 36.754498797075904 48912.0
-116.6062688229392 36.75449882334953 48909.4
-116.60624397916784 36.75449883039674 48906.5
-116.60621912832286 36.75449882149112 48903.8
-116.60619428095276 36.75449880531615 48900.7
-116.60616943638288 36.754498784104285 48896.9
-116.60614460152576 36.754498759476846 48893.3
-116.6061197942474 36.75449873909216 48889.6
-116.6060950119165 36.75449872983843 48886.5
-116.60607024831016 36.754498734167456 48883.1
-116.60604549586148 36.75449874657151 48879.6
-116.60602075364976 36.7544987563636 48876.1
-116.60599602250134 36.75449875328075 48872.8
-116.605971298632 36.754498737251545 48869.8
-116.60594657667218 36.75449871841276 48866.8
-116.60592175658827 36.75449871224011 48863.3
-116.6058970272704 36.75449873037586 48860.3
-116.60587229253468 36.75449877586328 48857.0
-116.60584755686548 36.75449884762681 48852.9
-116.60582282603777 36.75449894533979 48848.5
-116.60579809526573 36.75449906440129 48844.4
-116.60577336604048 36.75449920744971 48840.9
-116.6057486322275 36.75449937708287 48838.2
-116.6057238873241 36.75449957200662 48835.7
-116.60569912079669 36.75449978284957 48832.9
-116.6056743341038 36.754500004076654 48829.9
-116.60564952486185 36.75450023140319 48826.5
-116.6056246874914 36.75450046031992 48823.0
-116.60559983263104 36.754500684744 48819.3
-116.60557497168972 36.754500897576094 48816.4
-116.60555011635512 36.75450108936944 48813.0
-116.60552527425052 36.754501240895536 48809.3
-116.60550046392032 36.754501339535 48807.0
-116.60547567308733 36.75450137276956 48804.3
-116.60545088499784 36.7545013332516 48801.3
-116.60542607159556 36.75450121275865 48798.0
-116.605401241802 36.75450103439484 48794.2
-116.60537636687256 36.75450081722239 48790.9
-116.60535143691352 36.754500576005725 48788.3
-116.60532644293951 36.75450032316004 48785.0
-116.60530139576343 36.75450007347536 48781.5
-116.60527630287066 36.75449984040942 48778.9
-116.60525117828932 36.754499636735055 48776.4
-116.60522604195312 36.75449947230651 48773.2
-116.60520091036877 36.7544993427059 48770.7
-116.605175817561 36.754499251224026 48767.6
-116.60515078312852 36.75449920063424 48764.1
-116.60512583029312 36.75449919390395 48760.9
-116.6051009288828 36.754499216767655 48758.1
-116.60507606472802 36.754499252500224 48755.0
-116.60505121192584 36.75449928157017 48751.7
-116.60502634869955 36.754499282741776 48748.8
-116.60500148713992 36.75449924911766 48746.2
-116.60497662752807 36.754499183804256 48744.1
-116.6049517748334 36.75449909577819 48741.1
-116.60492693633608 36.754498999800354 48738.3
-116.60490211062356 36.75449891706379 48735.5
-116.6048772907094 36.754498858323664 48732.5
-116.60485246984904 36.75449882513043 48729.2
-116.60482763632665 36.754498814203565 48726.7
-116.60480277691036 36.75449881048596 48724.2
-116.60477789266449 36.754498800338965 48721.5
-116.604752985444 36.75449877424845 48717.7
-116.604728063331 36.754498729730734 48714.7
-116.60470314451732 36.754498677763934 48712.1
-116.6046782320102 36.75449863221721 48709.2
-116.60465332813942 36.754498604847605 48706.4
-116.60462844394702 36.754498608444194 48704.2
-116.60460356505676 36.75449864563359 48701.9
-116.60457869195476 36.75449871785902 48698.3
-116.6045538238062 36.75449882657358 48695.3
-116.6045289668432 36.75449897927314 48692.7
-116.60450411155117 36.75449916848438 48690.3
-116.6044792746032 36.754499387563534 48688.1
-116.60445446636352 36.75449962910472 48685.3
-116.6044297065518 36.754499883657104 48682.6
-116.60440499832752 36.7545001351652 48679.9
-116.60438034287296 36.75450037183406 48678.0
-116.60435573857433 36.75450058571533 48676.3
-116.60433118444308 36.7545007712639 48674.4
-116.6043066705925 36.75450092948362 48672.3
-116.60428217227656 36.75450105866968 48670.2
-116.60425767041724 36.754501158233566 48668.3
-116.60423314561022 36.75450122351101 48667.0
-116.60420860607296 36.754501259676005 48665.6
-116.60418404604728 36.754501268875934 48663.8
-116.60415946690244 36.754501250776535 48662.2
-116.6041348696998 36.75450120407793 48660.4
-116.60411026155889 36.754501134847885 48658.1
-116.60408562841432 36.75450104459048 48655.6
-116.60406096432126 36.754500934295045 48653.4
-116.60403627062112 36.754500812495344 48651.0
-116.6040115648235 36.75450069235046 48648.7
-116.60398685867148 36.75450058564846 48646.3
-116.60396216473605 36.754500501622616 48643.7
-116.60393749284462 36.75450044643773 48642.2
-116.60391282745616 36.75450041257877 48640.7
-116.60388816244676 36.75450039242801 48638.9
-116.60386347800292 36.75450037789068 48636.9
-116.60383873713742 36.754500359039405 48634.3
-116.60381392201084 36.75450032731114 48631.7
-116.60378901855556 36.75450027936645 48629.0
-116.60376402940229 36.75450021863726 48626.5
-116.60373899139825 36.754500153337695 48623.9
-116.60371400183936 36.75450008750329 48621.8
-116.6036891997126 36.75450001906293 48620.4
-116.6036647828878 36.754499948087016 48618.8
-116.60364117067635 36.754499895722205 48617.8
-116.60361862778691 36.75449991338592 48617.9
-116.60350454982095 36.754610601314965 48616.3
-116.60350702811893 36.75462754149079 48614.2
-116.6035095016671 36.754645327941766 48611.0
-116.60351189739772 36.75466358054341 48608.4
-116.6035142071051 36.75468206938526 48608.8
-116.60351645392096 36.754700518556334 48609.6
-116.60351870652715 36.75471851859739 48608.7
-116.60352109234404 36.75473581511086 48605.2
-116.60368038230814 36.754820265925694 48600.2
-116.60370215156948 36.75481805552769 48601.7
-116.60372521880348 36.75481599337953 48604.0
-116.6037491550816 36.75481414614852 48606.4
-116.6037738257946 36.75481251862468 48609.1
-116.6037990501784 36.75481110309882 48609.6
-116.60382463521051 36.75480990869175 48609.9
-116.60385026085208 36.75480889190376 48611.3
-116.603875790176 36.75480803139411 48613.5
-116.60390110510085 36.75480731250882 48615.6
-116.60392608922496 36.754806735434606 48617.8
-116.6039507166363 36.75480626837869 48620.1
-116.60397502239536 36.754805900534784 48622.4
-116.60399904058649 36.75480563015687 48624.5
-116.60402279616324 36.75480546245172 48626.5
-116.604046370016 36.754805369798376 48628.5
-116.60406986401073 36.75480533189943 48631.2
-116.60409335411642 36.75480532727674 48634.1
-116.60411691394344 36.75480533121205 48636.9
-116.60414058125532 36.7548053236128 48639.3
-116.60416437121933 36.75480530254069 48641.5
-116.60418828368633 36.754805276453176 48643.7
-116.60421232671293 36.75480525801276 48645.7
-116.60423646322371 36.75480525148043 48648.0
-116.60426067946364 36.754805256663374 48650.1
-116.6042850590526 36.75480527545201 48652.4
-116.6043093976835 36.75480530823959 48655.0
-116.60433377163424 36.754805350709645 48657.5
-116.6043581778468 36.754805399400254 48659.9
-116.604382619005 36.75480545200626 48662.8
-116.60440710872705 36.754805510123695 48665.6
-116.60443164713692 36.75480557430368 48667.7
-116.60445623575848 36.7548056427406 48670.0
-116.60448086537866 36.75480571202044 48672.9
-116.60450552621934 36.75480578471005 48676.1
-116.60453020056316 36.75480587523994 48678.5
-116.60455486912328 36.754806002744814 48680.6
-116.60457951307384 36.754806178507856 48682.8
-116.6046041046026 36.754806408584464 48685.8
-116.60462863637846 36.7548066790018 48688.9
-116.60465312312904 36.75480698081917 48691.6
-116.60467757990315 36.754807306902286 48694.1
-116.60470202001515 36.75480764786736 48697.1
-116.60472646387288 36.75480798857676 48700.0
-116.60475092955508 36.75480831988813 48702.7
-116.60477543325273 36.754808638767386 48705.4
-116.60480000570794 36.75480894534643 48708.5
-116.60482465795448 36.754809243653895 48711.7
-116.604849392372 36.7548095378627 48714.5
-116.60487420336582 36.75480983005244 48717.1
-116.6048990854142 36.75481011484082 48719.9
-116.60492400910384 36.75481038574404 48722.9
-116.60494894473293 36.754810638150566 48726.3
-116.60497386161762 36.75481086670772 48729.5
-116.60499872546168 36.75481105641151 48732.5
-116.60502352886093 36.75481119918221 48735.7
-116.60504826218056 36.75481129497293 48739.2
-116.60507293033388 36.75481136273044 48742.5
-116.6050975375864 36.75481143618204 48745.3
-116.605122087378 36.75481153837734 48748.0
-116.60514658390258 36.75481167314688 48751.1
-116.60517102971478 36.754811828968265 48754.4
-116.60519541420008 36.75481198452122 48757.8
-116.60521975442522 36.75481212335945 48761.3
-116.60524405368989 36.7548122378732 48764.8
-116.60526831224948 36.75481232430618 48767.9
-116.60529253697888 36.75481238306156 48771.3
-116.60531674136767 36.75481242401767 48774.6
-116.60534092540324 36.7548124564173 48778.0
-116.60536509222588 36.7548124905992 48780.8
-116.6053892514428 36.75481254060564 48783.9
-116.6054134121006 36.75481261291826 48787.6
-116.6054375891551 36.75481270484776 48791.4
-116.6054617927918 36.75481281043808 48795.0
-116.60548604027171 36.75481292679343 48798.5
-116.60551033228978 36.7548130548465 48801.6
-116.60553467504306 36.754813197966094 48804.6
-116.6055590801176 36.754813358761375 48807.9
-116.60558356737285 36.75481353939119 48811.4
-116.60560813320224 36.754813734201534 48814.8
-116.60563278576193 36.75481394282083 48818.3
-116.60565752311727 36.7548141636848 48821.5
-116.60568233037571 36.7548143945625 48824.8
-116.60570715555392 36.7548146278336 48828.1
-116.6057319594786 36.75481485702949 48831.4
-116.60575671064372 36.754815079317375 48834.5
-116.60578138799356 36.75481529347634 48837.9
-116.60580601638948 36.7548155028722 48841.6
-116.6058306230822 36.7548157114886 48844.8
-116.60585523708887 36.75481592467423 48848.3
-116.60587989299654 36.75481615160634 48852.2
-116.6059046004568 36.75481639358475 48856.0
-116.60592935822092 36.75481664978167 48859.4
-116.60595414308833 36.75481691078866 48862.6
-116.60597892111876 36.7548171578226 48865.7
-116.60600367140532 36.75481738370577 48869.0
-116.60602837780232 36.75481758727244 48872.5
-116.60605303194264 36.75481776659635 48875.6
-116.6060776249728 36.75481791455756 48878.5
-116.60610217479298 36.75481803157047 48881.7
-116.60612668822776 36.75481811162746 48885.2
-116.60615117441834 36.7548181487953 48888.8
-116.6061756447902 36.75481812913133 48892.3
-116.60620011940844 36.754818051943374 48895.4
-116.6062245928432 36.754817914545406 48898.5
-116.60624906217303 36.754817724776885 48902.0
-116.60627353891611 36.75481749418663 48905.4
-116.60629802689364 36.754817248445335 48908.8
-116.60632252588816 36.75481700330222 48912.3
-116.606347040797 36.754816772143 48915.5
-116.60637157155848 36.75481657436516 48918.3
-116.60639610520953 36.754816414747886 48921.1
-116.60642064972458 36.75481629475642 48924.3
-116.60644521417548 36.75481621466001 48927.4
-116.60646980662776 36.75481617477796 48930.5
-116.60649442861404 36.75481616547246 48934.0
-116.60651909795388 36.754816179965296 48937.2
-116.60654382892092 36.7548162102378 48940.3
-116.60656863586236 36.754816244605536 48943.4
-116.60659350425104 36.75481626486173 48946.6
-116.60661842121505 36.75481625212864 48949.5
-116.6066433689056 36.7548161892158 48952.5
-116.6066683501841 36.75481605603662 48955.8
-116.6066933607694 36.754815871056856 48958.5
-116.60671836785964 36.7548156587 48961.1
-116.60674334776068 36.754815450393885 48964.3
-116.60676826357148 36.75481528137704 48966.8
-116.60679310582935 36.7548151600672 48968.8
-116.60681788767656 36.75481508077982 48971.6
-116.60684262885968 36.75481502918772 48975.0
-116.6068673538312 36.754814983557786 48978.6
-116.60689209249216 36.75481492363567 48981.5
-116.60691685963909 36.75481483724902 48983.7
-116.60694165805712 36.75481471422589 48986.0
-116.60696649167797 36.75481454334671 48988.9
-116.60699135023792 36.75481433688674 48991.9
-116.60701621977624 36.75481410763227 48994.6
-116.6070410948672 36.754813873528896 48996.8
-116.60706596932908 36.75481365458764 48999.0
-116.60709082663728 36.75481346107544 49001.3
-116.60711565422886 36.75481329434773 49003.9
-116.60714043691472 36.75481315587103 49006.2
-116.60716515148177 36.75481304885072 49008.3
-116.6071898083901 36.75481296638427 49010.8
-116.60721442672504 36.754812909125725 49014.0
-116.60723902666372 36.75481288525177 49016.2
-116.60726361394704 36.754812925270336 49018.0
-116.6072881811438 36.754813047797576 49020.1
-116.607312728918 36.75481326261188 49022.1
-116.60733725877417 36.754813556548896 49024.2
-116.60736175921728 36.75481389891727 49026.6
-116.6073862456359 36.754814240362656 49028.8
-116.60741074168604 36.754814556644696 49031.3
-116.60743526484409 36.7548148416719 49033.9
-116.6074598325973 36.75481509167799 49036.1
-116.60748444225364 36.75481531057492 49037.5
-116.60750907393708 36.7548154960592 49038.7
-116.60753371193483 36.754815636657085 49040.5
-116.60755836960904 36.75481571152999 49042.9
-116.60758307259728 36.754815723910575 49045.6
-116.60760782087516 36.75481567813086 49047.5
-116.60763261955462 36.75481558847937 49048.8
-116.60765748041736 36.75481547175916 49050.6
-116.60768238222308 36.75481536078159 49052.0
-116.60770730327486 36.75481528507319 49053.0
-116.60773222525955 36.75481526276212 49054.7
-116.60775710313952 36.754815305575214 49056.5
-116.6077819095539 36.75481539731561 49057.9
-116.60780664183478 36.75481552290657 49059.7
-116.60783130308516 36.754815663318126 49061.8
-116.60785590593022 36.75481579569712 49063.7
-116.60788049044196 36.7548159061349 49065.1
-116.60790507389784 36.75481598973151 49066.8
-116.60792965887984 36.75481604395697 49068.7
-116.60795424506944 36.754816065825466 49070.1
-116.60797882297209 36.75481606394543 49071.5
-116.60800337229956 36.75481603824905 49073.2
-116.60802787574536 36.75481598349057 49074.9
-116.60805233174834 36.75481588986948 49077.0
-116.60807677591508 36.754815764344734 49079.4
-116.60810122784484 36.75481561427056 49081.7
-116.60812580515068 36.75481545101281 49083.8
-116.6081502300136 36.754815293497565 49085.5
-116.60817478017256 36.7548151488705 49086.9
-116.60819934665568 36.75481501519511 49088.5
-116.60822402120291 36.75481488443752 49090.6
-116.60824861182935 36.754814754991855 49092.8
-116.60827322379808 36.75481462819075 49094.4
-116.60829786832429 36.75481450849736 49096.1
-116.6083225625028 36.75481440043864 49097.4
-116.60834733688417 36.75481430878761 49099.1
-116.608372197189 36.75481423360658 49101.1
-116.6083971494612 36.75481417129643 49103.3
-116.60842218236614 36.75481411743145 49104.7
-116.60844727319171 36.75481406445735 49106.0
-116.60847237112894 36.75481400485868 49107.0
-116.6084974380176 36.75481393545088 49107.8
-116.60852244760736 36.7548138586599 49108.9
-116.60854737490088 36.75481378201884 49110.4
-116.60857222708484 36.75481371740919 49111.8
-116.60859700742034 36.7548136736758 49112.8
-116.60862172528292 36.75481365523386 49113.9
-116.60864637360464 36.75481366178222 49115.1
-116.608670971981 36.75481367580426 49116.3
-116.60869553078372 36.754813679126606 49117.3
-116.60872004971776 36.75481364807138 49118.6
-116.60874454323977 36.75481354846934 49120.6
-116.60876901852993 36.754813371823005 49121.7
-116.60879344599624 36.754813106281006 49122.1
-116.60881775234378 36.75481274090488 49122.8
-116.60884181417993 36.75481225414215 49124.5
-116.60886547883877 36.75481167867228 49126.5
-116.60888848371404 36.75481105062974 49126.7
-116.60891052389071 36.75481042874714 49124.9
-116.60901516138118 36.754895740560364 49132.0
-116.60901241341274 36.754911592866186 49169.0
-116.60901009784595 36.75492845227264 49168.6
-116.60900845627484 36.754946048845234 49168.4
-116.60900775631195 36.754964385076654 49170.4
-116.60900789343695 36.75498312073663 49170.1
-116.6090087810652 36.75500192502385 49165.4
-116.60901028161972 36.755020478581535 49161.9
-116.60901230992944 36.755038493523664 49159.4
-116.60901460161617 36.7550557607111 49156.7
-116.60901692461574 36.75507200699301 49153.1
-116.60890693691653 36.755141035786615 49158.5
-116.6088845612941 36.75513898433441 49166.0
-116.60886061228004 36.75513707579847 49168.4
-116.60883540979448 36.75513540919388 49169.8
-116.60880934163669 36.755134048016174 49170.6
-116.60878264942365 36.755133071182286 49169.5
-116.60875579433332 36.755132426570505 49168.0
-116.60872912143058 36.75513209591526 49165.7
-116.60870294423516 36.7551320631174 49164.3
-116.60867753946371 36.755132361312725 49163.3
-116.60865294419705 36.75513289032181 49162.2
-116.6086292294169 36.755133571716094 49160.5
-116.60860634226604 36.7551343113405 49158.2
-116.60858424776488 36.755134984764965 49156.1
-116.60856266508156 36.755135500532006 49154.2
-116.60854137240582 36.75513579981165 49152.5
-116.60852011065984 36.75513585409912 49150.8
-116.60849869232158 36.75513561956564 49149.5
-116.60847695462743 36.75513515884316 49148.4
-116.6084547501914 36.75513451809256 49146.7
-116.60843202067348 36.7551337632834 49144.8
-116.60840871012589 36.75513297369445 49143.7
-116.60838496610056 36.75513223157519 49142.7
-116.60836091811542 36.7551315972262 49141.9
-116.6083367464892 36.755131114447884 49141.1
-116.60831259076323 36.7551308481127 49140.6
-116.60828858534995 36.755130788682166 49138.7
-116.6082648387944 36.75513092773059 49136.2
-116.6082414073236 36.755131235499846 49134.1
-116.60821826431868 36.75513166627943 49132.2
-116.60819529107916 36.755132123435054 49130.1
-116.60817240241803 36.7551325349147 49127.8
-116.60814947058245 36.75513283959783 49125.4
-116.60812641228796 36.75513295342744 49123.0
-116.60810319438576 36.75513287459128 49121.2
-116.60807976123247 36.75513261688969 49119.5
-116.60805608813828 36.75513222414017 49117.2
-116.6080321778339 36.755131760449125 49115.6
-116.60800807940169 36.75513132416502 49114.7
-116.6079838246458 36.75513097868394 49113.0
-116.60795948344212 36.75513076578573 49110.5
-116.60793506602026 36.75513073796596 49108.0
-116.60791061992944 36.755130868006205 49105.2
-116.60788619614095 36.75513112611775 49102.3
-116.60786181355232 36.75513146933969 49100.9
-116.60783746177646 36.75513184535894 49099.1
-116.60781313801677 36.75513219499211 49096.0
-116.60778882984432 36.75513248444449 49093.8
-116.60776450249632 36.75513269368158 49092.1
-116.60774015224432 36.75513279488701 49089.9
-116.60771576950803 36.75513280661433 49087.8
-116.607691334006 36.75513274005777 49085.7
-116.60766683297544 36.75513260567356 49083.9
-116.607642277811 36.75513240408647 49082.5
-116.60761769563278 36.75513216037351 49081.8
-116.60759309641612 36.755131892694905 49080.2
-116.6075684864592 36.75513161770903 49077.4
-116.60754386679125 36.75513135179306 49075.7
-116.60751924070702 36.75513110558735 49074.9
-116.60749461036522 36.75513088917309 49074.2
-116.60746998418306 36.75513071407977 49073.0
-116.60744534842124 36.7551305978702 49071.8
-116.60742069573784 36.75513052632335 49070.1
-116.60739602858304 36.75513048194978 49067.6
-116.60737134751604 36.75513044534427 49065.0
-116.60734665559475 36.755130396129545 49062.8
-116.60732196092364 36.75513031755385 49060.7
-116.60729726756244 36.75513020148653 49059.2
-116.60727257268296 36.755130047228825 49058.1
-116.6072478808296 36.75512985163316 49056.7
-116.60722319006764 36.75512962589055 49054.4
-116.6071984959435 36.75512938350343 49052.0
-116.60717380139288 36.75512914216539 49050.1
-116.60714910327722 36.75512892833855 49048.4
-116.60712439240652 36.755128758301886 49046.5
-116.60709966655864 36.755128644798646 49044.0
-116.60707493610374 36.75512859851992 49040.9
-116.60705018932806 36.75512864944477 49038.0
-116.60702543242095 36.75512879024856 49036.2
-116.60700068198692 36.7551290024014 49034.3
-116.6069759372843 36.755129249624055 49030.7
-116.60695119046268 36.755129483629695 49027.1
-116.60692644222031 36.75512967250823 49024.5
-116.60690168720689 36.75512979923128 49022.4
-116.60687692024976 36.75512985677841 49019.8
-116.60685216608952 36.75512983911739 49016.9
-116.60682743591023 36.755129759592016 49014.3
-116.60680272864016 36.7551296240615 49011.6
-116.60677803430076 36.7551294401716 49008.6
-116.60675335024672 36.75512920884388 49005.6
-116.60672866286528 36.75512894970089 49003.2
-116.6067039603324 36.75512867967738 49000.6
-116.60667924223388 36.75512841265174 48998.1
-116.60665450462086 36.75512816229966 48995.8
-116.60662975485788 36.75512793664912 48992.7
-116.6066049066776 36.755127744770576 48989.7
-116.60658017556852 36.755127595821776 48986.6
-116.60655544637116 36.75512749730713 48984.1
-116.60653071369217 36.755127431960986 48981.3
-116.60650597112974 36.75512738488227 48978.0
-116.60648121386672 36.75512734318964 48974.6
-116.6064564407852 36.75512730148224 48971.3
-116.60643166418215 36.75512726087054 48967.9
-116.60640689737316 36.75512723204186 48964.4
-116.60638216125322 36.75512722738824 48960.6
-116.6063574583862 36.75512726778581 48956.9
-116.60633278857038 36.75512736031075 48953.5
-116.6063081545424 36.75512751099584 48950.2
-116.60628356727344 36.7551277151545 48946.9
-116.60625901975216 36.755127966308365 48944.4
-116.6062345165773 36.75512824124534 48942.5
-116.60621005528044 36.75512852310366 48939.7
-116.60618561459223 36.75512879443693 48936.6
-116.6061611797158 36.75512902903517 48933.6
-116.60613672775692 36.755129214862805 48930.5
-116.6061122425929 36.7551293378653 48927.4
-116.60608768656888 36.75512938111768 48924.0
-116.60606306816548 36.75512931456387 48921.5
-116.60603838736428 36.75512916611357 48919.3
-116.6060136461056 36.755128966712725 48916.2
-116.60598886513117 36.75512875688124 48912.8
-116.60596405795236 36.7551285903002 48909.5
-116.6059392592205 36.75512849668123 48906.1
-116.60591449460918 36.75512848615157 48902.5
-116.60588978944912 36.75512855177092 48898.5
-116.60586512420493 36.75512868167068 48894.8
-116.60584047949185 36.755128833825225 48891.6
-116.60581582780216 36.75512897729261 48888.0
-116.60579112902856 36.75512908827064 48884.4
-116.60576637423488 36.755129141714285 48880.5
-116.6057415598137 36.755129145907006 48876.9
-116.6057166832759 36.755129111596375 48873.6
-116.6056917449308 36.75512904917111 48870.4
-116.60566675767468 36.75512896328854 48867.1
-116.60564174408502 36.75512886621748 48863.6
-116.60561671971494 36.75512876791306 48860.3
-116.60559169744074 36.755128675460206 48857.0
-116.60556668527506 36.75512858964096 48853.4
-116.60554168435328 36.75512850811816 48850.5
-116.60551669506783 36.755128428613205 48846.6
-116.60549171899524 36.755128347355566 48842.6
-116.60546678218948 36.755128263677896 48839.5
-116.60544189872635 36.75512819012592 48836.1
-116.6054170814947 36.755128149774414 48833.3
-116.60539235934635 36.75512816999381 48830.6
-116.6053677066808 36.75512829571814 48827.1
-116.60534309186168 36.75512851754756 48823.2
-116.60531849074732 36.755128814756006 48819.1
-116.60529388219112 36.75512915686408 48814.7
-116.6052692409942 36.75512950330959 48810.2
-116.60524456766947 36.75512981244697 48806.0
-116.60521986047743 36.75513006099452 48801.7
-116.60519510096296 36.75513024526626 48798.8
-116.60517030141332 36.75513035851662 48796.3
-116.60514546518228 36.75513041632217 48794.0
-116.60512059986787 36.75513042195016 48790.7
-116.6050957093002 36.755130369928736 48786.5
-116.60507084547672 36.75513024276192 48782.8
-116.60504602214203 36.755130055004486 48780.1
-116.60502124541792 36.75512981910527 48776.9
-116.60499651282052 36.75512955511155 48773.2
-116.6049718292681 36.75512929193388 48769.5
-116.6049471773183 36.75512905727154 48767.2
-116.604922553598 36.75512886236884 48765.5
-116.6048979691784 36.75512871039505 48762.6
-116.60487341022568 36.75512860057766 48758.8
-116.6048488619041 36.7551285099712 48754.4
-116.60482430924505 36.75512842114568 48750.6
-116.60479973605706 36.75512831930925 48746.9
-116.60477514067765 36.75512818362019 48744.2
-116.60475051769949 36.755128007392855 48741.2
-116.60472585375116 36.75512778895737 48738.7
-116.60470113296324 36.7551275329346 48736.9
-116.60467635815206 36.755127248607934 48734.9
-116.60465154721132 36.75512696370348 48731.5
-116.60462671713483 36.755126702314485 48727.9
-116.6046018891047 36.75512648459468 48724.3
-116.60457704000468 36.755126338208896 48720.3
-116.60455217134135 36.75512625615165 48716.4
-116.60452728975804 36.75512622923543 48713.1
-116.60450240585392 36.755126246689045 48710.3
-116.60447751150012 36.755126302970034 48707.6
-116.604452616791 36.75512638693346 48704.8
-116.6044277210954 36.75512649505578 48701.7
-116.60440281673829 36.75512661642605 48698.4
-116.604377892209 36.75512672810532 48695.3
-116.60435295231326 36.75512680754231 48692.9
-116.6043280034896 36.75512684095429 48690.2
-116.60430304666208 36.7551268225499 48687.7
-116.60427811950784 36.75512674255752 48685.0
-116.60425322548498 36.755126620038574 48682.1
-116.60422836294738 36.7551264672884 48679.2
-116.60420352006032 36.75512628979817 48676.1
-116.6041786964478 36.755126084754814 48673.4
-116.60415387139795 36.75512585995616 48671.3
-116.6041290277968 36.75512561624839 48668.7
-116.60410414621528 36.75512535214613 48665.9
-116.6040792212412 36.75512506744405 48663.8
-116.6040542717336 36.7551247726276 48661.1
-116.6040293181046 36.75512447211624 48657.3
-116.60400438286544 36.75512416047943 48654.1
-116.60397951068455 36.75512382650437 48652.4
-116.60395471622805 36.755123477461886 48650.7
-116.60393000608028 36.75512313024778 48647.9
-116.60390539135318 36.7551228088068 48645.3
-116.60388084282168 36.75512255451432 48644.4
-116.60385631093725 36.75512237640896 48644.0
-116.6038317608334 36.75512227134961 48642.2
-116.60380717356102 36.75512222505053 48639.3
-116.6037825074016 36.755122226183616 48636.7
-116.60375779477675 36.755122248450256 48634.6
-116.60373308739403 36.75512227705795 48632.1
-116.60370847912584 36.755122303965216 48629.5
-116.60368420659304 36.75512232741165 48627.1
-116.60366049644098 36.75512236943905 48625.0
-116.60363764961691 36.75512247724457 48623.8
-116.60361606747962 36.75512272032113 48623.6
-116.60351374849986 36.755247783110335 48620.1
-116.60351583747304 36.75526491774836 48608.9
-116.60351788249628 36.75528256799007 48606.2
-116.60351984638316 36.75530058986416 48603.7
-116.6035217033466 36.7553187446367 48603.0
-116.6035235078906 36.75533675232216 48601.7
-116.60352533917616 36.75535433665227 48598.6
-116.60352731890548 36.75537119430016 48593.1
-116.60364789007664 36.75544864640444 48602.5
-116.60366738413188 36.755446658622205 48601.9
-116.60368808256624 36.75544458369788 48602.8
-116.60370974952131 36.75544260605334 48604.9
-116.60373257382626 36.75544085291401 48607.8
-116.6037560861248 36.75543936857415 48611.1
-116.60378016443218 36.75543814125374 48612.8
-116.60380459039123 36.75543716160583 48612.5
-116.60382918393536 36.755436430734825 48613.5
-116.60385361915492 36.75543588671541 48615.6
-116.6038778359487 36.755435477543 48617.8
-116.60390177479292 36.7554351642562 48619.3
-116.60392542169797 36.75543492289844 48621.4
-116.60394885822656 36.75543472954824 48625.4
-116.60397218861696 36.75543457681602 48628.5
-116.60399549076216 36.755434466446765 48630.9
-116.60401882172272 36.755434405631945 48632.7
-116.6040421446731 36.75543438092276 48633.9
-116.60406543024466 36.75543436898447 48635.6
-116.60408862933184 36.755434339798896 48638.2
-116.60411166327374 36.7554342619042 48641.2
-116.6041345580401 36.7554341321249 48644.3
-116.60415731508856 36.75543397020398 48647.3
-116.60417996463468 36.75543381003752 48649.8
-116.604202570004 36.755433699779815 48651.9
-116.60422516159412 36.75543366422865 48655.2
-116.60424779933798 36.75543371367564 48658.4
-116.60427051966808 36.755433850461706 48660.4
-116.60429337689116 36.755434072467786 48663.2
-116.60431632221848 36.7554343397676 48666.1
-116.60433936533 36.75543461933443 48668.2
-116.60436249428984 36.75543488901297 48670.3
-116.60438570058164 36.755435131144246 48673.1
-116.60440898411277 36.75543533566071 48676.4
-116.60443234012055 36.75543549418296 48679.3
-116.6044557722156 36.75543561082409 48682.0
-116.60447928679478 36.75543569997007 48684.3
-116.60450287081235 36.755435780433885 48686.7
-116.6045265202993 36.75543584451054 48689.8
-116.60455024082852 36.75543587250624 48693.9
-116.60457403559192 36.75543584197976 48696.8
-116.60459791713576 36.75543576385744 48698.8
-116.6046218519979 36.75543565803288 48701.5
-116.60464581606443 36.75543554446495 48704.7
-116.6046697920642 36.75543544465626 48707.3
-116.6046937473189 36.755435373225424 48709.8
-116.60471767007056 36.755435333315546 48712.9
-116.60474155109723 36.75543532073832 48716.5
-116.6047653879482 36.75543533186018 48719.8
-116.6047891929911 36.75543536202699 48723.1
-116.60481299041172 36.75543540446548 48726.4
-116.6048367962224 36.75543544571148 48729.5
-116.60486060530788 36.755435461080765 48732.4
-116.60488442137708 36.75543542494968 48735.7
-116.60490821428442 36.75543532108016 48739.8
-116.60493194924454 36.75543514182803 48743.3
-116.60495557162336 36.7554348929477 48747.0
-116.60497911286822 36.7554346153316 48751.1
-116.60500256124593 36.75543434996344 48754.0
-116.60502591778368 36.7554341331853 48756.2
-116.6050491866376 36.75543399301549 48758.7
-116.60507234341588 36.75543392312336 48762.2
-116.60509541554292 36.75543391582541 48766.1
-116.60511841465052 36.7554339597244 48770.1
-116.60514135433432 36.755434046741264 48773.6
-116.6051642321956 36.75543416669221 48776.7
-116.60518706035376 36.75543431714309 48779.8
-116.60520983738992 36.755434498442014 48783.2
-116.605232563122 36.75543471420341 48786.5
-116.60525523798428 36.75543495752812 48789.3
-116.60527789903612 36.75543522135504 48793.6
-116.60530058415902 36.75543549531979 48799.1
-116.60532335175516 36.755435765802126 48802.8
-116.60534625048956 36.755436029931374 48805.2
-116.60536929944712 36.755436306738616 48807.7
-116.60539249362928 36.75543661930738 48810.7
-116.60541583112328 36.755436982861184 48813.8
-116.60543924225948 36.755437366725474 48816.9
-116.60546272033795 36.75543773064463 48820.5
-116.60548624186592 36.755438042983926 48824.4
-116.60550976821068 36.755438288369504 48828.1
-116.60553330757304 36.755438492793246 48831.3
-116.60555683607907 36.75543869188683 48834.2
-116.60558035865805 36.75543892554753 48837.4
-116.605603918694 36.75543923880728 48840.5
-116.60562749252313 36.755439641368135 48844.0
-116.60565112723182 36.75544012664468 48847.6
-116.60567484856992 36.75544067690769 48851.4
-116.6056986876284 36.75544126234924 48854.7
-116.60572261796264 36.755441833873874 48857.3
-116.60574662672612 36.7554423394944 48860.6
-116.60577069627736 36.75544274009236 48864.0
-116.60579479502093 36.755443010298215 48867.2
-116.60581896719845 36.755443172384766 48869.6
-116.60584315869184 36.75544324856743 48872.2
-116.6058673329848 36.755443259283055 48875.0
-116.6058914314384 36.75544322471827 48878.0
-116.60591544878474 36.7554431777852 48881.0
-116.60593936433033 36.75544314265112 48884.2
-116.60596318516572 36.75544313215944 48887.3
-116.60598694164688 36.75544316089342 48890.3
-116.60601066488836 36.75544323485852 48893.5
-116.606034403433 36.75544335915115 48897.0
-116.606058185622 36.75544353479174 48900.3
-116.6060820428389 36.75544375611855 48903.6
-116.60610594787724 36.75544399964805 48907.2
-116.60612991100568 36.75544424804239 48910.8
-116.60615393435286 36.755444490711966 48914.2
-116.6061780212764 36.755444712986325 48916.8
-116.60620217960384 36.75544490192876 48920.1
-116.60622640460288 36.7554450452502 48924.0
-116.60625069065584 36.75544513996752 48927.5
-116.60627502182724 36.755445191879446 48930.9
-116.60629938662404 36.75544522392969 48933.9
-116.60632375149729 36.75544525098449 48936.7
-116.60634809739284 36.75544528585198 48939.6
-116.60637240984988 36.755445341560815 48942.5
-116.60639667647304 36.755445417269726 48946.1
-116.6064209118062 36.75544550718591 48949.2
-116.60644512938823 36.75544560794592 48952.1
-116.60646934772328 36.75544572127357 48955.4
-116.60649357901026 36.75544585325213 48958.5
-116.60651784041056 36.75544600824279 48961.4
-116.60654214433607 36.755446187948806 48964.2
-116.60656650994451 36.75544639139703 48966.7
-116.60659091723691 36.755446606176505 48969.1
-116.60661536197348 36.75544681422886 48971.5
-116.60663983116736 36.75544699477759 48974.2
-116.6066642999356 36.755447119977255 48977.5
-116.60668878702448 36.755447180889966 48980.2
-116.60671327520843 36.75544717792524 48982.6
-116.6067377659864 36.7554471191529 48985.8
-116.6067622565564 36.75544700797798 48988.8
-116.60678677466974 36.75544685981127 48991.2
-116.60681130880802 36.75544669165146 48993.5
-116.60683585477744 36.75544652412193 48996.0
-116.60686042325204 36.75544638241768 48998.2
-116.60688499453136 36.75544628185437 49001.0
-116.60690956859584 36.75544622475015 49003.5
-116.60693413393167 36.755446203338 49005.4
-116.60695867439648 36.75544619582672 49007.9
-116.6069831826385 36.75544617139561 49010.7
-116.60700765339828 36.75544611129208 49013.0
-116.60703207749025 36.755446010426496 49015.5
-116.60705643840052 36.75544587887914 49017.6
-116.60708075459743 36.75544574950277 49019.6
-116.60710503519272 36.755445652393455 49022.1
-116.60712930702 36.7554456188377 49025.1
-116.60715362994416 36.75544569867738 49027.1
-116.60717794868044 36.75544590718391 49027.5
-116.60720228620964 36.75544623688564 49028.9
-116.60722663733708 36.75544665836304 49031.7
-116.60725101223008 36.75544713273635 49034.8
-116.60727540298032 36.75544761437928 49037.9
-116.60729982251624 36.755448075881965 49040.1
-116.60732426175736 36.75544849090095 49041.5
-116.60734870975617 36.755448829844624 49043.3
-116.60737319801068 36.755449097588574 49045.0
-116.60739771842952 36.75544930739048 49046.4
-116.60742237398787 36.75544947624224 49047.7
-116.60744688137456 36.755449616139046 49049.2
-116.60747163772076 36.755449739365446 49051.3
-116.60749634178867 36.75544983931263 49053.7
-116.60752108914762 36.75544991301109 49055.2
-116.60754587136016 36.75544995279684 49056.7
-116.60757068493784 36.75544995353928 49058.5
-116.60759552112926 36.75544991073888 49060.5
-116.60762037997648 36.75544982723101 49062.5
-116.60764526631628 36.75544970699567 49063.6
-116.60767019330495 36.75544956309576 49065.3
-116.60769515980613 36.75544940617297 49067.6
-116.6077201652712 36.75544924533778 49069.4
-116.60774519665506 36.75544909295212 49070.2
-116.60777021408148 36.755448947205295 49071.3
-116.60779519837538 36.755448794676695 49073.6
-116.60782013642763 36.75544862289932 49076.0
-116.6078450245768 36.75544842383125 49078.2
-116.60786989432118 36.75544821596497 49079.8
-116.60789475352112 36.75544803100369 49081.1
-116.60791962166653 36.75544789974305 49082.4
-116.6079445305379 36.75544785504798 49083.9
-116.6079694647049 36.75544789135612 49085.5
-116.60799444737464 36.75544799199088 49087.0
-116.60801947331484 36.75544812985402 49088.7
-116.60804451566877 36.75544826599141 49090.6
-116.60806953725368 36.75544836185798 49092.3
-116.6080944958238 36.75544839545236 49093.4
-116.60811935354324 36.75544835703303 49094.7
-116.6081440682726 36.7554482378068 49096.5
-116.60816867726068 36.75544805472824 49098.7
-116.608193170559 36.755447820979 49100.4
-116.60821756459866 36.75544755537677 49102.0
-116.60824188622333 36.75544728833376 49103.6
-116.60826616931836 36.755447048914014 49105.5
-116.60829043073996 36.75544685230894 49107.2
-116.60831468324086 36.7554467058529 49108.6
-116.60833894062084 36.75544661462101 49110.3
-116.60836320312367 36.7554465576906 49112.0
-116.60838749961812 36.75544651504227 49113.9
-116.60841184186208 36.75544647477172 49115.9
-116.60843623391736 36.75544643945894 49117.1
-116.60846064417244 36.75544642001896 49117.9
-116.60848504912668 36.75544642529599 49119.1
-116.60850942843872 36.75544645823745 49119.9
-116.60853375882316 36.75544651867897 49120.4
-116.60855802971156 36.75544659934084 49121.0
-116.60858224613932 36.755446697827765 49122.1
-116.6086064201164 36.75544681308507 49123.5
-116.60863057054377 36.75544695246814 49124.3
-116.608654712567 36.75544711809274 49124.9
-116.6086788714726 36.75544731283223 49125.5
-116.60870307222991 36.75544753253755 49126.0
-116.60872734835432 36.75544775341066 49127.0
-116.60875171898208 36.75544793721868 49128.1
-116.60877617643048 36.75544805613142 49128.6
-116.60880067342153 36.75544809122099 49129.1
-116.60882508622888 36.75544800313939 49129.9
-116.6088493067422 36.75544777316063 49130.6
-116.60887311077693 36.75544738047817 49131.2
-116.6088962228204 36.75544682641447 49130.9
-116.60891810781244 36.755446141633016 49129.1
-116.60893857675968 36.755445450839424 49127.3
-116.6090248003277 36.755536372521625 49155.3
-116.6090232481104 36.755551038508784 49168.2
-116.60902213201382 36.75556654645908 49164.3
-116.60902145803736 36.75558278606494 49162.0
-116.60902122208368 36.755599514781935 49159.7
-116.60902141177904 36.75561656727568 49159.3
-116.60902206424156 36.75563376651024 49157.1
-116.6090230913893 36.75565098794838 49153.7
-116.60902441600764 36.755667947442745 49151.8
-116.6088879510373 36.75576888921234 49134.8
-116.60886479025572 36.75576662065172 49133.4
-116.60884051480448 36.755764801026494 49135.3
-116.60881548841236 36.75576350706263 49136.7
-116.60878998212571 36.75576273528689 49136.1
-116.6087642535292 36.75576248741623 49136.5
-116.60873843273497 36.75576261615138 49136.8
-116.60871279587624 36.75576303480632 49136.1
-116.60868749558864 36.755763674133696 49134.6
-116.60866272889804 36.75576447275932 49133.1
-116.6086384591314 36.75576532537919 49132.2
-116.60861470408751 36.755766153814434 49131.0
-116.60859138820904 36.7557668868088 49128.1
-116.60856841214516 36.755767423992566 49124.6
-116.60854567522505 36.75576773126987 49123.5
-116.608523008987 36.755767794283805 49123.1
-116.60850027298376 36.75576760878733 49122.2
-116.60847729708148 36.75576715482851 49121.8
-116.6084541039818 36.755766499371205 49121.4
-116.60843060578912 36.75576570024 49120.8
-116.60840679790871 36.75576481764062 49121.2
-116.60838267227736 36.755763913143184 49121.7
-116.60835829989264 36.75576304713904 49121.8
-116.6083337248495 36.75576225103036 49120.9
-116.60830900259978 36.75576153791916 49120.0
-116.60828418878472 36.75576092249938 49119.9
-116.60825932393485 36.7557603891145 49119.5
-116.60823446847952 36.7557599323029 49118.9
-116.60820965396783 36.75575954501269 49117.6
-116.60818491653984 36.755759221578025 49116.9
-116.60816024884116 36.75575894130992 49116.2
-116.6081356687828 36.75575869523188 49115.5
-116.6081111771314 36.7557584772378 49114.3
-116.6080867849876 36.75575828856483 49113.5
-116.608062461331 36.75575812653143 49113.0
-116.60803819687868 36.75575798633939 49111.4
-116.60801397811149 36.75575786055868 49109.4
-116.60798979680392 36.75575773916527 49107.8
-116.60796564425152 36.75575761243275 49106.4
-116.6079415181239 36.75575747749096 49105.4
-116.60791741658646 36.75575733302787 49104.4
-116.60789333246451 36.75575717316851 49103.0
-116.6078692551973 36.75575699111246 49102.0
-116.60784516775004 36.75575678530252 49101.9
-116.60782104989656 36.75575656500372 49100.7
-116.60779686649644 36.75575633498869 49098.9
-116.607772610344 36.75575608624043 49096.9
-116.60774826963168 36.75575580157038 49095.5
-116.60772383319032 36.75575546252493 49094.4
-116.60769927003687 36.75575504523192 49093.4
-116.6076746264736 36.75575455474699 49091.8
-116.6076499069794 36.75575401399615 49089.0
-116.6076251288378 36.75575346468888 49087.7
-116.6076003132218 36.755752963915725 49087.0
-116.60757545650402 36.75575254657623 49085.0
-116.60755058523338 36.755752227913085 49083.2
-116.6075257249317 36.75575200167743 49081.2
-116.60750090072628 36.75575185227088 49078.4
-116.6074761258356 36.75575174523166 49075.2
-116.607451431517 36.75575166184504 49071.8
-116.60742683626036 36.755751587485776 49069.4
-116.6074022689694 36.75575151217401 49067.9
-116.60737791021532 36.75575143301983 49067.1
-116.60735364844336 36.75575134707536 49066.5
-116.6073294637476 36.755751249751405 49065.3
-116.6073053457443 36.75575112864323 49063.8
-116.6072812769106 36.75575097567357 49062.1
-116.60725724186086 36.755750784091695 49059.9
-116.60723322492524 36.75575055073276 49058.7
-116.60720921030126 36.75575027492038 49057.5
-116.6071851866124 36.75574997794359 49055.8
-116.60716113458248 36.75574968465305 49053.8
-116.60713704005263 36.755749415693344 49052.8
-116.60711286574248 36.75574917152207 49051.2
-116.60708860443664 36.75574892439461 49049.2
-116.60706425478476 36.75574864358399 49047.6
-116.60703980929588 36.75574829757833 49045.6
-116.60701527296187 36.755747856742495 49043.7
-116.60699069718008 36.75574734061807 49041.2
-116.606966094018 36.755746774046045 49038.1
-116.60694149291804 36.755746191166885 49035.9
-116.60691693276544 36.755745632833545 49034.0
-116.60689243224448 36.75574512870463 49032.0
-116.6068680224466 36.75574470464903 49029.9
-116.60684373264642 36.75574437976097 49027.4
-116.60681956796004 36.75574418008255 49024.7
-116.60679547214468 36.75574408216776 49022.6
-116.60677144618492 36.75574405907364 49020.8
-116.60674747698286 36.75574407651752 49018.1
-116.6067235439565 36.75574409656022 49015.9
-116.60669963265065 36.75574408786331 49013.4
-116.60667573423416 36.75574403828399 49010.4
-116.60665184214476 36.75574394608788 49007.7
-116.60662795925552 36.755743813622175 49005.0
-116.6066040900228 36.755743660926285 49002.3
-116.60658022412927 36.75574350393996 48999.7
-116.60655635467027 36.75574335703645 48997.3
-116.60653246773828 36.75574323614288 48994.5
-116.60650854734 36.75574314289256 48991.7
-116.60648459210351 36.755743072127856 48989.2
-116.60646060790096 36.755743018670834 48986.4
-116.60643661061968 36.755742994331285 48983.4
-116.60641260579288 36.75574300815102 48980.7
-116.60638859796984 36.75574306553224 48977.9
-116.60636458132656 36.755743162968365 48975.6
-116.60634053349864 36.75574328083287 48973.2
-116.6063164560326 36.755743382703 48970.2
-116.60629236191444 36.75574342691664 48967.1
-116.60626826436096 36.755743379723306 48964.3
-116.6062441861126 36.755743216078216 48961.2
-116.60622015054184 36.75574296244547 48957.5
-116.60619614370322 36.75574264790095 48954.1
-116.60617217074748 36.75574230828826 48951.1
-116.60614824592996 36.75574199322202 48948.3
-116.60612434313543 36.75574174083231 48945.5
-116.6061004574352 36.75574156360003 48942.7
-116.60607658399596 36.75574145427827 48939.6
-116.606052703517 36.75574139868624 48935.9
-116.60602879631962 36.755741364054686 48933.2
-116.60600485386942 36.75574132603017 48930.7
-116.60598085619884 36.755741258810886 48926.9
-116.60595679120696 36.75574113030074 48923.0
-116.60593268752046 36.75574093386126 48920.0
-116.60590855015256 36.75574067237006 48916.9
-116.60588438854 36.755740365280005 48913.8
-116.60586021063924 36.75574003883092 48910.6
-116.60583602320035 36.75573973106735 48907.0
-116.6058118252307 36.75573946542527 48903.9
-116.60578761945077 36.7557392455096 48900.6
-116.60576340605226 36.75573906709773 48896.7
-116.60573919268953 36.75573891343252 48893.2
-116.60571500034452 36.75573877897854 48889.9
-116.60569084871184 36.755738661632094 48886.4
-116.60566676607976 36.755738567207175 48883.3
-116.60564274906848 36.75573849340988 48880.4
-116.6056187954472 36.755738436769306 48876.5
-116.60559488622634 36.755738389377925 48871.9
-116.60557098811988 36.75573833825 48867.3
-116.60554706556294 36.75573826306078 48863.3
-116.60552308636652 36.75573814259965 48859.5
-116.60549902081058 36.755737965446734 48856.1
-116.60547484372292 36.7557377263569 48852.1
-116.60545058474077 36.75573744437966 48848.2
-116.60542625315942 36.75573713454568 48845.7
-116.60540187006968 36.7557368088256 48842.7
-116.60537746225704 36.755736477411055 48839.2
-116.60535305819144 36.75573614946398 48835.3
-116.60532867661968 36.75573583182141 48830.8
-116.60530433221088 36.75573552728388 48826.5
-116.60528004349376 36.755735237434486 48822.6
-116.6052558112098 36.75573496199511 48818.8
-116.6052316423289 36.75573470806157 48815.5
-116.60520754534136 36.75573448744144 48813.0
-116.60518352942876 36.75573431705979 48809.7
-116.60515956228232 36.75573418921329 48806.5
-116.60513562847272 36.755734096451015 48803.7
-116.60511170772328 36.755734033500325 48800.1
-116.60508777858456 36.755734005985005 48796.9
-116.60506382303956 36.7557340119111 48794.8
-116.60503984284269 36.75573404708881 48791.5
-116.60501584472902 36.755734105764 48786.9
-116.60499184173692 36.7557341855786 48782.4
-116.60496785073072 36.75573428333514 48778.5
-116.60494388531131 36.75573439988717 48775.2
-116.60491994796232 36.755734533424686 48772.0
-116.60489603279468 36.75573468037808 48768.1
-116.6048721239179 36.75573483265909 48764.6
-116.60484820986515 36.75573498047375 48761.0
-116.6048242770094 36.7557351164792 48757.0
-116.60480031832614 36.75573524212961 48753.6
-116.60477633861322 36.755735374113335 48751.0
-116.6047523416469 36.755735528453805 48749.1
-116.6047283342978 36.75573571756692 48745.9
-116.60470430346676 36.75573595087685 48741.5
-116.60468022400892 36.75573621623098 48736.4
-116.60465607802804 36.75573649637333 48732.6
-116.60463183812008 36.75573676710592 48729.6
-116.60460747262486 36.75573699884656 48725.5
-116.60458300490735 36.755737180143605 48721.3
-116.60455843654069 36.7557373082135 48717.7
-116.6045337713322 36.755737381696335 48714.2
-116.60450902467667 36.75573739196921 48711.0
-116.60448424950124 36.75573735533408 48708.3
-116.60445947159938 36.75573728926205 48705.2
-116.60443472806662 36.75573721560972 48701.1
-116.60441006159544 36.75573716694578 48697.9
-116.60438546333748 36.75573716462308 48695.4
-116.6043609298624 36.75573722040398 48692.9
-116.60433644488982 36.75573732981103 48689.3
-116.60431197593104 36.75573747181575 48684.9
-116.6042874920372 36.755737613235056 48678.9
-116.6042629806326 36.75573773194517 48674.6
-116.60423842911976 36.75573781918452 48673.0
-116.6042138406324 36.75573786876323 48672.1
-116.6041892387602 36.755737886707045 48670.1
-116.60416462964778 36.7557378709535 48666.6
-116.60414002276625 36.75573782272068 48663.0
-116.60411544458832 36.755737749934646 48659.9
-116.60409091517124 36.75573767154241 48656.9
-116.60406645063668 36.75573759840904 48654.7
-116.60404206247252 36.755737535597504 48653.8
-116.60401776403444 36.75573748688964 48653.5
-116.60399353074352 36.755737441357006 48650.5
-116.60396935294844 36.75573738989607 48647.1
-116.60394522385704 36.75573732142316 48644.2
-116.60392115011145 36.75573721195655 48641.1
-116.60389713534896 36.75573704971312 48638.8
-116.6038731617772 36.75573682774924 48636.3
-116.60384919724352 36.75573654306733 48634.2
-116.60382521146592 36.75573619538431 48633.2
-116.60380119372132 36.75573581268921 48631.9
-116.60377713898976 36.75573542003095 48630.6
-116.6037530861804 36.7557350453106 48628.3
-116.60372914160624 36.755734733131874 48626.3
-116.60370543505228 36.755734521553286 48624.8
-116.60368218752144 36.75573445578917 48622.4
-116.60365972233616 36.75573458827832 48619.7
-116.60353976889476 36.75583473437735 48616.5
-116.60354247322064 36.75584973782985 48611.4
-116.60354518182407 36.75586517419966 48610.4
-116.60354774558024 36.75588087664558 48608.4
-116.60354999523696 36.755896553237136 48604.9
-116.6035519081332 36.75591194594916 48600.8
-116.60355347541692 36.7559269109634 48599.2
-116.60355471459536 36.75594137451728 48599.5
-116.60355563932475 36.75595513439615 48597.9
-116.60355640699916 36.75596827378102 48592.0
-116.60370393153217 36.75606083151158 48587.9
-116.60372652370148 36.756060145498246 48588.0
-116.60375017247988 36.75605933721536 48588.7
-116.60377451683956 36.756058527154885 48590.1
-116.60379936748112 36.756057755496094 48591.2
-116.60382456591962 36.75605702741422 48593.4
-116.60384996571692 36.756056334664734 48596.8
-116.60387539477696 36.756055667133005 48600.1
-116.60390074531897 36.75605503004252 48602.4
-116.60392593150264 36.75605443169231 48604.6
-116.60395083402406 36.756053884681634 48606.9
-116.60397544880423 36.75605338764896 48609.2
-116.60399977888964 36.75605294534337 48612.1
-116.60402386449012 36.75605256605071 48615.5
-116.60404771279332 36.756052286847165 48618.8
-116.60407140132388 36.75605212143718 48621.5
-116.60409499232856 36.756052085234 48623.0
-116.60411855467332 36.756052182951166 48625.2
-116.60414211620684 36.75605241485332 48629.1
-116.6041657319425 36.75605272844287 48633.2
-116.60418945936686 36.75605308927809 48636.3
-116.60421332353424 36.75605346690705 48639.0
-116.60423734771535 36.75605383121081 48641.6
-116.60426149309802 36.75605416609015 48644.3
-116.60428573164364 36.75605447206311 48647.1
-116.60431004353892 36.75605475893232 48650.4
-116.60433442903424 36.75605503623586 48654.1
-116.6043588712852 36.75605530990829 48656.7
-116.60438336000162 36.75605558114207 48659.3
-116.60440787671143 36.75605584618639 48662.5
-116.6044324004543 36.75605609561712 48666.3
-116.60445691191092 36.75605632864159 48669.9
-116.60448139769248 36.756056543720014 48672.9
-116.60450584966917 36.756056737282016 48676.1
-116.6045302646264 36.75605690314404 48679.4
-116.6045546505546 36.75605704586855 48683.0
-116.60457900938972 36.75605717150001 48686.4
-116.6046033469572 36.75605728933956 48689.3
-116.60462767082346 36.7560574146678 48692.8
-116.60465199009796 36.756057561081846 48696.4
-116.6046763124784 36.75605773455741 48700.0
-116.6047006396555 36.75605792867144 48703.3
-116.60472496334668 36.75605811225415 48706.9
-116.6047492950547 36.75605825970712 48710.5
-116.60477364670642 36.75605836205797 48713.7
-116.60479802730949 36.7560584234955 48716.3
-116.60482247370192 36.75605845631269 48719.9
-116.60484698651788 36.756058491588654 48724.0
-116.6048715609734 36.75605855426971 48727.4
-116.60489618713872 36.75605865962931 48730.7
-116.60492082513323 36.756058814426765 48733.9
-116.60494543908489 36.75605900081988 48737.7
-116.60497001341297 36.75605920546743 48741.1
-116.6049945351146 36.75605941337554 48744.4
-116.60501899354028 36.75605960125339 48748.0
-116.6050434093046 36.75605975319896 48752.4
-116.60506779589944 36.75605986464112 48755.9
-116.60509216447872 36.756059940418005 48758.9
-116.60511653405436 36.75605998786355 48762.3
-116.60514090253731 36.75606003159017 48766.0
-116.6051652577737 36.75606009728772 48769.1
-116.60518960366517 36.7560602103736 48772.8
-116.60521392045978 36.75606040375302 48776.4
-116.6052382099653 36.75606067460407 48779.7
-116.60526248978226 36.75606101570277 48783.3
-116.60528677980405 36.75606141010099 48786.4
-116.60531109244468 36.756061834146685 48790.2
-116.60533544537088 36.75606224952196 48794.2
-116.60535985671687 36.75606262977598 48797.8
-116.60538432846532 36.75606295835996 48801.5
-116.60540889247127 36.756063219523625 48805.1
-116.6054335361124 36.75606342604006 48808.9
-116.60545824014008 36.75606359075224 48812.7
-116.60548298039372 36.7560637312392 48816.0
-116.60550772979695 36.75606386499212 48818.7
-116.60553245594384 36.75606400540209 48821.7
-116.60555714200802 36.756064153482185 48825.5
-116.6055817856257 36.75606430763945 48829.4
-116.6056063821314 36.75606447316144 48832.8
-116.60563093742016 36.756064659156046 48836.2
-116.60565545264356 36.75606487659593 48839.8
-116.6056799373793 36.75606513824541 48842.9
-116.6057043849367 36.756065463892526 48845.5
-116.60572881554369 36.75606584246177 48849.1
-116.60575326032206 36.75606625249726 48853.5
-116.6057777356974 36.756066666602095 48857.5
-116.60580225990893 36.756067052812575 48861.0
-116.60582682805632 36.75606739346704 48864.0
-116.60585142753544 36.756067678199855 48867.2
-116.60587603805708 36.7560679033877 48870.3
-116.60590066630364 36.756068058266685 48873.2
-116.60592530962872 36.75606815485943 48876.8
-116.60594995921606 36.756068202053925 48880.3
-116.60597460662775 36.756068210848426 48883.5
-116.60599925711044 36.756068184558906 48886.8
-116.60602390640932 36.75606813940051 48890.0
-116.606048543397 36.7560680860483 48893.3
-116.6060731690762 36.75606803014013 48896.5
-116.6060977884274 36.75606798146535 48899.3
-116.60612240719932 36.75606795188795 48902.4
-116.6061470306694 36.75606794919321 48905.8
-116.60617166877336 36.756067977324825 48908.9
-116.60619631783815 36.756068041147365 48911.6
-116.6062209792996 36.75606813215461 48914.8
-116.60624566162416 36.756068244942206 48918.1
-116.60627037193532 36.75606837402172 48921.1
-116.60629511972384 36.756068514145696 48924.0
-116.60631990479732 36.75606865365017 48927.0
-116.60634473393164 36.75606878257638 48930.1
-116.60636959973516 36.75606888997779 48932.9
-116.60639450370068 36.75606895483461 48935.9
-116.6064194356679 36.75606897165228 48939.0
-116.6064443831504 36.756068939640215 48941.9
-116.60646933129443 36.75606886489378 48944.5
-116.6064942752538 36.75606875972882 48947.0
-116.60651920319472 36.75606865141916 48949.6
-116.6065441109852 36.75606856028425 48952.4
-116.60656900539908 36.756068501100565 48955.1
-116.60659387798412 36.756068485002416 48957.5
-116.60661872901544 36.75606849838681 48960.4
-116.60664356168874 36.756068526342695 48963.3
-116.6066683761424 36.75606855632096 48966.0
-116.60669327421093 36.75606858543456 48968.5
-116.60671806311096 36.75606861689749 48970.2
-116.60674284546114 36.756068655791 48972.1
-116.60676762369133 36.75606870367525 48974.7
-116.60679239958164 36.75606875148007 48977.8
-116.6068171838578 36.756068786866415 48980.5
-116.60684197919788 36.756068808431245 48982.9
-116.6068667887943 36.75606882259969 48985.6
-116.60689161153506 36.75606884629204 48987.3
-116.60691643197616 36.756068894026335 48989.4
-116.60694123462596 36.75606897657287 48991.3
-116.60696600674068 36.756069095957685 48993.0
-116.60699071471832 36.75606924681156 48995.0
-116.6070153719346 36.75606941351921 48997.5
-116.60703999269118 36.756069590519374 49000.6
-116.6070645968846 36.756069778034544 49002.7
-116.60708919537817 36.75606998165161 49004.3
-116.60711380158 36.75607020088751 49006.1
-116.60713842620208 36.756070429959685 49008.0
-116.60716307948816 36.756070655775886 49010.3
-116.60718779854692 36.7560708632279 49013.1
-116.6072125829656 36.75607105291225 49015.3
-116.607237425246 36.75607121790232 49016.7
-116.6072623051004 36.75607135453878 49018.1
-116.60728721539124 36.756071458385605 49020.0
-116.60731212375356 36.75607153910063 49021.8
-116.6073370114846 36.756071601288205 49023.5
-116.60736186829092 36.75607164939648 49025.2
-116.60738668895628 36.75607169511502 49026.7
-116.60741147354584 36.75607175167227 49028.2
-116.60743622409731 36.75607182655013 49030.0
-116.60746094718216 36.75607192115782 49031.9
-116.60748563633804 36.75607203562082 49033.6
-116.60751030522012 36.756072164161566 49035.3
-116.60753496009416 36.75607230277903 49036.4
-116.60755960278446 36.75607244576021 49037.8
-116.60758423683072 36.75607258224508 49039.2
-116.60760887331924 36.75607270369306 49040.3
-116.60763352243072 36.756072806208905 49041.8
-116.60765818890772 36.75607289008976 49043.5
-116.6076828868215 36.75607295108325 49044.7
-116.60770760242636 36.75607298412263 49046.0
-116.60773232358436 36.75607296869348 49047.2
-116.60775701969726 36.75607288019953 49048.2
-116.607781721746 36.75607268412884 49049.6
-116.60780642740266 36.75607239342863 49051.2
-116.60783114308056 36.75607201951807 49052.5
-116.60785587603483 36.75607158468591 49053.4
-116.60788065716856 36.756071119858646 49054.4
-116.6079054816886 36.756070669490434 49055.7
-116.60793034507252 36.75607026574627 49056.3
-116.60795525721912 36.75606993755262 49056.8
-116.60798015511348 36.75606973585485 49057.9
-116.60800502065928 36.7560696586605 49059.0
-116.60802984621402 36.75606970495795 49059.7
-116.6080546482655 36.75606986427128 49060.3
-116.60807938917938 36.756070134424114 49061.3
-116.60810409796336 36.75607046681599 49062.7
-116.60812878282536 36.75607082173866 49063.2
-116.6081534355586 36.75607115981512 49063.1
-116.60817808001592 36.75607143467124 49064.1
-116.60820272992156 36.75607162963293 49065.4
-116.60822739560686 36.75607174215372 49066.1
-116.60825207863412 36.75607178497874 49066.8
-116.60827680804924 36.75607177596815 49067.9
-116.60830155914016 36.75607175351167 49068.6
-116.60832630975096 36.75607174812763 49069.0
-116.60835105625227 36.75607178353149 49068.8
-116.60837576434288 36.75607188283974 49069.4
-116.60840044458584 36.756072026073255 49070.6
-116.6084251102422 36.75607219372047 49071.6
-116.6084497656532 36.75607236730508 49072.3
-116.60847442049108 36.756072527480114 49073.1
-116.60849908129632 36.75607267001892 49073.7
-116.6085237528 36.75607279763085 49074.5
-116.60854842983012 36.75607291484548 49074.7
-116.60857310085385 36.75607302218848 49075.1
-116.60859775036188 36.756073125591264 49075.6
-116.6086223711565 36.75607323365202 49075.9
-116.60864696916924 36.75607335461001 49075.9
-116.60867155077295 36.75607350215122 49076.1
-116.60869614583328 36.75607368010974 49076.6
-116.6087207797556 36.75607389172188 49077.0
-116.60874547603748 36.75607413360591 49077.0
-116.60877023341276 36.75607439585675 49077.3
-116.60879501173405 36.75607464720801 49077.7
-116.60881973372229 36.75607485787734 49077.5
-116.60884424880116 36.75607499800701 49077.6
-116.60886829688732 36.75607501911105 49078.0
-116.60889162293704 36.75607493131479 49077.9
-116.60902310023532 36.75618567415785 49092.4
-116.6090220089261 36.75620188881076 49100.2
-116.6090215279532 36.75621865628472 49097.9
-116.60902157004176 36.75623558961112 49095.0
-116.60902206576988 36.75625243503077 49092.4
-116.60902291669704 36.75626894580366 49088.3
-116.60902405088376 36.75628495577519 49080.9
-116.60902529013389 36.75630038183206 49072.3
-116.60887471445912 36.75640661674063 49064.3
-116.60885126190048 36.75640614132643 49067.0
-116.60882655208113 36.756405843174896 49069.2
-116.60880112495938 36.75640571774508 49068.8
-116.60877528454894 36.75640577371652 49066.9
-116.60874930028704 36.75640600380242 49065.3
-116.60872333923434 36.75640639647358 49064.9
-116.60869758999276 36.75640686220667 49063.1
-116.60867219168712 36.75640731922976 49061.3
-116.60864723875028 36.756407688609606 49060.1
-116.6086229773492 36.75640788555505 49059.7
-116.60859934985048 36.75640791530162 49059.5
-116.60857633345088 36.75640779194529 49059.6
-116.60855384868988 36.756407547791625 49059.5
-116.60853188141311 36.756407212347206 49058.8
-116.6085101878475 36.75640684257692 49057.4
-116.60848861777365 36.75640646582506 49057.4
-116.60846704514871 36.756406103194905 49057.5
-116.60844530189004 36.75640578779248 49057.5
-116.60842331462482 36.75640554263329 49058.2
-116.6084010363586 36.75640538638464 49058.8
-116.608378458885 36.75640532245979 49059.5
-116.60835549579772 36.756405349937005 49059.9
-116.60833224994929 36.7564054211042 49059.1
-116.60830878134426 36.756405510274895 49059.3
-116.60828514569016 36.75640560613068 49057.8
-116.6082613673628 36.75640570093709 49056.1
-116.60823749716783 36.756405779721135 49054.6
-116.60821355240036 36.75640582889216 49054.0
-116.60818952985665 36.75640583286618 49053.5
-116.60816535350168 36.75640576193912 49052.2
-116.60814122024752 36.75640562134405 49051.1
-116.60811702477028 36.756405418841936 49051.1
-116.60809275426092 36.7564051709379 49049.5
-116.60806841115917 36.75640489701304 49046.7
-116.60804400707012 36.756404634360486 49045.4
-116.60801954990188 36.75640441616059 49044.4
-116.607995060908 36.756404263714536 49043.0
-116.6079705094868 36.75640418677659 49041.4
-116.60794593869008 36.7564041482316 49039.6
-116.60792136421432 36.75640411566131 49037.7
-116.6078967896494 36.75640406426445 49035.7
-116.60787225880355 36.75640397612487 49034.1
-116.60784778443823 36.75640386885941 49033.1
-116.60782338546927 36.756403761739485 49032.8
-116.60779908055444 36.75640367082705 49033.4
-116.60777486683556 36.75640361018556 49033.5
-116.60775071277932 36.75640356928485 49032.8
-116.60772657787666 36.75640353131489 49031.4
-116.60770239986311 36.75640347189044 49029.7
-116.60767814909 36.75640334350164 49028.6
-116.60765381243928 36.75640312344738 49027.6
-116.60762939938388 36.75640279140708 49026.4
-116.6076048906114 36.75640233300952 49025.2
-116.60758038141785 36.756401713323534 49023.5
-116.60755587322866 36.756400963507645 49022.5
-116.60753138505824 36.75640011495654 49022.0
-116.60750692525647 36.75639921906506 49021.1
-116.60748247037488 36.75639835159091 49019.7
-116.6074579818554 36.756397578807885 49018.8
-116.60743343455285 36.756396942753966 49018.2
-116.60740885545265 36.75639645643941 49017.3
-116.60738416256795 36.75639613634269 49016.6
-116.60735942877784 36.756395937077095 49017.1
-116.607334679103 36.75639582973803 49016.4
-116.60730994689769 36.75639578290304 49014.7
-116.607285250935 36.756395762469225 49012.7
-116.60726062012392 36.75639572520437 49010.9
-116.60723606468432 36.75639565365573 49009.4
-116.60721157001672 36.75639554622638 49007.5
-116.6071871357856 36.756395401217375 49005.6
-116.60716270870536 36.75639522984012 49003.8
-116.60713826148188 36.7563950370683 49001.8
-116.60711377648866 36.75639483155213 48999.4
-116.60708924177868 36.75639462015831 48999.0
-116.60706466869507 36.756394413296285 48998.5
-116.60704006880988 36.75639421971314 48995.7
-116.60701545499502 36.756394043101885 48993.9
-116.6069908202336 36.75639388445837 48993.1
-116.60696617947076 36.75639373786009 48991.3
-116.60694154809164 36.7563936014892 48989.2
-116.60691694992752 36.75639347658501 48987.8
-116.6068924083147 36.7563933680228 48986.1
-116.60686793517552 36.756393278314576 48983.3
-116.60684354092652 36.75639321359487 48979.9
-116.60681924056992 36.75639318074453 48977.6
-116.6067950200542 36.756393196656376 48975.8
-116.6067708588388 36.75639326311553 48974.0
-116.6067467353374 36.756393378553774 48973.1
-116.60672262679552 36.75639352772821 48970.7
-116.60669849609144 36.75639368247608 48968.3
-116.60667433106318 36.756393805485104 48967.6
-116.60665012082444 36.75639386845037 48966.8
-116.60662583280715 36.75639384820125 48964.7
-116.60660151864184 36.75639371203244 48960.5
-116.60657716701913 36.75639348352609 48955.2
-116.6065527786455 36.75639317603064 48952.8
-116.60652833265064 36.756392806926094 48952.8
-116.60650383212004 36.75639237956099 48950.2
-116.60647926392808 36.75639191701806 48947.3
-116.60645462858751 36.75639143701444 48947.2
-116.6064299460982 36.756390963547474 48947.0
-116.60640520410172 36.75639053658384 48947.3
-116.6063804230969 36.7563901740164 48945.5
-116.606355613514 36.75638987604922 48942.0
-116.60633079762378 36.7563896296863 48938.9
-116.60630599164747 36.75638940989615 48936.1
-116.60628122809332 36.756389182610775 48933.2
-116.6062565145523 36.75638892212472 48929.9
-116.6062318427604 36.75638861280704 48926.6
-116.60620725745748 36.7563882546568 48924.3
-116.60618273777332 36.756387888312496 48923.0
-116.60615828088665 36.75638754949303 48921.0
-116.6061338953361 36.75638726206044 48918.4
-116.6061095532466 36.75638703370249 48915.6
-116.60608526396769 36.75638682478496 48911.9
-116.60606102524105 36.7563866029917 48907.3
-116.60603681796584 36.75638634719733 48902.5
-116.60601266023424 36.756386044892245 48899.1
-116.60598853368336 36.75638571920945 48896.8
-116.60596445033396 36.756385395304925 48895.1
-116.6059404433298 36.75638509815848 48895.2
-116.60591651064112 36.75638485372336 48893.4
-116.60589264687164 36.75638465289172 48888.8
-116.60586884557942 36.75638448486144 48884.8
-116.60584509241718 36.75638433070391 48880.9
-116.60582137724084 36.75638416725702 48876.7
-116.60579767398328 36.75638397772233 48872.8
-116.6057739645304 36.756383752808574 48869.8
-116.60575022911875 36.75638349863409 48867.2
-116.60572645397724 36.756383233588494 48864.6
-116.60570263566484 36.756382983500686 48861.8
-116.60567878413173 36.75638276750544 48858.6
-116.60565492564564 36.756382599810685 48855.6
-116.60563102963012 36.756382498226806 48852.7
-116.60560710858108 36.756382448704 48849.5
-116.6055831562366 36.75638244187586 48846.2
-116.60555917286392 36.756382465387055 48842.3
-116.60553514319126 36.75638250577299 48838.0
-116.60551108477289 36.75638254713834 48833.9
-116.60548700284488 36.75638258048141 48830.5
-116.60546289954692 36.756382597549695 48828.1
-116.6054388053861 36.75638258247791 48826.1
-116.60541472859276 36.756382537005095 48823.6
-116.60539067389772 36.75638247089753 48820.1
-116.60536664486622 36.756382402195335 48815.9
-116.6053426298528 36.75638235666084 48814.2
-116.60531861714304 36.7563823403433 48811.6
-116.6052945979577 36.756382341332014 48807.5
-116.60527056442868 36.75638234231288 48802.9
-116.6052465203068 36.756382323564495 48799.0
-116.60522246223772 36.75638228046201 48795.8
-116.60519838200683 36.75638221059848 48792.2
-116.60517426612849 36.756382116733846 48788.2
-116.60515011543878 36.75638200936593 48783.9
-116.60512593949592 36.75638191002149 48780.6
-116.60510175211334 36.75638183595932 48778.6
-116.60507758032855 36.75638179903148 48775.5
-116.60505342003324 36.75638181543029 48771.7
-116.60502929463048 36.75638187946373 48768.1
-116.60500521029432 36.75638198821474 48765.0
-116.60498117300163 36.756382134770746 48762.5
-116.60495715358276 36.756382311691866 48759.5
-116.60493313393955 36.75638249808031 48755.3
-116.60490909518148 36.75638268504953 48750.2
-116.60488501795244 36.7563828664944 48745.6
-116.60486089350012 36.756383031160254 48742.5
-116.60483673444392 36.75638316629752 48739.8
-116.60481256420894 36.75638325876885 48735.3
-116.60478840241508 36.75638330619644 48731.1
-116.60476430978412 36.75638331167495 48726.9
-116.60474028631351 36.7563832991461 48724.0
-116.60471633784532 36.75638328787089 48720.7
-116.60469246651184 36.75638329685983 48716.6
-116.6046686392048 36.75638335120548 48712.5
-116.60464483210384 36.756383448940014 48708.7
-116.60462102813928 36.75638358155059 48705.1
-116.60459720771328 36.75638373019338 48701.4
-116.6045733555672 36.75638386379009 48698.1
-116.60454946322932 36.75638396298652 48695.5
-116.60452551883044 36.7563840182832 48692.8
-116.60450150039416 36.75638402508167 48689.2
-116.60447741661308 36.75638397610377 48685.7
-116.60445325911112 36.75638388428327 48682.5
-116.60442902804228 36.7563837497321 48678.1
-116.60440472876869 36.7563835732164 48673.9
-116.60438040790056 36.75638335517509 48671.1
-116.6043559974976 36.756383109557774 48668.4
-116.60433181583636 36.75638284678583 48664.9
-116.60430749494958 36.75638257145411 48661.1
-116.60428334332188 36.756382301883846 48657.9
-116.60425924159148 36.75638205004076 48655.2
-116.6042351695056 36.75638182236521 48652.0
-116.6042111109608 36.756381621542864 48647.7
-116.60418703044328 36.75638145249688 48643.0
-116.6041629321232 36.75638130821992 48637.7
-116.60413882198192 36.75638119204424 48634.4
-116.60411471527335 36.756381110743725 48632.1
-116.60409059178556 36.75638107401555 48629.6
-116.60406646069217 36.756381066158994 48626.5
-116.6040423167684 36.75638107236513 48621.7
-116.6040181486818 36.75638107745565 48617.6
-116.60399395369816 36.75638106781284 48615.6
-116.60396972213796 36.75638104915836 48614.0
-116.60394544172748 36.75638102771373 48611.0
-116.60392109733928 36.75638100240009 48607.3
-116.60389667178114 36.756380961999206 48604.4
-116.60387216166548 36.75638089925123 48601.5
-116.60384756162334 36.75638080566432 48598.0
-116.60382286566194 36.75638067651972 48594.7
-116.60379811745425 36.75638050426967 48592.8
-116.60377338425477 36.75638030573457 48591.3
-116.60374877178523 36.75638009933564 48589.2
-116.6037244441698 36.75637990713463 48587.7
-116.60370071587316 36.756379762667 48585.5
-116.60370508168836 36.75669283020462 48547.0
-116.60372626442508 36.75669286713326 48500.1
-116.60374775710848 36.75669260447158 48502.7
-116.60376955546676 36.75669216926313 48505.8
-116.60379147391484 36.75669170657001 48509.0
-116.60381348037276 36.75669129151269 48512.4
-116.6038356066732 36.756690974324734 48516.5
-116.60385777231158 36.756690818066346 48520.9
-116.6038799759507 36.75669081034263 48525.0
-116.60390218249836 36.75669093545519 48528.5
-116.60392437266523 36.75669115703412 48532.3
-116.60394649483749 36.756691428922295 48537.2
-116.60396860267817 36.75669169638444 48542.7
-116.60399073288156 36.75669194066238 48548.1
-116.60401291693472 36.756692162840295 48552.1
-116.60403521157308 36.75669237299276 48555.8
-116.60405762746586 36.75669258470295 48559.6
-116.60408018826236 36.75669280601984 48563.3
-116.60410290942325 36.756693042728166 48567.3
-116.60412579734616 36.75669330150914 48571.4
-116.60414881513611 36.756693576992646 48575.6
-116.60417194244228 36.75669386296335 48579.7
-116.6041951544189 36.756694151505165 48583.4
-116.6042184432578 36.75669443283637 48587.2
-116.6042417822536 36.75669470750233 48591.3
-116.6042651577424 36.75669498638297 48595.5
-116.6042885622912 36.756695283920685 48599.5
-116.60431196350147 36.75669561823464 48603.2
-116.6043353570615 36.75669598830973 48607.2
-116.60435874057788 36.75669639083941 48610.8
-116.60438211751604 36.7566968132081 48614.2
-116.6044054944449 36.75669723663449 48618.0
-116.60442888801398 36.75669764222621 48623.0
-116.60445230518316 36.75669801708498 48627.3
-116.60447573061376 36.75669834775948 48630.9
-116.6044992040854 36.75669861574684 48634.1
-116.60452272266257 36.7566988302709 48637.5
-116.60454630259028 36.75669900188961 48641.0
-116.60456995958796 36.75669915075594 48644.8
-116.6045937144436 36.75669930857401 48648.8
-116.60461754301596 36.756699501137575 48652.9
-116.6046414346128 36.75669973722836 48656.0
-116.60466538229085 36.75670001178911 48659.3
-116.60468936796347 36.756700312114994 48663.2
-116.60471338845424 36.75670062001399 48667.0
-116.60473743994648 36.75670092391647 48670.4
-116.60476150197717 36.75670120883144 48674.5
-116.60478557420755 36.75670144699044 48678.4
-116.6048096271884 36.756701629705056 48682.0
-116.60483363952284 36.75670175408919 48686.1
-116.60485757927006 36.75670182879576 48689.5
-116.60488143537852 36.75670186922141 48692.5
-116.60490521356589 36.75670190163877 48696.1
-116.60492893485429 36.756701940422985 48700.2
-116.60495263321722 36.75670199460344 48704.1
-116.60497632943832 36.75670207687649 48707.6
-116.60500005542164 36.75670219080364 48711.3
-116.60502382168166 36.75670234482876 48714.6
-116.6050476349542 36.756702543909725 48717.9
-116.60507144668652 36.75670279761184 48721.5
-116.60509523214364 36.7567030973558 48725.0
-116.60511897393724 36.75670343129286 48728.4
-116.60514267139855 36.75670377725715 48732.5
-116.60516635429472 36.75670410602751 48736.6
-116.60519005758184 36.7567043960924 48740.4
-116.6052137994736 36.75670462886654 48743.8
-116.60523756823754 36.75670478927287 48747.4
-116.6052614211494 36.75670485755602 48750.9
-116.60528532429076 36.756704854892405 48754.0
-116.60530927189608 36.75670479831283 48757.0
-116.60533325174292 36.75670470613445 48760.3
-116.6053572732176 36.75670458884005 48763.7
-116.60538130952844 36.75670446458005 48766.8
-116.60540534773904 36.75670434058231 48769.9
-116.6054293766724 36.75670421992989 48773.8
-116.60545337632796 36.75670411094626 48777.4
-116.605477334041 36.75670402278524 48780.5
-116.60550123250287 36.75670396641465 48782.8
-116.60552507198685 36.756703953143216 48785.5
-116.60554879224722 36.75670400578687 48788.8
-116.60557240377754 36.756704118598414 48792.0
-116.6055958986136 36.75670428384476 48795.1
-116.60561928570078 36.756704482354586 48799.0
-116.60564257554137 36.75670468887551 48804.0
-116.60566582584964 36.75670488177543 48808.3
-116.60568915630952 36.756705051359646 48810.9
-116.6057123929458 36.75670519339042 48812.9
-116.6057356640583 36.756705305801866 48815.1
-116.60575897105517 36.75670539883208 48817.6
-116.60578232268388 36.75670547691204 48820.3
-116.60580572800968 36.75670554333942 48823.1
-116.60582920855629 36.756705605890446 48826.0
-116.60585274907724 36.7567056724015 48828.7
-116.60587634401122 36.75670574944432 48831.7
-116.6058999910904 36.75670584125709 48834.8
-116.60592367987992 36.75670595534782 48837.9
-116.60594739926772 36.75670608940987 48840.7
-116.60597113640712 36.75670623854107 48843.6
-116.60599486414588 36.75670638811745 48846.3
-116.60601856927534 36.75670650533159 48849.2
-116.60604224030544 36.75670657724802 48852.4
-116.60606587664142 36.756706602729366 48855.1
-116.6060894840111 36.75670659063704 48857.3
-116.60611308549645 36.75670656499442 48859.4
-116.6061366802972 36.75670655847134 48861.7
-116.60616026603412 36.75670659009043 48863.9
-116.60618384372864 36.756706662494 48866.3
-116.60620738295388 36.75670676971507 48868.7
-116.6062308899869 36.7567068845998 48871.0
-116.60625435701309 36.75670698249306 48873.2
-116.60627775605398 36.756707038735584 48875.2
-116.60630110239288 36.756707025665165 48877.5
-116.60632439359948 36.756706952101965 48880.1
-116.6063476453074 36.75670683083536 48882.3
-116.6063708776068 36.75670668654881 48884.3
-116.60639411481884 36.75670654686375 48886.7
-116.6064173682875 36.75670643507894 48889.1
-116.60644065234514 36.75670635582296 48891.2
-116.60646398719273 36.756706306897165 48893.7
-116.60648738118856 36.756706286685606 48896.3
-116.60651084567638 36.7567062855019 48898.5
-116.60653438728836 36.75670630397364 48900.7
-116.60655801551592 36.7567063428622 48903.1
-116.60658171598216 36.756706405292846 48905.2
-116.60660545921245 36.756706479805686 48907.1
-116.60662922049924 36.75670656069276 48908.7
-116.60665298054076 36.756706641296816 48910.3
-116.60667673872126 36.75670671308845 48912.8
-116.60670050075925 36.75670677111971 48915.2
-116.60672426950084 36.75670681048552 48917.0
-116.60674803868748 36.756706823579165 48918.7
-116.60677182676277 36.75670680145109 48921.0
-116.6067956214411 36.75670675601968 48923.4
-116.60681941780972 36.75670670366289 48925.3
-116.6068432182258 36.756706662176406 48926.9
-116.60686700073695 36.756706655438165 48928.5
-116.60689077496914 36.75670668642821 48930.0
-116.6069145454292 36.75670675184375 48931.6
-116.6069383219195 36.756706841549 48933.3
-116.60696210737908 36.75670694611297 48935.2
-116.60698591278788 36.756707058333205 48936.9
-116.60700973656913 36.75670718241424 48938.4
-116.60703357606782 36.75670732176187 48940.1
-116.6070574212329 36.75670747087072 48941.8
-116.60708126923504 36.75670762531192 48943.4
-116.6071051157484 36.75670778975312 48945.1
-116.60712896658676 36.75670796871849 48946.5
-116.60715282170835 36.75670816716418 48947.6
-116.6071766942976 36.756708375384704 48948.9
-116.60720059438334 36.7567085814353 48950.4
-116.60722451984005 36.756708773452594 48951.8
-116.60724848125972 36.75670893284315 48953.2
-116.60727245546464 36.75670905192008 48954.1
-116.60729643639304 36.756709123328186 48955.4
-116.60732041784382 36.75670915090769 48957.0
-116.607344421693 36.75670914642142 48957.9
-116.60736843611096 36.756709132167416 48958.3
-116.60739245358488 36.75670911952616 48959.0
-116.60741646676126 36.75670911184776 48960.4
-116.6074404666292 36.75670910421942 48961.6
-116.6074644498708 36.75670909047794 48962.5
-116.60748841212612 36.7567090692132 48963.8
-116.60751235184853 36.756709044489774 48965.1
-116.60753626669094 36.75670902510946 48966.3
-116.60756016504308 36.75670902123121 48967.2
-116.60758405371584 36.756709036784784 48967.6
-116.60760794025715 36.75670906509935 48968.5
-116.60763184095856 36.756709090047785 48970.5
-116.60765577343447 36.75670909192884 48972.1
-116.60767974728832 36.756709057124354 48973.2
-116.60770375570596 36.75670898155846 48974.2
-116.60772782370854 36.756708868270174 48975.4
-116.60775192571823 36.756708747016425 48976.4
-116.60777604990336 36.75670864226123 48977.4
-116.60780019848904 36.75670857629546 48978.4
-116.60782432520249 36.75670857706352 48979.3
-116.60784843108895 36.756708636758006 48980.1
-116.60787250493472 36.75670874499481 48980.9
-116.6078965465299 36.75670888683277 48981.8
-116.60792054523712 36.75670904759612 48982.6
-116.60794452581014 36.756709204774005 48983.1
-116.60796849870871 36.75670934656743 48983.6
-116.60799246862236 36.756709469103264 48984.2
-116.60801645620124 36.75670957231458 48984.9
-116.60804046283204 36.75670966944404 48985.8
-116.60806449371744 36.756709772326005 48986.6
-116.60808855531717 36.756709890604725 48987.1
-116.60811263920966 36.75671003078384 48987.4
-116.60813674413612 36.75671018664279 48987.8
-116.6081608665834 36.75671035384366 48988.3
-116.60818499694793 36.756710525194464 48989.1
-116.6082091340772 36.756710692076254 48990.0
-116.6082332743166 36.75671085117445 48990.5
-116.60825741689447 36.756710998385536 48990.5
-116.60828155615278 36.75671113073725 48990.6
-116.6083056932954 36.756711247297325 48991.1
-116.60832981151864 36.75671135963634 48991.6
-116.60835389062512 36.75671147814507 48991.9
-116.6083779125524 36.75671160997022 48992.2
-116.60840183735712 36.75671175512091 48992.3
-116.6084256770026 36.75671190032128 48992.4
-116.60844943946029 36.75671203101344 48993.1
-116.60847312862528 36.756712131700304 48993.8
-116.6084967867872 36.756712186094816 48994.0
-116.60852043035376 36.7567122016852 48994.0
-116.60854408058516 36.756712184661545 48994.1
-116.60856775415942 36.756712145421325 48994.7
-116.60859146778716 36.756712100458046 48995.2
-116.60861520809264 36.75671206711623 48994.5
-116.60863897617652 36.75671205307688 48994.0
-116.6086627855723 36.75671206084501 48994.4
-116.60868665228377 36.75671209224491 48994.9
-116.6087106006054 36.75671214360133 48994.7
-116.608734651487 36.756712216429136 48994.5
-116.60875881990034 36.75671230752016 48994.5
-116.60878311315864 36.75671240645049 48994.5
-116.60880747623824 36.75671249739101 48994.2
-116.60883182725 36.75671256157344 48994.1
-116.6088560069404 36.75671257519577 48993.9
-116.60887975285851 36.7567124976993 48993.8
-116.60890278051252 36.756712329448085 48993.5
-116.60892473540676 36.75671208532344 48991.7
-116.60894526797516 36.75671181587559 48989.0
