Long Lat Mag_nT
-116.59863890173068 36.758487684657496 48089.4
-116.5986598455494 36.75848843409364 48090.1
-116.59868191468776 36.75848921203221 48090.6
-116.59870521107652 36.758489971099976 48091.3
-116.59872950645276 36.758490686847885 48091.7
-116.59875463310534 36.75849134527913 48091.7
-116.5987804044612 36.75849192451808 48091.2
-116.598806627584 36.758492372161854 48089.9
-116.59883304815186 36.75849266628106 48088.8
-116.59885945139712 36.758492788455634 48088.1
-116.59888567629552 36.75849273534088 48086.9
-116.5989115253782 36.75849250467344 48085.5
-116.59893696689964 36.75849215095593 48083.6
-116.5989618722264 36.75849171527112 48081.6
-116.59898615629828 36.758491241867546 48080.6
-116.59900966020744 36.75849079229385 48079.4
-116.59903246055065 36.758490421012894 48077.9
-116.59905462508368 36.75849016485322 48076.8
-116.59907626721008 36.75849004758912 48075.9
-116.59909752666276 36.75849010089743 48075.2
-116.59911860059132 36.75849030668695 48074.4
-116.59913972037788 36.75849064711039 48073.7
-116.5991610658776 36.758491102861534 48073.3
-116.59918284962852 36.75849166855637 48073.4
-116.599205089519 36.75849230511098 48073.6
-116.59922784045456 36.75849298469412 48074.0
-116.59925109676853 36.75849368004665 48074.4
-116.59927487835492 36.758494354782776 48075.6
-116.5992990690932 36.758494983908655 48077.4
-116.5993235784451 36.75849556265936 48079.8
-116.59934831802292 36.7584960994022 48082.7
-116.59937319980132 36.758496606775374 48086.0
-116.59939810427096 36.758497097981504 48090.5
-116.59942294461284 36.75849756929695 48095.8
-116.59944766047268 36.7584980092184 48101.9
-116.59947217842716 36.75849840823263 48108.3
-116.59949651543668 36.758498765466285 48114.8
-116.59952068939828 36.758499069499095 48122.0
-116.59954473539256 36.75849931272005 48129.3
-116.59956867762295 36.75849948781766 48136.7
-116.59959258509116 36.7584996123614 48144.2
-116.59961646578816 36.75849970316943 48151.9
-116.5996403321357 36.758499779867805 48159.8
-116.5996641958628 36.75849986451805 48167.9
-116.5996880630338 36.758499968603005 48176.3
-116.59971194805073 36.75850008977808 48184.7
-116.59973585838604 36.75850021732585 48193.2
-116.59975979809371 36.75850034301443 48201.4
-116.59978376568004 36.75850045716376 48209.6
-116.5998077635926 36.75850054774867 48217.9
-116.59983179542505 36.75850059883087 48226.2
-116.5998558730732 36.75850059224729 48234.2
-116.59988001383284 36.75850053312235 48241.4
-116.59990420505684 36.75850042475138 48248.5
-116.59992844865488 36.758500273548734 48255.0
-116.59995275715929 36.75850009401557 48261.0
-116.59997712284 36.758499917824665 48266.5
-116.6000015384112 36.758499771081205 48271.0
-116.60002600877176 36.758499673690494 48275.0
-116.60005054321186 36.75849964753248 48278.6
-116.60007510765708 36.75849968262768 48281.9
-116.6000997074812 36.75849977203107 48284.1
-116.60012433167545 36.75849991129726 48286.2
-116.60014895871976 36.75850010418482 48288.3
-116.60017353987467 36.75850034196991 48289.1
-116.60019806130472 36.75850061586043 48289.3
-116.60022250601318 36.75850091162114 48289.3
-116.60024684816234 36.75850120910377 48289.3
-116.60027110200672 36.758501495361415 48288.8
-116.60029527398572 36.758501768355885 48287.5
-116.60031937396836 36.75850203552893 48285.3
-116.60034341792884 36.7585023143049 48282.8
-116.60036743331968 36.75850261682568 48279.9
-116.60039144695648 36.7585029488988 48276.9
-116.6004154870906 36.75850331636264 48274.0
-116.6004395879114 36.758503729434736 48270.9
-116.60046374774596 36.75850417702685 48267.1
-116.60048798739174 36.75850464508834 48262.7
-116.60051231475056 36.75850511746308 48258.4
-116.6005367448802 36.75850556769176 48253.9
-116.60056127839724 36.75850598142396 48249.1
-116.60058589875028 36.758506353932006 48244.3
-116.60061058526902 36.7585066748199 48239.8
-116.60063532083576 36.75850693236576 48235.3
-116.6006600872991 36.75850713892248 48230.8
-116.60068485124764 36.75850730389354 48226.4
-116.6007095945103 36.75850743841176 48221.8
-116.60073429768345 36.75850755232691 48217.5
-116.60075896932612 36.758507659901525 48213.8
-116.60078361148832 36.75850776700052 48210.5
-116.60080823043162 36.75850787336904 48207.5
-116.60083283589186 36.758507982586266 48204.5
-116.60085743507052 36.75850809663184 48201.7
-116.6008820252802 36.75850821523152 48199.2
-116.6009065937634 36.75850833542261 48196.6
-116.60093111127982 36.75850844835513 48194.5
-116.6009555762618 36.75850854546184 48193.1
-116.60097998805507 36.75850862651011 48191.0
-116.60100435812988 36.75850869844124 48189.0
-116.6010287024676 36.75850876637128 48187.8
-116.60105304705344 36.75850882998549 48187.3
-116.6010774053198 36.75850888125185 48187.0
-116.60110178853986 36.758508910011 48186.7
-116.60112621155154 36.7585089112306 48186.3
-116.60115068213544 36.758508889734266 48185.8
-116.60117519989244 36.75850884514343 48185.6
-116.60119976964394 36.75850877972197 48185.5
-116.60122440380653 36.75850870006791 48185.6
-116.60124909364292 36.75850861935876 48185.8
-116.6012738264468 36.75850855012172 48186.0
-116.60129859466566 36.75850850480124 48186.2
-116.60132339101192 36.75850850096844 48186.9
-116.60134817705116 36.75850854382004 48187.8
-116.6013729414792 36.758508638257176 48188.2
-116.60139767651856 36.75850878597583 48188.6
-116.6014223794662 36.75850898586594 48189.5
-116.60144705026242 36.75850921558148 48190.8
-116.6014717007574 36.75850945632581 48191.7
-116.60149633023164 36.75850968581061 48192.5
-116.60152092968572 36.758509872032135 48193.3
-116.6015455206713 36.758510004450905 48194.4
-116.60157009085404 36.75851008355154 48195.5
-116.60159463495594 36.75851011451456 48196.4
-116.60161915180258 36.75851009965741 48197.2
-116.60164367380833 36.7585100531731 48198.3
-116.60166821119476 36.75850998561099 48199.0
-116.60169277936606 36.75850990988776 48199.3
-116.60171739667643 36.75850984370307 48199.8
-116.60174205112916 36.75850980243073 48200.3
-116.60176674072248 36.7585097927473 48200.4
-116.60179146056812 36.758509817305125 48199.8
-116.60181621340216 36.75850987345724 48199.8
-116.60184099641232 36.758509940911615 48200.1
-116.60186582377897 36.75851000188748 48200.3
-116.6018907020427 36.758510043825154 48200.3
-116.60191573533436 36.75851005660993 48200.1
-116.60194071600628 36.758510049708974 48199.6
-116.60196571981643 36.75851003915268 48199.0
-116.60199072486309 36.758510039940894 48197.7
-116.60201570347805 36.758510060925566 48196.6
-116.60204064581636 36.758510092673 48196.0
-116.60206555137276 36.75851011970139 48195.0
-116.60209041322425 36.7585101206653 48194.4
-116.60211521852143 36.75851006522803 48194.4
-116.60213998505375 36.7585099532196 48193.8
-116.60216470156236 36.75850979796028 48192.8
-116.60218936652556 36.758509623723135 48191.7
-116.60221397482572 36.75850947181422 48190.8
-116.60223852276631 36.7585093735408 48189.4
-116.60226302275396 36.75850934616141 48188.0
-116.60228749617114 36.75850939183927 48186.9
-116.60231195792583 36.758509508096346 48185.6
-116.60233641788324 36.7585096768978 48184.3
-116.6023608924597 36.75850989915424 48183.2
-116.60238539581874 36.758510177795166 48182.1
-116.602409933018 36.758510525797554 48181.2
-116.60243448800118 36.75851092639625 48180.2
-116.60245907182204 36.7585113546199 48179.3
-116.60248368303375 36.75851177600448 48178.7
-116.6025083386684 36.758512142565394 48178.2
-116.60253306248028 36.75851243596534 48177.8
-116.60255785074008 36.75851265335534 48177.4
-116.60258269307924 36.75851280365036 48177.1
-116.60260758567244 36.75851289046211 48177.0
-116.60263251458564 36.75851293329296 48177.3
-116.60265745549412 36.75851294640647 48177.3
-116.6026823905676 36.75851294423354 48177.8
-116.6027072971996 36.7585129432551 48178.0
-116.6027321641081 36.75851295303268 48178.3
-116.6027569892466 36.758512976625326 48178.6
-116.60278177396654 36.7585130172646 48179.0
-116.6028065103717 36.758513080769305 48179.4
-116.6028312008696 36.75851316527205 48179.7
-116.6028558463818 36.7585132725444 48180.5
-116.60288045069991 36.75851340632956 48180.9
-116.60290501803853 36.758513583661816 48181.3
-116.60292956129652 36.758513805576776 48182.4
-116.60295410965828 36.758514066691575 48183.2
-116.60297868978614 36.7585143574472 48183.1
-116.60300332393228 36.75851466682076 48182.7
-116.603028010645 36.758514974253664 48182.4
-116.6030527510909 36.758515257308616 48182.2
-116.60307753275715 36.75851549295125 48181.8
-116.60310235819664 36.758515656957925 48181.4
-116.60312722632531 36.75851575930928 48180.5
-116.60315211705624 36.75851581245293 48179.2
-116.60317701728094 36.7585158332532 48177.7
-116.6032019163232 36.758515837193336 48176.3
-116.60322679931032 36.75851584037302 48174.5
-116.6032516576992 36.75851584489629 48172.7
-116.6032764855026 36.75851584639848 48171.4
-116.60330127132409 36.75851584234088 48170.1
-116.60332601976144 36.758515836548746 48168.7
-116.60335073592506 36.75851583004207 48167.6
-116.6033754328494 36.75851582532445 48166.7
-116.60340012152687 36.75851583386952 48166.3
-116.60342480219715 36.75851586404354 48166.1
-116.60344947338652 36.75851591914408 48166.4
-116.60347413436706 36.758515995239925 48166.9
-116.6034987797111 36.75851608925844 48167.6
-116.6035234166322 36.75851619284435 48168.8
-116.60354807111824 36.75851630133678 48170.5
-116.60357277871891 36.7585164108623 48172.5
-116.60359758970166 36.7585165239515 48174.6
-116.60362250565927 36.75851665120919 48176.7
-116.60364751118604 36.75851679944606 48178.9
-116.60367255578758 36.75851696647479 48181.6
-116.60369749985864 36.75851713662271 48184.2
-116.60372215387017 36.75851727429508 48186.7
-116.60374627089725 36.75851733010526 48189.5
-116.60376952317031 36.758517234480735 48192.6
-116.60379134736732 36.75851683708861 48195.6
-116.60389667429044 36.758391845949134 48206.9
-116.60389397520728 36.75837407756863 48220.8
-116.60389145807385 36.7583555752444 48221.6
-116.60388929438214 36.758336470492566 48222.3
-116.60388745179236 36.7583171852397 48223.4
-116.60388583725236 36.75829803611848 48225.5
-116.60388431398482 36.75827944641148 48228.3
-116.6037406490427 36.75818226771487 48229.8
-116.6037199322504 36.7581847447464 48226.2
-116.60369805960856 36.75818719515208 48222.9
-116.60367509442368 36.75818948183537 48219.9
-116.60365106883256 36.7581914745313 48216.6
-116.6036263947744 36.75819318432119 48213.2
-116.60360124196552 36.758194655544855 48211.4
-116.6035758233732 36.75819594564123 48209.8
-116.60355039487048 36.758197101466 48207.0
-116.60352520053212 36.75819819142664 48203.7
-116.60350042103995 36.75819924166273 48200.6
-116.6034762485041 36.75820025559646 48197.8
-116.6034529667656 36.75820121347478 48195.0
-116.60343053406876 36.758202087715325 48193.1
-116.60340889484556 36.75820283524026 48191.6
-116.6033879005262 36.75820341133113 48189.2
-116.60336742252773 36.7582037217273 48187.0
-116.60334722932264 36.75820375221758 48184.3
-116.6033270490298 36.75820349823435 48181.6
-116.60330662459752 36.75820297287534 48179.7
-116.6032856767257 36.75820217162048 48179.1
-116.60326413187856 36.75820118944014 48178.8
-116.603241860695 36.758200105832046 48178.5
-116.6032188482261 36.75819900717829 48177.6
-116.60319503024864 36.758197999894456 48177.4
-116.6031705816904 36.758197145878725 48178.4
-116.6031456668103 36.758196485864254 48179.5
-116.60312046687632 36.75819604937097 48180.7
-116.60309511336536 36.758195895047 48180.7
-116.6030697299904 36.75819598371074 48180.0
-116.60304447369364 36.75819627947456 48179.3
-116.60301945191792 36.75819672974934 48178.6
-116.60299478651778 36.75819727851202 48177.0
-116.6029704865429 36.75819785005153 48175.8
-116.60294658758468 36.75819840315148 48175.4
-116.60292307380288 36.75819891132597 48175.8
-116.60289993065798 36.75819934548223 48175.5
-116.60287701708324 36.75819968707362 48174.8
-116.60285421252615 36.75819990548664 48174.6
-116.60283139514044 36.75819997449828 48175.2
-116.60280845794608 36.75819985921194 48175.9
-116.60278536612223 36.758199596608975 48176.6
-116.60276204744792 36.7581992206257 48177.2
-116.6027384848894 36.75819877249056 48178.6
-116.6027146674773 36.75819829309765 48179.7
-116.60269065709984 36.75819782405896 48180.5
-116.60266648072113 36.75819739603188 48181.3
-116.60264218343325 36.75819703471228 48182.2
-116.60261768355129 36.758196771061804 48182.8
-116.60259320184711 36.758196598844805 48184.4
-116.60256868114456 36.75819651292307 48185.3
-116.602544150416 36.758196504494734 48185.6
-116.60251961308356 36.758196567255126 48185.8
-116.60249509689136 36.75819667099656 48185.3
-116.60247062772412 36.75819680306682 48185.5
-116.60244621695404 36.758196953756425 48186.3
-116.60242186921592 36.75819711529204 48186.6
-116.60239756407684 36.75819727621218 48187.0
-116.60237327875748 36.75819742885747 48188.1
-116.60234899235871 36.75819757023534 48189.3
-116.60232468816832 36.75819771358397 48190.7
-116.60230036111824 36.758197871275215 48191.6
-116.60227601375595 36.758198040575095 48192.8
-116.60225164857113 36.758198207940886 48194.0
-116.60222728004342 36.75819835597887 48194.6
-116.60220292357992 36.75819848477518 48195.8
-116.60217857271078 36.75819860738572 48197.0
-116.60215422105824 36.75819874317033 48197.9
-116.60212983904442 36.75819892171224 48198.5
-116.60210541356427 36.75819915402798 48198.9
-116.60208095303884 36.7581994327873 48199.6
-116.60205647218072 36.75819974201398 48199.7
-116.60203197869372 36.75820006621517 48199.1
-116.60200749397868 36.758200381006894 48198.6
-116.60198304684972 36.758200674419314 48197.1
-116.60195866020392 36.75820094252232 48195.3
-116.6019343558364 36.75820118188673 48192.8
-116.60191009995349 36.758201413877714 48190.4
-116.60188585532724 36.7582016542686 48188.2
-116.6018615953054 36.75820190549615 48185.5
-116.60183728634932 36.7582021528795 48182.5
-116.60181292790816 36.75820237683702 48179.6
-116.60178852450724 36.75820256239291 48177.4
-116.60176408322424 36.758202706705525 48174.8
-116.6017396269874 36.75820280850576 48172.3
-116.601715178983 36.75820287530377 48169.9
-116.60169074789378 36.75820290918556 48167.5
-116.6016663387525 36.75820291232217 48165.6
-116.601641960277 36.75820288548104 48163.9
-116.60161759353444 36.758202842731855 48161.9
-116.60159321560816 36.758202794233846 48160.5
-116.60156881907577 36.758202751743056 48160.0
-116.60154439134608 36.75820273685289 48159.1
-116.60151992606256 36.758202757892505 48158.5
-116.60149542225494 36.758202823116 48158.5
-116.60147089001836 36.758202938875165 48159.3
-116.60144632828889 36.75820311593248 48159.6
-116.60142175970556 36.75820333464672 48160.3
-116.6013972150623 36.75820357148367 48161.6
-116.6013727144508 36.75820380587878 48163.4
-116.60134828724571 36.75820401855084 48165.5
-116.60132392681336 36.7582042110993 48167.4
-116.6012996124548 36.75820438310011 48169.8
-116.60127530206364 36.758204530843805 48172.3
-116.60125096373 36.758204637091225 48175.9
-116.6012265906864 36.75820469113848 48180.2
-116.60120217773016 36.75820468805521 48184.0
-116.60117771770538 36.75820463584164 48187.6
-116.6011532092698 36.75820454270595 48191.2
-116.60112866013124 36.75820443394144 48195.3
-116.60110407709024 36.75820433119157 48199.1
-116.60107947867982 36.758204253256615 48202.4
-116.60105487171244 36.75820422619675 48205.2
-116.601030270055 36.75820425840518 48208.1
-116.6010056912436 36.758204356683805 48211.8
-116.60098115351876 36.758204522324505 48215.7
-116.6009566436705 36.75820475613602 48219.6
-116.60093215053622 36.75820502483775 48222.8
-116.6009076676496 36.75820529951678 48225.4
-116.60088317221889 36.75820555338487 48227.5
-116.60085864408316 36.758205763494864 48230.4
-116.6008340723993 36.75820593089201 48233.9
-116.60080944871424 36.75820606627932 48237.1
-116.60078477858552 36.7582061933478 48239.8
-116.60076006539792 36.7582063340444 48242.3
-116.60073532739716 36.758206492139934 48245.6
-116.60071057865412 36.75820667011864 48248.9
-116.6006858231283 36.75820686963687 48251.6
-116.60066105033394 36.75820707910423 48254.5
-116.60063627058794 36.75820727420116 48257.0
-116.6006114990248 36.75820743750042 48259.3
-116.60058674736858 36.75820755735663 48262.1
-116.60056204873509 36.75820761423552 48265.0
-116.6005374170568 36.75820760793352 48268.4
-116.60051285954324 36.75820753971912 48272.3
-116.60048836476238 36.75820741606852 48275.8
-116.6004639226605 36.758207235081485 48278.7
-116.6004394854126 36.75820700556085 48281.0
-116.60041501015807 36.75820673669238 48283.4
-116.60039046242083 36.75820644373077 48285.2
-116.60036581937456 36.758206144138576 48287.3
-116.60034110262104 36.75820585480663 48290.0
-116.60031634310634 36.75820558662789 48292.8
-116.60029157203856 36.758205348337626 48294.0
-116.60026679814592 36.75820515218855 48294.1
-116.6002420314584 36.75820498914759 48294.0
-116.60021728111128 36.758204855679125 48294.1
-116.60019255987972 36.75820475157869 48294.0
-116.6001678839527 36.758204679803626 48293.6
-116.60014325715488 36.75820462442156 48293.6
-116.60011867471476 36.758204568294616 48293.1
-116.60009411146044 36.7582044917918 48290.8
-116.6000695547028 36.758204364924325 48286.7
-116.60004500802856 36.7582041832598 48280.3
-116.60002048229632 36.75820395126189 48274.9
-116.5999959957818 36.758203678869954 48272.6
-116.59997158921377 36.75820338172412 48268.2
-116.59994724459808 36.75820308410954 48262.9
-116.5999229290812 36.75820279580094 48258.0
-116.59989859868335 36.75820251760816 48252.2
-116.59987418551133 36.758202247389626 48246.0
-116.5998496497646 36.75820198935315 48240.4
-116.59982496042996 36.75820175143694 48234.4
-116.5998001174644 36.7582015407996 48227.4
-116.59977511096558 36.75820137299284 48220.3
-116.59974999247284 36.75820125099004 48213.5
-116.59972480800776 36.75820117528746 48206.4
-116.59969961223388 36.75820114147128 48198.8
-116.5996744536414 36.758201149508174 48190.8
-116.59964936684617 36.75820118609206 48183.0
-116.59962437556068 36.758201246819205 48175.9
-116.59959948820692 36.7582013291762 48169.1
-116.59957469740708 36.75820143200034 48161.4
-116.59954996954924 36.75820154354 48154.0
-116.59952528740034 36.758201652507935 48146.9
-116.599500632643 36.758201744620585 48140.1
-116.59947601169972 36.758201799199455 48133.9
-116.59945142949378 36.75820181241668 48128.1
-116.59942689058188 36.758201784774826 48123.3
-116.59940239553252 36.7582017276506 48118.9
-116.5993779413863 36.758201662111794 48114.3
-116.59935349081466 36.7582016181343 48110.6
-116.59932902369128 36.7582016139688 48107.9
-116.59930454087468 36.758201653196885 48105.4
-116.5992800398934 36.75820172318016 48104.1
-116.59925553132024 36.758201795642506 48103.2
-116.59923101644335 36.75820185347457 48102.6
-116.59920648547282 36.758201880523096 48102.9
-116.59918194199425 36.75820185940968 48103.3
-116.59915738787797 36.75820179852565 48104.4
-116.59913281167124 36.75820171865614 48106.4
-116.59910820957138 36.75820165179592 48109.2
-116.59908355981716 36.75820163895535 48112.7
-116.59905885864072 36.758201691061366 48116.6
-116.59903412232909 36.7582018016873 48118.7
-116.59900937206416 36.75820195057753 48121.6
-116.5989846263287 36.75820211630463 48125.5
-116.59895989985338 36.75820227622546 48130.9
-116.59893519241793 36.75820241197187 48137.3
-116.59891048291628 36.75820251058488 48143.2
-116.59888575087588 36.758202558593325 48146.6
-116.59886097383416 36.75820256738752 48151.1
-116.59883612065548 36.75820255042717 48156.7
-116.59881116351606 36.758202520336624 48162.0
-116.59878605995432 36.75820248046352 48165.7
-116.59876082125888 36.75820243089839 48166.3
-116.59873547531076 36.75820237663453 48169.5
-116.59871009357384 36.75820233930176 48175.5
-116.59868468584366 36.75820237063 48180.3
-116.59865958666632 36.758202506409646 48182.9
-116.59863488100004 36.758202771955126 48186.6
-116.59861084418912 36.75820317004801 48188.8
-116.59845478834194 36.758102401256885 48198.3
-116.59845708829108 36.75808474708455 48229.3
-116.59845932522316 36.758065945791934 48237.7
-116.5984612940138 36.75804620592941 48245.7
-116.59846276964711 36.75802557189508 48253.1
-116.59846372910197 36.75800458858356 48261.3
-116.5984641684058 36.75798371786154 48270.2
-116.59846416204978 36.75796348825107 48278.9
-116.59846381885336 36.75794451761716 48285.6
-116.598575459962 36.75785584803018 48301.6
-116.59859479108056 36.75785782949 48319.2
-116.59861523674556 36.757859799894966 48317.7
-116.59863694860148 36.75786156729063 48316.3
-116.59865960512148 36.75786306462584 48315.1
-116.59868306477604 36.75786426720816 48313.6
-116.59870715535588 36.75786519163942 48312.1
-116.59873192494886 36.75786584239172 48310.5
-116.5987570975914 36.75786630732373 48308.3
-116.59878251794032 36.75786662467293 48305.9
-116.5988080263434 36.75786682381388 48304.0
-116.5988335066728 36.75786690802217 48302.5
-116.59885883336264 36.75786690945706 48300.4
-116.59888392835045 36.75786683958447 48298.4
-116.5989087452744 36.75786671198637 48296.6
-116.5989332720488 36.75786654769109 48294.6
-116.59895758754904 36.75786638488422 48293.6
-116.59898175542348 36.75786624655648 48292.3
-116.59900585879736 36.75786614692333 48291.0
-116.59902995803812 36.7578661046342 48289.8
-116.59905411399168 36.75786611962869 48288.8
-116.59907835552548 36.75786619949788 48287.2
-116.59910270066077 36.75786634795586 48285.7
-116.5991271097538 36.757866573961735 48283.1
-116.59915153478954 36.757866849501376 48280.7
-116.59917593381574 36.75786714123028 48279.2
-116.5992002491056 36.75786740620622 48277.6
-116.59922444893355 36.75786758907891 48276.1
-116.59924852400246 36.75786767927768 48274.6
-116.59927247279504 36.75786767962138 48273.1
-116.59929631041192 36.75786760973968 48272.2
-116.59932008901892 36.75786750090581 48271.4
-116.59934385317376 36.75786740653876 48270.1
-116.59936763790212 36.75786736499502 48268.9
-116.5993914892578 36.7578674007235 48267.8
-116.59941539969708 36.75786753363472 48266.6
-116.59943937130392 36.7578677310586 48265.9
-116.59946340398926 36.7578679671846 48266.2
-116.59948749452644 36.75786821563391 48265.9
-116.59951165784692 36.7578684468532 48266.0
-116.5995358894518 36.757868642230186 48266.6
-116.59956018183456 36.75786879142332 48266.8
-116.59958450589208 36.75786888743681 48267.4
-116.59960885608004 36.75786892558285 48268.4
-116.59963319301252 36.75786893122948 48269.5
-116.59965750198756 36.75786891945901 48271.3
-116.5996817870394 36.75786889868252 48273.7
-116.5997060821184 36.7578688696152 48276.3
-116.59973042785391 36.757868829112745 48279.4
-116.5997548565692 36.75786876943061 48282.6
-116.599779384929 36.75786868148157 48285.5
-116.59980405268472 36.75786855641706 48289.3
-116.59982882049891 36.75786841152664 48292.6
-116.59985365316028 36.75786826236545 48296.2
-116.59987851893864 36.75786811866293 48299.8
-116.59990337382928 36.757867989246726 48303.6
-116.59992818635924 36.75786787727267 48307.4
-116.59995294006 36.75786778351658 48310.9
-116.59997763453156 36.757867704721086 48314.7
-116.60000226067736 36.75786764762732 48318.6
-116.60002683148944 36.75786762222747 48322.2
-116.60005135652948 36.75786763209684 48325.5
-116.60007585119097 36.757867673151445 48328.6
-116.6001003111231 36.75786773466672 48331.5
-116.60012474781291 36.75786779631986 48334.2
-116.6001491588232 36.757867845082885 48337.0
-116.60017353260864 36.75786787185853 48339.9
-116.6001978662112 36.75786786874056 48341.8
-116.60022215863847 36.75786785001325 48343.1
-116.60024640123892 36.75786783530374 48344.6
-116.60027060648912 36.75786784846111 48345.6
-116.60029475885028 36.757867927612246 48346.7
-116.6003188843114 36.75786807987737 48347.5
-116.60034300064132 36.75786830582449 48347.9
-116.60036712894684 36.75786859627597 48348.5
-116.60039125626248 36.757868942782686 48348.8
-116.60041539340264 36.75786931125079 48348.2
-116.6004395461872 36.757869669505794 48347.7
-116.60046369817124 36.757869988703234 48346.9
-116.60048786076572 36.757870243892064 48345.3
-116.60051201730704 36.75787045308751 48343.2
-116.60053615677316 36.7578706358005 48340.8
-116.60056027655476 36.757870811317645 48338.2
-116.60058436702748 36.75787099285496 48335.3
-116.60060842649712 36.75787118057527 48332.0
-116.60063245098848 36.75787136952278 48327.7
-116.60065643199448 36.75787155598753 48322.9
-116.600680368555 36.75787172988711 48318.6
-116.6007042976875 36.75787188235108 48314.1
-116.6007282623402 36.757872011065054 48309.2
-116.60075231947955 36.75787211708104 48304.0
-116.6007765566732 36.75787220446843 48298.5
-116.60080098267616 36.75787227742502 48292.6
-116.60082560570082 36.757872335273554 48286.5
-116.60085040641374 36.757872378011065 48279.4
-116.60087537159436 36.75787240635727 48272.2
-116.60090042458332 36.75787242233702 48264.9
-116.60092551055553 36.75787242003896 48257.2
-116.60095057031585 36.75787239152328 48249.9
-116.60097555745176 36.75787233109781 48243.0
-116.60100044685964 36.757872256818686 48236.0
-116.60102522056744 36.757872193332496 48228.7
-116.6010498890719 36.757872169890135 48221.8
-116.60107441932944 36.757872232673584 48214.9
-116.601098852834 36.75787238964903 48207.9
-116.60112322075403 36.75787263794224 48201.6
-116.60114756274344 36.757872958520416 48195.5
-116.60117190615814 36.75787332124139 48189.4
-116.60119630363847 36.75787368215531 48183.4
-116.60122078020076 36.7578740184431 48177.4
-116.6012453272786 36.75787431656734 48172.1
-116.60126995448977 36.75787456282814 48167.0
-116.6012946163443 36.75787476726057 48161.9
-116.60131928643068 36.75787493507588 48157.4
-116.60134394615784 36.7578750686822 48153.9
-116.60136860565773 36.75787516315785 48151.2
-116.60139327233212 36.75787522674869 48148.8
-116.60141795793731 36.75787526011944 48146.9
-116.60144266586872 36.757875263119054 48145.6
-116.6014675123358 36.757875232376485 48144.7
-116.60149228183867 36.757875185055326 48143.9
-116.60151706051434 36.757875140812224 48143.5
-116.60154184436404 36.757875119860834 48143.0
-116.6015665872585 36.75787514535657 48142.5
-116.60159129097536 36.75787520969486 48142.7
-116.60161595505907 36.75787530457488 48144.2
-116.6016405902438 36.757875421375566 48145.9
-116.60166520477084 36.75787555280673 48147.9
-116.60168982764536 36.75787568876831 48150.2
-116.60171446651266 36.75787582539122 48152.2
-116.60173911301584 36.757875959757655 48153.5
-116.60176374665872 36.75787607813548 48155.4
-116.60178834756736 36.757876163372615 48157.8
-116.601812908725 36.75787620506711 48160.1
-116.60183742859492 36.7578762067547 48162.0
-116.60186193273576 36.75787618187183 48163.8
-116.60188642484728 36.75787615808876 48165.7
-116.60191090691752 36.757876150924986 48167.2
-116.60193538181312 36.757876166397054 48168.3
-116.60195982797715 36.7578762048252 48168.7
-116.60198424826352 36.75787625449144 48169.3
-116.60200863498008 36.75787630686223 48170.2
-116.60203298685305 36.75787635520564 48170.6
-116.60205731511272 36.757876396066095 48170.5
-116.60208163471135 36.75787643458624 48170.4
-116.60210595339572 36.7578764803231 48170.0
-116.6021302792132 36.75787654381176 48169.1
-116.60215459982028 36.75787663081744 48168.1
-116.60217892004997 36.75787673233008 48167.2
-116.60220324602228 36.7578768373661 48166.0
-116.60222759098104 36.757876934058686 48165.0
-116.602252009168 36.75787700105256 48163.9
-116.60227652847988 36.75787701967301 48162.7
-116.60230117440253 36.757876969699566 48162.0
-116.60232593357986 36.75787684076073 48161.1
-116.6023508430298 36.75787662234279 48159.5
-116.6023758146596 36.757876342716656 48157.9
-116.60240079782704 36.757876018777736 48156.3
-116.60242574001003 36.75787566575506 48154.9
-116.60245060305856 36.75787528934041 48153.9
-116.6024753714176 36.7578749010378 48153.0
-116.60250003613652 36.7578745146205 48151.6
-116.60252460716656 36.757874149998685 48149.8
-116.60254906256668 36.75787384240391 48147.7
-116.60257345651962 36.75787360571668 48146.0
-116.6025978258444 36.75787344484073 48144.2
-116.6026222279376 36.75787334951368 48142.3
-116.60264668407748 36.75787330885522 48140.6
-116.60267122124384 36.75787329028616 48139.2
-116.60269584155276 36.757873274684336 48137.6
-116.60272053385329 36.75787325088464 48136.0
-116.60274530322722 36.75787321479078 48134.5
-116.60277012582353 36.75787317877067 48133.3
-116.60279499282896 36.75787315909661 48132.6
-116.60281990866169 36.757873168971294 48131.9
-116.6028448467313 36.757873229595525 48130.9
-116.60286980834069 36.7578733352373 48130.6
-116.6028947941765 36.75787347611499 48131.0
-116.60291980552904 36.75787363641852 48131.9
-116.6029448378437 36.75787380086343 48132.9
-116.6029698758131 36.75787395380344 48134.2
-116.6029949032646 36.757874086574105 48135.8
-116.60301990738948 36.75787419855185 48137.1
-116.60304488991864 36.75787429501671 48138.8
-116.60306984724272 36.75787439193801 48140.7
-116.60309477804898 36.75787449815198 48142.7
-116.60311968391672 36.75787461383029 48144.6
-116.60314455772468 36.75787473429151 48146.4
-116.6031694117743 36.757874845740666 48148.0
-116.60319425602152 36.7578749331577 48149.6
-116.60321909089392 36.75787498340991 48151.5
-116.60324395404386 36.7578749809222 48153.2
-116.6032688392986 36.75787494175433 48154.8
-116.60329374850568 36.757874881304566 48156.6
-116.60331868819765 36.75787481932919 48158.5
-116.60334365470504 36.75787478745678 48160.5
-116.60336864013424 36.757874806441336 48162.0
-116.60339363538834 36.75787489044647 48163.3
-116.60341864943877 36.75787504445947 48165.0
-116.60344364454546 36.757875271815806 48167.3
-116.60346864344136 36.75787553868389 48169.9
-116.6034936574384 36.75787582160021 48172.6
-116.60351869609676 36.75787610104917 48175.6
-116.6035437926152 36.75787636383546 48178.6
-116.60356895422808 36.75787661506688 48181.7
-116.60359419294583 36.75787686911789 48184.6
-116.60361951321178 36.757877144102174 48187.4
-116.6036448491012 36.757877463539366 48189.8
-116.60367010281432 36.75787781766547 48192.0
-116.60369513337504 36.75787818210291 48194.1
-116.60371971537587 36.75787851660575 48196.3
-116.60374342689704 36.7578787375371 48197.7
-116.60376598499192 36.75787877124332 48197.6
-116.603882381839 36.75776693124897 48201.5
-116.60387984184248 36.75774979042832 48202.7
-116.60387740705944 36.75773158046996 48200.9
-116.60387531427602 36.75771273596042 48201.3
-116.60387363376329 36.75769347048654 48203.3
-116.60387235100548 36.75767411133671 48205.9
-116.60387134650097 36.75765516319425 48208.0
-116.6037220956816 36.7575556891808 48214.5
-116.60370074261014 36.757557709336645 48222.3
-116.6036782546178 36.75755961878962 48218.8
-116.60365458202996 36.75756131199389 48216.4
-116.60363019762752 36.75756273840474 48215.3
-116.60360526203424 36.757563910389365 48212.7
-116.60357997385854 36.757564846032565 48208.8
-116.60355445506094 36.757565556877 48205.2
-116.60352896715514 36.75756609435961 48202.1
-116.60350354585644 36.757566504716095 48199.3
-116.60347824008612 36.7575668200353 48196.7
-116.60345308101554 36.75756705895006 48194.6
-116.60342811239596 36.7575672474151 48192.5
-116.60340333921746 36.75756740733916 48189.8
-116.60337878381227 36.757567555919664 48187.0
-116.6033545036898 36.75756770200207 48184.7
-116.60333049891652 36.75756784457771 48182.9
-116.60330676969276 36.757567976354245 48180.3
-116.60328329521312 36.75756808056188 48177.5
-116.60326003398936 36.75756812694439 48174.8
-116.60323692567566 36.75756810157395 48171.8
-116.6032138665162 36.757568002989856 48168.8
-116.60319076985164 36.757567832744726 48166.1
-116.603167518397 36.757567591622056 48163.3
-116.6031440881506 36.75756730405875 48161.2
-116.60312043780162 36.75756699352958 48158.5
-116.6030965697959 36.75756667770861 48155.7
-116.60307249374608 36.7575663733479 48152.9
-116.60304816489622 36.75756608266951 48150.0
-116.60302383301276 36.75756580374195 48147.1
-116.60299944173642 36.7575655348986 48144.4
-116.60297502710276 36.75756527881788 48141.5
-116.6029506120636 36.75756503767687 48138.6
-116.6029262152989 36.75756481517318 48135.6
-116.60290185350424 36.7575646129441 48132.9
-116.60287755969492 36.757564432881566 48130.6
-116.60285332604651 36.75756426977115 48128.6
-116.60282914647436 36.757564115613526 48126.4
-116.60280500638451 36.757563964814096 48124.2
-116.60278088978944 36.75756382014973 48122.1
-116.60275677074358 36.75756368333067 48120.8
-116.60273263684442 36.75756355693738 48120.0
-116.6027084808632 36.75756344213087 48119.3
-116.602684298738 36.75756333571776 48119.2
-116.60266008698056 36.7575632356039 48119.4
-116.6026358370907 36.757563141351085 48120.6
-116.60261153929316 36.75756305228028 48122.0
-116.60258717951292 36.75756296664048 48123.6
-116.60256276285884 36.757562882109134 48125.5
-116.60253829956704 36.75756279888159 48127.3
-116.60251380252735 36.75756271766652 48129.9
-116.6024892858172 36.75756263793166 48133.3
-116.6024647702858 36.75756255295127 48137.0
-116.60244027391704 36.75756245791301 48140.7
-116.6024158107899 36.75756234828662 48144.3
-116.60239139550843 36.75756222219599 48148.4
-116.60236703100952 36.757562083908695 48152.5
-116.60234270444776 36.75756193504732 48155.7
-116.60231840822446 36.757561775432045 48159.4
-116.60229413725772 36.75756160458286 48163.4
-116.60226989516713 36.757561429372736 48166.9
-116.60224567308876 36.757561262681605 48170.5
-116.60222145785036 36.75756112705894 48174.8
-116.60219724850909 36.75756105160104 48178.7
-116.60217299446536 36.75756103547685 48182.2
-116.60214870144264 36.757561066570815 48185.2
-116.60212436599262 36.75756113609228 48188.7
-116.60209999412562 36.7575612375643 48192.8
-116.60207559023836 36.75756136265629 48197.6
-116.60205117270397 36.75756151187654 48201.9
-116.60202675081425 36.7575616879936 48205.8
-116.60200233445934 36.75756189037494 48208.4
-116.60197790510016 36.757562103066 48210.9
-116.60195345784209 36.757562300047205 48213.1
-116.60192898537376 36.75756245335616 48215.1
-116.60190445757326 36.75756253183335 48217.3
-116.60187991366875 36.75756253060816 48220.1
-116.60185533874372 36.75756245750242 48222.6
-116.60183073639628 36.75756233021367 48225.1
-116.60180610040145 36.75756216710893 48226.5
-116.60178144388932 36.757561991928206 48227.6
-116.6017567532908 36.757561826974246 48229.0
-116.60173202858988 36.757561685067714 48230.2
-116.60170728057396 36.757561571693245 48230.2
-116.60168252375568 36.75756147924567 48230.3
-116.60165780486912 36.75756140092311 48231.5
-116.60163317211855 36.75756133463362 48232.7
-116.60160870451892 36.75756128765239 48234.4
-116.60158442049962 36.7575612616886 48236.2
-116.60156034891584 36.7575612549716 48237.8
-116.6015364934892 36.75756126468019 48239.5
-116.60151281336192 36.757561287828736 48240.6
-116.601489149707 36.75756132391315 48240.9
-116.6014653874722 36.75756137547554 48241.4
-116.60144146979977 36.75756144077315 48242.4
-116.60141736554831 36.75756151611145 48243.7
-116.60139311176847 36.75756159413823 48246.0
-116.60136874899464 36.757561669884666 48248.6
-116.60134431384216 36.75756174046048 48251.1
-116.60131983859849 36.75756180559242 48254.3
-116.60129535863152 36.757561870996206 48258.0
-116.60127088513735 36.757561935288805 48262.2
-116.60124642694684 36.75756198932666 48266.2
-116.60122198427948 36.75756202411827 48270.4
-116.60119755697954 36.757562037787125 48275.1
-116.6011731353192 36.757562032766366 48280.0
-116.60114870950147 36.75756201559806 48285.9
-116.6011242639142 36.75756199370635 48292.7
-116.60109978495116 36.757561972081525 48298.7
-116.60107525879954 36.75756195714741 48305.1
-116.60105066979142 36.757561951842206 48311.3
-116.60102600866011 36.75756195936291 48317.1
-116.60100128279012 36.757561985216334 48322.7
-116.60097651729212 36.75756203144067 48328.9
-116.600951734273 36.75756209603993 48336.0
-116.60092695363689 36.75756216956872 48342.6
-116.60090219283292 36.75756223274052 48348.9
-116.60087745727164 36.757562275511134 48354.2
-116.60085274618694 36.75756229121135 48360.0
-116.60082805985844 36.757562281419126 48365.9
-116.60080340750802 36.75756225919182 48371.8
-116.60077878788948 36.75756223029535 48377.7
-116.60075421096064 36.75756219367722 48383.5
-116.6007296750148 36.757562140570734 48389.2
-116.60070517641252 36.75756206428753 48393.7
-116.60068069782952 36.757561963254496 48398.0
-116.60065622716118 36.75756183901036 48402.2
-116.60063175338324 36.75756169517437 48406.8
-116.60060727780252 36.75756153686124 48410.9
-116.60058278920772 36.75756136678144 48414.1
-116.60055828459232 36.75756118797482 48416.8
-116.60053377010615 36.757561012468486 48418.9
-116.60050924756082 36.75756084499166 48421.1
-116.60048473087625 36.757560690886685 48423.9
-116.60046023853532 36.75756055839736 48425.5
-116.60043580288357 36.75756045507355 48426.6
-116.60041141248902 36.75756037523764 48427.8
-116.60038707033118 36.75756031103486 48428.4
-116.60036274914576 36.75756025644769 48428.8
-116.60033837141 36.75756020936026 48429.0
-116.6003138909346 36.75756016630528 48429.5
-116.60028930626667 36.75756012512485 48429.6
-116.60026463545192 36.75756008656519 48429.2
-116.60023990699096 36.7575600580474 48428.5
-116.60021515104393 36.757560050320976 48427.8
-116.6001903948446 36.75756006551032 48427.0
-116.600165659274 36.75756010222603 48426.5
-116.60014096420883 36.75756016060711 48426.2
-116.60011629691506 36.7575602338231 48425.1
-116.60009165737225 36.757560313361566 48423.1
-116.6000670349642 36.7575603909124 48421.3
-116.6000424182778 36.757560457356384 48419.6
-116.60001780423976 36.75756051278789 48417.5
-116.59999318088956 36.7575605623995 48415.1
-116.59996854375872 36.75756061277552 48413.6
-116.5999438878584 36.757560671008505 48412.3
-116.59991920786304 36.75756073344407 48410.7
-116.59989450835543 36.757560792477285 48408.4
-116.59986979792782 36.757560843844 48406.1
-116.59984509334542 36.75756089475147 48403.8
-116.59982040348991 36.75756097015568 48401.1
-116.59979573359986 36.75756109280344 48399.4
-116.59977108199011 36.75756128147409 48397.9
-116.59974645824332 36.75756155418996 48396.6
-116.5997218161862 36.75756189569892 48395.3
-116.5996971802158 36.75756228456796 48394.3
-116.59967256537092 36.7575626974694 48393.4
-116.59964799687356 36.757563101447424 48392.6
-116.599623512806 36.757563458008526 48391.7
-116.5995991159432 36.757563747672805 48390.4
-116.59957479575324 36.75756395817888 48390.4
-116.59955050407822 36.75756407110184 48389.6
-116.59952624584189 36.75756409657473 48388.2
-116.5995019719568 36.75756405542453 48388.6
-116.5994776592464 36.75756398204718 48390.3
-116.5994532820572 36.75756392724127 48391.7
-116.59942881511304 36.75756392597011 48392.6
-116.599404276833 36.75756399601848 48393.5
-116.59937968148796 36.7575641466179 48394.1
-116.5993550555974 36.7575643826514 48395.1
-116.59933038326228 36.75756468494115 48395.8
-116.59930570290592 36.75756503115496 48395.6
-116.59928103237354 36.757565391933774 48395.9
-116.59925638447793 36.757565719486415 48397.6
-116.59923180436344 36.75756598695647 48399.0
-116.5992072871265 36.75756618864393 48399.1
-116.59918282984992 36.75756632365028 48399.8
-116.59915840185586 36.75756638946672 48400.0
-116.59913390580604 36.75756638516859 48400.1
-116.59910950533146 36.7575663195092 48400.8
-116.59908509078996 36.757566206404846 48401.6
-116.59906063838233 36.75756605973604 48403.1
-116.59903616057856 36.757565906222105 48403.8
-116.59901165786336 36.75756576661369 48404.4
-116.59898713205096 36.75756565257187 48405.0
-116.59896257953456 36.75756557444895 48405.5
-116.59893796929916 36.75756553227984 48406.1
-116.5989132983764 36.75756552598216 48406.2
-116.59888855241216 36.75756555423137 48406.8
-116.59886371230898 36.75756561077263 48407.6
-116.59883877297406 36.75756567336883 48408.6
-116.5988137422232 36.75756572248528 48408.9
-116.59878862089724 36.75756575721736 48408.8
-116.59876341103852 36.75756578993085 48408.7
-116.59873815997456 36.75756584974664 48409.3
-116.5987129502951 36.7575659728555 48409.7
-116.59868790949116 36.757566196996684 48409.4
-116.59866333847016 36.75756656952865 48409.3
-116.59863940151234 36.757567093341855 48410.7
-116.5986164224431 36.75756774443718 48412.6
-116.59859470707885 36.75756845644697 48414.4
-116.59847671830153 36.75744591437796 48415.7
-116.59847872018416 36.757426570954166 48420.0
-116.59848067036164 36.757406396151225 48421.5
-116.59848242427856 36.75738567366232 48425.2
-116.59848381438692 36.75736482885562 48427.8
-116.5984847893944 36.757344203394666 48428.6
-116.59848535154536 36.757324257664784 48428.2
-116.59864362880516 36.75722252088576 48429.2
-116.59866594577284 36.75722429322602 48430.0
-116.5986894685838 36.757225783296974 48428.7
-116.59871391488436 36.75722695671328 48427.2
-116.59873910638755 36.75722780937892 48426.7
-116.59876484242452 36.75722833117981 48427.3
-116.5987909815674 36.75722860384953 48427.1
-116.59881723802978 36.7572286847912 48425.2
-116.59884344017792 36.75722861820587 48424.6
-116.59886938264624 36.75722843704552 48425.1
-116.59889502001108 36.75722818934875 48424.8
-116.59892027821064 36.75722790387228 48424.0
-116.59894513328337 36.75722759900864 48423.6
-116.59896952841434 36.75722727978573 48424.0
-116.59899354354296 36.75722695161367 48424.0
-116.59901721141644 36.75722662175755 48423.8
-116.59904055997283 36.757226293926045 48423.9
-116.59906358110806 36.75722597140822 48423.5
-116.59908634394432 36.75722566928891 48423.4
-116.5991089038144 36.75722540660775 48423.3
-116.59913132655896 36.757225201313936 48423.6
-116.59915373147116 36.757225072805845 48424.0
-116.59917620336871 36.75722502059458 48424.7
-116.5991988552128 36.75722504030119 48425.7
-116.59922175565048 36.75722512774226 48426.0
-116.59924499863854 36.757225280773646 48425.9
-116.5992685293754 36.7572254752778 48425.7
-116.59929233620144 36.75722568591517 48425.4
-116.59931638698194 36.75722588821751 48425.0
-116.59934064795388 36.757226054621256 48424.7
-116.59936506521528 36.75722617324666 48424.6
-116.59938957252396 36.75722623948431 48424.9
-116.59941412189688 36.757226252753775 48425.4
-116.59943866511904 36.75722620917086 48425.8
-116.59946320495771 36.757226118244574 48426.1
-116.59948772286934 36.7572259884958 48426.1
-116.5995122234419 36.75722582320719 48426.3
-116.59953670606762 36.75722561965456 48426.6
-116.59956119206676 36.75722538109275 48427.4
-116.59958566622328 36.75722510818127 48427.7
-116.5996101104092 36.75722479679333 48427.2
-116.59963448630806 36.75722443775141 48427.3
-116.599658810124 36.757224040769536 48427.7
-116.5996830720953 36.75722363339592 48427.7
-116.59970728028756 36.75722326568817 48427.8
-116.59973148737669 36.757223012439255 48428.5
-116.59975565146412 36.75722292186863 48428.9
-116.59977981121688 36.75722301324655 48429.7
-116.59980396224472 36.75722327762529 48430.0
-116.59982811426372 36.75722368385205 48430.7
-116.5998522075282 36.75722415045373 48431.7
-116.59987628317084 36.75722461679588 48433.0
-116.59990035657792 36.757225040205405 48434.0
-116.59992443226533 36.7572253837138 48434.0
-116.5999485778164 36.75722564586723 48434.0
-116.59997279574092 36.75722582942281 48434.6
-116.59999709260512 36.757225936833095 48434.6
-116.60002144946412 36.75722596680627 48434.9
-116.60004588307493 36.75722594251108 48435.8
-116.6000703693466 36.75722589016922 48436.5
-116.60009490233152 36.75722583810805 48436.6
-116.6001194998966 36.757225818860576 48437.0
-116.6001441323918 36.75722584951579 48437.5
-116.60016880211737 36.75722593222252 48437.8
-116.60019350566976 36.75722605587985 48438.4
-116.60021824436178 36.75722620612046 48438.7
-116.60024300034988 36.757226366095296 48439.0
-116.60026777917172 36.75722652855895 48439.0
-116.60029257672068 36.757226691236326 48439.3
-116.60031738674049 36.75722685347858 48439.8
-116.6003422032948 36.75722701235814 48439.6
-116.60036702506846 36.75722716110408 48439.7
-116.60039185759564 36.7572272861958 48439.8
-116.6004166972125 36.75722737497024 48439.4
-116.60044154967277 36.75722743184678 48438.8
-116.60046638851205 36.75722746142723 48438.4
-116.60049119221866 36.757227460475576 48438.3
-116.60051591725444 36.757227411061486 48438.4
-116.60054057386036 36.75722730153378 48438.0
-116.60056513796368 36.75722712342375 48437.2
-116.60058960516012 36.75722687387125 48436.5
-116.60061394296518 36.757226554122354 48435.8
-116.6006381918464 36.75722618682291 48434.6
-116.60066233151692 36.757225798555446 48433.6
-116.6006863667873 36.75722541895857 48433.0
-116.60071033093048 36.75722509232938 48431.9
-116.60073422635196 36.75722485585067 48430.7
-116.60075809654674 36.757224724183565 48429.8
-116.60078197057474 36.75722469959219 48428.8
-116.60080590656789 36.75722479184615 48427.4
-116.60082986371629 36.75722498326582 48426.0
-116.60085387314632 36.75722525547933 48424.2
-116.60087792835684 36.75722558884609 48422.4
-116.60090201657202 36.75722596209202 48420.5
-116.6009260876746 36.75722634743603 48418.6
-116.60095012228784 36.75722673113168 48416.7
-116.60097410522005 36.757227104959966 48414.5
-116.60099803046484 36.7572274646159 48412.1
-116.60102202767862 36.75722781220511 48409.9
-116.60104593023355 36.75722814551932 48407.7
-116.60106986666544 36.75722846069348 48405.7
-116.601093878355 36.75722874165472 48403.8
-116.60111799970583 36.75722898728556 48401.3
-116.60114221767437 36.75722921297408 48398.8
-116.60116651565222 36.75722943914847 48396.0
-116.60119088765003 36.7572296866708 48393.2
-116.60121529792283 36.75722996328052 48390.8
-116.60123974267016 36.75723026323863 48388.2
-116.60126422548257 36.75723056881738 48385.8
-116.60128876237997 36.75723085364693 48383.4
-116.60131338433553 36.75723109530081 48381.3
-116.60133809575778 36.75723127499591 48379.0
-116.6013628959878 36.75723137807416 48375.9
-116.60138776730832 36.757231391056166 48373.6
-116.60141271731489 36.75723133512767 48371.4
-116.60143768823164 36.75723124310897 48368.5
-116.6014626430132 36.75723115472197 48365.8
-116.60148754564986 36.757231113267686 48362.9
-116.60151233480002 36.75723113470532 48360.2
-116.60153700445092 36.757231216802566 48357.8
-116.6015615514254 36.757231346737214 48355.4
-116.60158596897811 36.75723150597749 48353.0
-116.60161028582056 36.757231671300346 48350.7
-116.60163454083528 36.75723182413408 48348.3
-116.60165876054664 36.7572319481385 48345.9
-116.60168295347712 36.75723202447115 48343.3
-116.60170716742547 36.75723205179703 48340.8
-116.60173140159397 36.75723203274248 48338.0
-116.60175566601994 36.75723197172488 48334.6
-116.60177997195336 36.75723187429167 48331.7
-116.60180434168498 36.757231755143295 48329.0
-116.6018287704938 36.75723162752724 48325.5
-116.60185325547792 36.75723150167068 48321.6
-116.60187779547036 36.757231383775725 48318.0
-116.60190236747712 36.75723127613051 48314.2
-116.60192695849209 36.75723118489376 48310.3
-116.601951549622 36.75723112142931 48306.3
-116.60197612894464 36.757231103692575 48302.0
-116.60200065955787 36.75723113956848 48297.2
-116.60202514925564 36.757231230367694 48292.1
-116.60204960366111 36.757231374151885 48286.9
-116.60207403836854 36.757231568353866 48281.9
-116.60209845297578 36.75723178627062 48276.9
-116.60212288409149 36.75723199934953 48272.2
-116.60214735050305 36.75723218799245 48266.8
-116.6021718613694 36.75723233308959 48261.0
-116.6021964413196 36.75723242956248 48255.5
-116.6022210793684 36.75723247727616 48249.9
-116.60224577076772 36.75723247593746 48244.7
-116.6022705095224 36.75723242387357 48239.4
-116.60229531475224 36.757232330955375 48233.9
-116.6023201800716 36.75723220315654 48228.4
-116.60234511071904 36.757232043073685 48223.3
-116.60237010767425 36.75723184892953 48218.1
-116.60239516933694 36.75723162905969 48212.5
-116.60242026936017 36.75723139372092 48207.7
-116.60244538972611 36.757231156125016 48203.0
-116.6024705106506 36.75723093863078 48198.2
-116.6024955903488 36.75723075376776 48193.3
-116.60252061109288 36.757230603112085 48188.5
-116.60254555446063 36.75723048323909 48184.2
-116.60257040114364 36.7572303891147 48180.6
-116.60259515203568 36.75723031652974 48177.3
-116.6026198215534 36.7572302726832 48173.7
-116.60264442574255 36.757230268603735 48170.4
-116.60266900235644 36.75723031766116 48168.4
-116.60269356275296 36.75723041410336 48166.5
-116.60271814488078 36.75723054715783 48164.5
-116.6027427623902 36.75723070205572 48163.0
-116.60276743762856 36.757230860798366 48161.8
-116.60279218345454 36.75723100866077 48161.0
-116.60281700183388 36.75723114022863 48160.7
-116.6028418791456 36.75723125540453 48160.3
-116.60286678719064 36.7572313639136 48159.8
-116.60289167965568 36.75723148171878 48159.4
-116.60291653030086 36.757231618318166 48159.6
-116.60294133079177 36.757231777743606 48160.3
-116.60296608788144 36.75723196520672 48161.1
-116.60299080139464 36.7572321805274 48161.9
-116.60301548292064 36.75723242596682 48163.1
-116.60304013071536 36.7572327018703 48164.3
-116.60306473368988 36.75723300055133 48165.7
-116.60308928247262 36.75723329561495 48167.7
-116.60311378702498 36.757233560504986 48170.0
-116.60313825359444 36.75723377622324 48172.8
-116.60316267252183 36.75723393025993 48176.1
-116.60318708523396 36.75723403349016 48179.3
-116.60321148798565 36.75723409442787 48182.8
-116.60323588320126 36.75723411606655 48186.8
-116.603260252609 36.75723409528519 48190.7
-116.60328459792136 36.75723403809756 48195.0
-116.6033088945398 36.75723394986759 48199.8
-116.60333313724362 36.757233838646655 48205.1
-116.60335731587428 36.75723370943325 48210.6
-116.60338145767996 36.757233568285045 48216.4
-116.60340557156876 36.757233421586015 48222.3
-116.60342966447 36.757233274266255 48228.1
-116.60345373948763 36.757233128108695 48234.2
-116.60347780532616 36.75723298582256 48240.6
-116.60350186710892 36.75723285584653 48247.1
-116.60352592783742 36.75723274962258 48253.4
-116.60355000066676 36.757232683671376 48259.6
-116.60357406401272 36.75723266352462 48265.9
-116.60359812254104 36.757232697214256 48272.8
-116.60362216785026 36.757232792417376 48280.0
-116.60364620200949 36.757232962746535 48287.4
-116.60367016315728 36.75723320430784 48294.4
-116.60369400903272 36.75723350728667 48301.3
-116.6037176271221 36.75723384489175 48308.7
-116.6037407169584 36.75723414861712 48315.9
-116.60376305312404 36.75723431270335 48321.7
-116.60388900509588 36.7571310591384 48373.3
-116.60388663547307 36.7571143016464 48409.9
-116.6038843033104 36.75709655511763 48414.2
-116.60388221090643 36.757078207610405 48419.2
-116.6038804290192 36.75705948458875 48424.4
-116.6038789528353 36.75704069892373 48430.4
-116.60387769783551 36.757022339658526 48433.8
-116.60387641674572 36.757004874409525 48437.2
-116.60372649669316 36.75692123723337 48439.8
-116.60370518733636 36.75692320055269 48433.4
-116.60368264286616 36.75692501108754 48425.3
-116.60365926269536 36.75692660005637 48417.5
-116.6036351481989 36.756927980360814 48409.3
-116.60361048978184 36.75692918476216 48401.7
-116.60358547377768 36.75693024987942 48393.8
-116.6035604548456 36.75693123025008 48384.6
-116.60353560793988 36.75693215775546 48374.6
-116.60351110397433 36.756933043688086 48365.9
-116.6034871523372 36.75693388499814 48357.9
-116.60346369850492 36.75693469134929 48350.1
-116.60344091658445 36.75693544591936 48342.0
-116.6034186616489 36.75693611652887 48333.7
-116.60339684018376 36.75693662751009 48326.2
-116.60337535999018 36.75693692748333 48320.1
-116.60335405259832 36.756936994750376 48314.3
-116.60333278977788 36.756936826946905 48308.7
-116.60331135139036 36.75693641491946 48303.9
-116.60328973231438 36.756935824840106 48299.6
-116.60326776471516 36.75693510980519 48296.3
-116.603245371008 36.75693431988934 48294.1
-116.60322244229356 36.756933511140446 48291.4
-116.60319902858237 36.75693274175452 48289.0
-116.60317519042016 36.75693205529837 48287.5
-116.60315100463004 36.756931491428176 48286.3
-116.6031265756438 36.756931107934506 48285.0
-116.60310193669434 36.75693090337823 48285.4
-116.60307721325496 36.7569308617156 48286.6
-116.6030524740364 36.756930951692325 48286.2
-116.60302780056416 36.75693113910485 48285.5
-116.60300319763212 36.75693137126924 48285.8
-116.60297870961992 36.75693161563859 48286.8
-116.60295433789472 36.75693185090656 48288.1
-116.6029300665199 36.75693204717479 48288.8
-116.60290588579332 36.756932188691394 48289.5
-116.6028817626772 36.75693227178995 48290.9
-116.60285767414692 36.75693230061085 48292.8
-116.60283359244131 36.75693228093087 48295.1
-116.60280951860072 36.75693223445556 48297.3
-116.60278543909332 36.75693218347668 48299.9
-116.602761359553 36.75693214865424 48302.7
-116.60273729955988 36.75693214839113 48305.5
-116.60271325102684 36.75693217486574 48307.7
-116.60268923270588 36.75693221063616 48310.2
-116.60266525266452 36.756932237456176 48313.8
-116.60264130025035 36.7569322317268 48317.3
-116.60261736523152 36.75693217656883 48319.7
-116.60259340394596 36.75693206645107 48322.1
-116.60256938011317 36.7569319050938 48325.4
-116.60254523992802 36.75693169915014 48330.1
-116.60252099703588 36.75693146702675 48334.4
-116.6024966434892 36.75693122181082 48338.4
-116.6024721944888 36.75693097229597 48342.4
-116.60244767314914 36.75693072304015 48347.1
-116.60242312350792 36.75693048813003 48352.5
-116.60239856706156 36.75693028483133 48357.2
-116.60237401556417 36.7569301300184 48361.7
-116.60234948833224 36.75693004283119 48366.1
-116.60232494259223 36.75693001007481 48369.7
-116.60230038666955 36.756930014220885 48373.1
-116.60227581969124 36.75693003414935 48377.2
-116.602251248228 36.75693004460162 48381.1
-116.60222669169306 36.75693002864958 48384.5
-116.60220215715836 36.756929975677885 48388.0
-116.6021776500518 36.756929883683526 48391.4
-116.60215316827612 36.75692975956147 48395.1
-116.60212871593816 36.75692962217327 48398.6
-116.60210427449304 36.75692949038007 48401.5
-116.60207982722808 36.75692937951926 48404.4
-116.60205536213428 36.756929298265646 48407.5
-116.60203086025692 36.75692923973445 48410.7
-116.60200632915088 36.75692919520905 48413.1
-116.60198177023484 36.7569291524142 48415.1
-116.60195717975888 36.75692909381436 48417.1
-116.6019325796578 36.75692900875316 48419.2
-116.6019079709516 36.756928891607934 48421.4
-116.60188336218032 36.75692873848583 48424.1
-116.6018587627954 36.756928548904064 48426.7
-116.60183419603204 36.75692833202572 48429.7
-116.60180965254428 36.75692809256931 48432.5
-116.601785127787 36.75692783336911 48434.6
-116.60176062605233 36.75692756245704 48435.6
-116.60173615527918 36.75692729675199 48437.0
-116.60171171507676 36.756927054145606 48438.8
-116.60168730956909 36.75692685300788 48441.1
-116.60166295560568 36.75692671150022 48443.1
-116.60163859807928 36.75692661978077 48443.6
-116.60161422859738 36.756926566437045 48443.7
-116.60158982253888 36.756926542927296 48444.0
-116.60156535431884 36.75692654770192 48444.1
-116.60154080147028 36.75692657429083 48445.4
-116.60151616201829 36.7569266080464 48447.3
-116.60149142396396 36.75692662612256 48449.5
-116.60146654400934 36.756926601699696 48449.6
-116.6014415538824 36.75692652789492 48448.4
-116.60141646207067 36.75692640445703 48448.1
-116.60139130475012 36.75692623518573 48447.9
-116.60136614979491 36.75692603344306 48448.8
-116.60134108248164 36.75692582604004 48449.8
-116.60131614815 36.75692563898125 48451.2
-116.6012913807966 36.75692549310448 48452.5
-116.60126682163674 36.75692539943807 48452.3
-116.60124240637528 36.756925331290944 48451.8
-116.60121810844612 36.7569252647552 48452.2
-116.60119389026993 36.75692518386072 48453.2
-116.60116971212388 36.75692508308908 48454.2
-116.60114553809366 36.75692496333254 48455.4
-116.60112132627184 36.7569248335403 48456.5
-116.601097059185 36.75692470278534 48457.2
-116.60107273430016 36.7569245845551 48457.6
-116.60104835977812 36.756924485672 48458.0
-116.60102396340908 36.75692440820184 48459.8
-116.60099957271431 36.75692435385622 48462.8
-116.60097521391924 36.756924329683926 48464.0
-116.60095085778408 36.75692432905034 48463.5
-116.60092649863978 36.75692433648678 48463.8
-116.60090212569636 36.75692432881052 48464.6
-116.60087770786647 36.75692427090625 48464.7
-116.60085326306417 36.756924148490654 48465.3
-116.60082876521317 36.75692395981312 48466.7
-116.60080419370524 36.75692370912768 48466.4
-116.60077949633316 36.75692339612264 48465.7
-116.600754701065 36.75692303389432 48466.6
-116.60072980830412 36.756922632021 48467.3
-116.600704835861 36.75692220779239 48467.3
-116.6006798128616 36.75692179265975 48467.8
-116.60065476495856 36.756921423677824 48469.3
-116.60062972154743 36.75692112219488 48471.3
-116.60060469287654 36.75692089380444 48473.1
-116.60057968319678 36.756920730051526 48474.3
-116.60055464990616 36.756920603770894 48474.2
-116.60052960763068 36.756920495163655 48473.7
-116.60050456725952 36.75692039544055 48474.6
-116.60047956342008 36.75692030714965 48475.7
-116.60045463764509 36.75692024271561 48477.9
-116.60042985364984 36.75692020877128 48480.1
-116.60040528163717 36.756920199944496 48480.3
-116.60038103295416 36.75692019801991 48480.6
-116.60035711112872 36.75692016767093 48480.3
-116.60033350509104 36.756920081221054 48479.0
-116.6003101646252 36.75691992958642 48478.7
-116.60028700340112 36.756919705842265 48478.2
-116.60026392390196 36.756919432729305 48477.0
-116.60024080885368 36.75691913269562 48475.7
-116.60021757638144 36.75691882831463 48475.7
-116.60019414315964 36.75691854288079 48475.8
-116.6001704820608 36.75691829054974 48475.3
-116.60014659713242 36.75691808038468 48475.3
-116.60012249596464 36.75691791540607 48474.6
-116.60009817700788 36.75691779684676 48472.9
-116.60007368397626 36.7569177125937 48471.6
-116.6000490782606 36.75691765389525 48471.4
-116.60002440535769 36.75691762154455 48471.4
-116.5999997097001 36.75691762137172 48470.3
-116.5999750071241 36.75691765024926 48468.7
-116.59995032299824 36.75691771123365 48467.5
-116.59992565996866 36.756917811613576 48467.4
-116.59990102877806 36.756917965510446 48467.7
-116.59987638791912 36.75691816311106 48466.9
-116.59985173876886 36.756918381455066 48464.6
-116.59982707295796 36.75691859367939 48463.3
-116.59980237371462 36.75691876980993 48462.6
-116.59977766552365 36.7569189011671 48462.7
-116.59975293445424 36.75691899074718 48462.7
-116.59972817319108 36.756919039598365 48461.7
-116.5997033599037 36.75691904398304 48461.1
-116.59967851595228 36.756919010475606 48460.4
-116.59965363846716 36.75691894347404 48459.3
-116.5996287402614 36.75691884446919 48459.1
-116.59960383978508 36.756918713789055 48459.2
-116.5995788726492 36.756918562925165 48459.2
-116.5995540442606 36.75691840869038 48459.0
-116.59952926865662 36.75691826892514 48459.1
-116.59950457901344 36.75691817714319 48459.3
-116.59947993538316 36.75691815347959 48460.5
-116.59945534037 36.75691819615272 48461.5
-116.59943079062484 36.75691828837537 48460.8
-116.59940628356712 36.75691840911961 48460.3
-116.59938178011971 36.75691852972761 48459.3
-116.59935726032457 36.75691863293757 48457.9
-116.5993327015812 36.75691870333545 48457.0
-116.59930806457666 36.75691871954608 48457.1
-116.59928338724002 36.75691868037731 48457.2
-116.5992586714335 36.75691859124549 48457.2
-116.59923393593816 36.75691846571176 48456.7
-116.59920919750716 36.756918320914906 48456.6
-116.59918446925548 36.75691817646779 48456.5
-116.59915974463112 36.75691805443656 48456.0
-116.59913501920184 36.75691797929705 48456.1
-116.59911031174153 36.75691797762724 48455.3
-116.59908558302568 36.75691805165244 48454.5
-116.59906084935857 36.756918188951296 48454.2
-116.5990361105876 36.756918363753904 48453.9
-116.5990113706068 36.75691854007549 48453.1
-116.5989866478692 36.75691869075386 48452.7
-116.5989619450914 36.75691880942122 48453.2
-116.5989372559333 36.756918898706274 48453.9
-116.5989125515981 36.756918962397535 48453.7
-116.59888782242233 36.75691900507204 48453.0
-116.59886305691218 36.7569190325337 48452.2
-116.59883826141936 36.756919052184784 48452.4
-116.59881344781014 36.756919073087495 48454.3
-116.59878862535064 36.75691909841194 48455.8
-116.5987637956982 36.75691913175068 48454.4
-116.5987389641974 36.75691917876121 48451.5
-116.59871416605948 36.75691925038619 48449.3
-116.5986894485961 36.75691935510712 48447.5
-116.59866493672912 36.75691949709244 48446.8
-116.59864083651884 36.75691968186646 48446.6
-116.59861760415414 36.7569199216206 48446.4
-116.59859550327056 36.75692019055256 48448.1
-116.59847513733838 36.75679160912329 48447.5
-116.598477067025 36.75677239429848 48445.8
-116.59847861747716 36.75675241994188 48446.4
-116.59847976296328 36.75673197114544 48446.3
-116.59848051513224 36.7567114955072 48446.0
-116.59848091676244 36.75669137679548 48445.0
-116.5986123134046 36.756578034597226 48441.1
-116.59863298340716 36.75658007959478 48441.4
-116.59865477143892 36.756581913143165 48441.8
-116.59867754056953 36.756583442075794 48442.0
-116.5987011178794 36.75658457435616 48440.9
-116.59872549952154 36.75658532424655 48440.0
-116.59875039132862 36.75658573815142 48439.1
-116.59877565900516 36.75658586862166 48438.8
-116.5988011443521 36.75658576368584 48439.6
-116.59882676967696 36.75658550635213 48439.8
-116.5988523568633 36.75658517007113 48439.1
-116.59887781035756 36.756584806509984 48438.4
-116.59890303963977 36.756584449367566 48438.5
-116.59892801942034 36.756584123903565 48439.0
-116.59895276786516 36.75658384313618 48439.0
-116.59897731264748 36.75658361424029 48439.2
-116.59900170527864 36.75658344186928 48439.8
-116.59902600618167 36.75658332251848 48440.3
-116.59905030242642 36.75658325317943 48440.6
-116.599074648762 36.756583237195045 48441.1
-116.5990990990272 36.75658328579564 48441.6
-116.599123580785 36.756583397570566 48442.2
-116.59914798731316 36.75658355788819 48442.7
-116.59917209947714 36.75658373534532 48442.7
-116.59919542236264 36.756583858150975 48442.8
-116.59921749364617 36.756583827827335 48443.2
-116.59926667805962 36.75673397535808 48444.5
-116.5992668662488 36.75673955419292 48445.4
-116.59926699137486 36.75674523253256 48445.5
-116.59926702896809 36.756750889004245 48445.6
-116.59926698352072 36.75675654259966 48446.0
-116.59926684701568 36.75676217595991 48446.0
-116.59926660044664 36.75676782983744 48445.4
-116.59926623662712 36.75677334731422 48445.8
-116.5992657696952 36.75677878550713 48447.5
-116.59926521651482 36.75678415199743 48448.9
-116.5992645996072 36.75678949281495 48448.9
-116.59926395462313 36.75679481996296 48445.7
-116.59926330973718 36.75680024175967 48445.1
-116.5992626929664 36.75680583923698 48446.6
-116.59926213472552 36.75681166572378 48448.9
-116.59926165588892 36.75681787183608 48448.0
-116.59926127487978 36.75682441392382 48446.2
-116.59926100531416 36.75683129707449 48446.4
-116.59926086006868 36.75683849620756 48448.1
-116.59926084156012 36.75684610445986 48450.4
-116.59926093500177 36.75685404192173 48451.1
-116.59926113655132 36.75686231670856 48450.8
-116.59926144932824 36.756870951275246 48450.5
-116.59926186986092 36.75688002143215 48450.7
-116.5992623740222 36.756889481058806 48450.3
-116.59926294492784 36.756899332941856 48449.4
-116.5992635652156 36.75690961091182 48447.5
-116.59926420399653 36.756920292055575 48445.0
-116.59926482058624 36.75693133202867 48444.9
-116.59926536946882 36.7569427143948 48444.1
-116.59926579577191 36.75695448353393 48444.0
-116.59926606062768 36.75696647703885 48443.4
-116.5992661795347 36.75697862983249 48442.0
-116.59926618169833 36.756990854590015 48443.4
-116.599266101531 36.75700308988693 48448.0
-116.59926598804488 36.75701526123312 48449.4
-116.59926587921704 36.75702737681191 48446.7
-116.5992657941612 36.75703944254112 48444.6
-116.59926573731089 36.75705146755429 48449.0
-116.59926571109187 36.75706350016885 48451.2
-116.59926571383212 36.757075576587184 48447.6
-116.59926573372483 36.7570877420548 48443.4
-116.59926574844164 36.757100071287006 48442.4
-116.59926572551656 36.75711260702633 48445.4
-116.59926563394816 36.757125385991216 48447.7
-116.59926544126472 36.75713844660478 48446.8
-116.59926510422784 36.75715188623208 48445.4
-116.59926460249974 36.75716564065088 48445.7
-116.59926394460228 36.75717972577179 48447.2
-116.59926314311436 36.75719412838159 48446.1
-116.59926220771986 36.75720886855166 48444.7
-116.59926116816824 36.75722385634345 48443.1
-116.59926005457748 36.75723906384982 48442.7
-116.59925889457432 36.757254455773136 48442.6
-116.59925772243932 36.7572699953395 48441.8
-116.59925658290176 36.75728562696981 48439.4
-116.5992555123677 36.757301290385854 48437.1
-116.59925454165624 36.757316946294246 48435.9
-116.59925369556116 36.75733255660542 48434.6
-116.59925296517174 36.75734819387912 48435.0
-116.59925232908336 36.75736387265797 48434.5
-116.59925177528189 36.75737962874848 48432.0
-116.59925130517216 36.75739547378964 48428.5
-116.5992509223098 36.75741142757511 48423.9
-116.59925062855628 36.75742743391893 48418.6
-116.59925042301244 36.75744345058039 48414.3
-116.59925029520907 36.757459410640834 48411.3
-116.5992502089101 36.757475292296434 48409.5
-116.599250121313 36.75749105101685 48406.4
-116.5992499985028 36.75750665802907 48404.4
-116.59924981703972 36.757522083423325 48402.6
-116.59924957037596 36.75753729416848 48400.6
-116.59924926579572 36.75755231001812 48400.2
-116.599248917325 36.7575671331198 48397.4
-116.599248551157 36.757581761685564 48394.0
-116.59924820636128 36.75759623049808 48390.4
-116.5992479177056 36.7576105764391 48385.6
-116.59924770076196 36.75762481914895 48380.0
-116.59924755150536 36.75763896342696 48376.7
-116.59924744653412 36.757653058529726 48374.0
-116.59924735712812 36.757667104003325 48371.7
-116.59924725953736 36.757681103097376 48367.0
-116.5992471303798 36.75769505823518 48361.1
-116.59924695669685 36.757708943200655 48355.8
-116.59924673504732 36.757722765534 48352.5
-116.59924645930458 36.75773652345384 48347.0
-116.59924611736992 36.75775023466724 48340.4
-116.59924569698028 36.757763884232766 48336.0
-116.5992451992014 36.75777750618276 48333.2
-116.59924463035688 36.75779111526113 48326.8
-116.59924399108228 36.75780474658083 48321.0
-116.59924328275176 36.75781838473052 48315.0
-116.59924250657625 36.757832047487305 48308.7
-116.59924166234 36.757845736553634 48301.9
-116.59924075020264 36.757859464895645 48293.7
-116.59923978977248 36.75787320126519 48286.4
-116.59923880195473 36.7578869575475 48279.6
-116.59923779904888 36.757900725921154 48272.4
-116.59923679718446 36.757914486043575 48264.8
-116.5992358151394 36.75792822862039 48256.1
-116.59923485676777 36.757941947661045 48247.2
-116.59923392393172 36.7579556359004 48240.0
-116.59923302298144 36.75796928135915 48231.1
-116.5992321301645 36.75798290766176 48221.4
-116.59923118645384 36.75799652564258 48212.3
-116.59923011633464 36.75801014719144 48204.0
-116.59922883760473 36.75802383605206 48195.5
-116.59922733382145 36.75803749558049 48186.1
-116.59922563043811 36.75805118171548 48176.5
-116.59922376778378 36.75806490131959 48168.2
-116.599221808897 36.75807865716693 48160.5
-116.59921985499344 36.758092413649095 48151.8
-116.5992179839752 36.758106167383126 48142.3
-116.59921625025238 36.7581198965965 48133.8
-116.59921471034671 36.758133530037405 48126.8
-116.59921337025476 36.758147195074805 48121.1
-116.59921223271247 36.758160729437485 48114.4
-116.59921127600435 36.75817417723678 48106.6
-116.59921047617244 36.75818749309924 48100.6
-116.5992097806002 36.758200724381794 48095.1
-116.59920914904924 36.75821383026639 48091.7
-116.59920855665456 36.75822680216623 48088.0
-116.59920798601834 36.75823962279216 48085.0
-116.59920742351652 36.75825231254703 48081.9
-116.59920686819656 36.758264897148734 48079.7
-116.59920632763594 36.75827740347596 48076.7
-116.59920581717898 36.75828985092471 48073.5
-116.59920534422544 36.75830229858277 48070.9
-116.59920490877929 36.758314767031415 48069.1
-116.59920451175792 36.758327275300665 48065.8
-116.59920416316838 36.758339820120646 48062.5
-116.5992038772024 36.75835241972248 48061.8
-116.5992036639972 36.75836505300699 48063.5
-116.59920353305988 36.758377713190576 48063.3
-116.59920350286428 36.75839036769444 48064.1
-116.59920358164185 36.758403064536594 48066.1
-116.59920376281468 36.75841578029976 48066.8
-116.59920403985312 36.75842851521842 48068.3
-116.59920441009234 36.75844124781773 48069.7
-116.59920486403256 36.7584540101161 48071.4
-116.5992053788746 36.758466771300334 48073.3
-116.5992059255762 36.75847953938952 48075.3
-116.59920645721358 36.758492357291935 48076.7
-116.59920692291932 36.75850522091852 48079.8
-116.59920729565226 36.75851813532199 48082.2
-116.59920756088812 36.75853108419624 48084.2
-116.59920771301228 36.75854406009064 48087.7
-116.59920776937464 36.75855697304794 48088.9
-116.59920775981004 36.75856982058415 48089.6
-116.599207709968 36.75858258271981 48090.3
-116.59920764192076 36.758595242600094 48093.8
-116.59920757885808 36.7586078010149 48097.9
-116.5992075480154 36.75862028169934 48098.0
-116.59920756266467 36.758632708931216 48097.7
-116.59920762240873 36.758645100599885 48099.2
-116.59920770651064 36.75865750998682 48100.7
-116.5992077880618 36.75866994790927 48102.3
-116.59920785011796 36.75868242947303 48105.2
-116.59920787501504 36.75869499618397 48106.8
-116.5992078496035 36.75870765283104 48106.8
-116.59920777260236 36.758720427185416 48108.5
-116.59920764519462 36.7587333376276 48110.6
-116.59920746428875 36.75874642662264 48110.9
-116.5992072313996 36.7587596693198 48108.7
-116.59920694905188 36.75877306351734 48107.7
-116.59920661190336 36.75878659866271 48108.8
-116.59920620205284 36.75880028822919 48110.8
-116.59920570978996 36.758814061801445 48111.4
-116.59920514339812 36.75882788709396 48110.1
-116.59920452688124 36.75884170400513 48110.3
-116.59920390123844 36.75885541537666 48111.3
-116.59920332098868 36.758868927077245 48110.2
-116.5992028392647 36.75888215153123 48108.6
-116.5992025095818 36.758894991880965 48107.7
-116.5992023894115 36.75890724613513 48107.3
-116.59920249222884 36.75891895770958 48107.0
-116.59920279470668 36.758930024061925 48104.2
