Long Lat Mag_nT
-116.603615319303 36.763763742891406 48416.8
-116.60363700947096 36.76376219472446 48417.7
-116.60365961640832 36.763760828432886 48419.1
-116.60368323637483 36.76375970823308 48421.8
-116.60370755190928 36.763758808211385 48424.7
-116.60373247939602 36.763758085255255 48426.8
-116.60375786771972 36.76375748638092 48428.5
-116.60378357122164 36.76375695598502 48431.0
-116.60380935495456 36.76375643127082 48433.2
-116.6038350721386 36.76375588461779 48435.2
-116.60386057238551 36.76375531169885 48436.8
-116.60388563814077 36.763754722457456 48438.7
-116.60391019138592 36.76375414700133 48440.1
-116.60393415541536 36.76375361591054 48440.4
-116.6039575059026 36.76375315860957 48440.3
-116.60398019728304 36.76375282343332 48440.5
-116.6040023542096 36.76375262246967 48441.0
-116.60402413348612 36.76375256435912 48441.3
-116.60404570189048 36.76375265324753 48440.8
-116.6040672768765 36.76375289998248 48439.8
-116.60408901108552 36.7637532723076 48439.0
-116.6041110819634 36.7637537520398 48438.1
-116.60413359744356 36.76375432449904 48436.4
-116.60415668607368 36.763754987059535 48434.3
-116.604180336322 36.76375570618223 48432.0
-116.60420431216684 36.763756433122126 48429.3
-116.60422861497436 36.76375711729916 48426.3
-116.60425317397936 36.763757679237685 48423.3
-116.60427789100288 36.76375808582235 48419.9
-116.60430267128476 36.76375831526982 48416.0
-116.60432744222092 36.763758361893416 48412.0
-116.60435216647548 36.763758209202784 48407.9
-116.6043768376464 36.763757906577766 48403.6
-116.604401381458 36.76375749190566 48399.0
-116.60442574244624 36.76375700694073 48394.2
-116.60444984547271 36.763756499031125 48389.3
-116.60447370715116 36.76375602934387 48384.5
-116.6044973480548 36.76375564722705 48379.8
-116.6045208330031 36.76375538654468 48375.5
-116.60454422738616 36.763755290865895 48370.9
-116.60456761599526 36.76375534117796 48366.4
-116.6045911084832 36.76375552182896 48362.3
-116.60461477507005 36.76375580938905 48357.9
-116.60463867487324 36.76375617631696 48352.7
-116.60466277660832 36.76375656322684 48347.3
-116.60468706464752 36.76375692896847 48341.7
-116.60471148779116 36.763757240241794 48335.8
-116.60473600372003 36.76375745705822 48330.1
-116.604760565052 36.76375757016389 48324.6
-116.60478512300288 36.76375757627217 48319.4
-116.60480965474731 36.76375748895684 48314.5
-116.60483416746996 36.76375732836912 48309.5
-116.60485867679192 36.763757143179696 48304.5
-116.60488317390003 36.7637569689553 48299.5
-116.6049076634198 36.763756827619765 48294.2
-116.60493214695552 36.76375673993888 48288.7
-116.60495663094176 36.76375669680672 48284.0
-116.60498114288312 36.7637566877734 48279.2
-116.60500570298092 36.763756699973776 48274.7
-116.60503033120608 36.76375672385184 48270.0
-116.60505501643706 36.76375675992668 48265.2
-116.60507974480026 36.76375681651612 48260.3
-116.605104500303 36.76375689937908 48255.5
-116.60512925064369 36.76375701871249 48250.6
-116.60515396011544 36.76375717055984 48246.0
-116.60517862209906 36.76375735327126 48241.5
-116.60520324311804 36.76375756347192 48237.5
-116.60522784099363 36.763757794655405 48233.2
-116.60525244728144 36.76375803400765 48228.7
-116.60527708754869 36.76375826882479 48224.6
-116.60530176916652 36.763758486940326 48220.6
-116.60532650731642 36.763758668812926 48216.5
-116.6053513070886 36.76375880990621 48213.0
-116.60537615258072 36.76375891166296 48209.7
-116.60540102295388 36.763758981890575 48206.4
-116.6054259077644 36.763759022365406 48203.4
-116.60545080269912 36.76375903928011 48200.2
-116.60547569789622 36.76375903213244 48196.6
-116.60550058233297 36.76375900005494 48193.0
-116.60552544041296 36.763758944100495 48189.5
-116.6055502642932 36.76375887921406 48186.2
-116.6055750375266 36.76375882314573 48182.8
-116.6055997575123 36.763758793032096 48179.3
-116.60562442235651 36.76375880632644 48176.5
-116.60564905734216 36.76375885928587 48174.1
-116.60567370435308 36.76375894540888 48171.5
-116.60569839563892 36.76375905568053 48168.5
-116.6057231684562 36.76375917988474 48165.4
-116.60574802925812 36.7637593076704 48162.6
-116.60577297865316 36.76375943636136 48159.7
-116.60579800002992 36.76375956636918 48156.4
-116.60582306717606 36.7637597007362 48153.5
-116.60584813260732 36.763759842822765 48151.3
-116.60587316330935 36.76375999188184 48148.8
-116.6058981342128 36.76376014085016 48146.4
-116.60592301844976 36.763760274968895 48144.4
-116.60594782095198 36.76376038177994 48142.5
-116.60597253696716 36.76376045210301 48140.5
-116.60599717628688 36.76376048029022 48138.7
-116.60602175745302 36.76376045241805 48137.1
-116.60604632084453 36.76376036771765 48136.0
-116.60607087234423 36.76376022129303 48135.1
-116.6060954122568 36.76376001558925 48133.6
-116.60611994261724 36.763759761598656 48132.1
-116.6061444654492 36.763759484632736 48131.0
-116.60616897673565 36.76375920238176 48129.9
-116.60619348010664 36.76375893082575 48128.7
-116.60621797292715 36.763758690054686 48127.4
-116.60624244418428 36.763758486757794 48126.6
-116.60626689832525 36.7637583210399 48125.5
-116.6062913440643 36.76375818455254 48124.4
-116.60631580185712 36.76375806840057 48123.5
-116.60634028911709 36.763757956607805 48122.4
-116.6063648198452 36.76375783734698 48120.4
-116.60638939810374 36.763757699457 48119.1
-116.60641402487065 36.763757532579405 48118.1
-116.606438674174 36.76375733966466 48116.5
-116.606463311404 36.76375712669936 48114.2
-116.60648790781376 36.763756905062856 48112.3
-116.60651244714444 36.763756691438886 48110.6
-116.60653694757356 36.763756502720405 48109.0
-116.60656143748348 36.763756349542405 48107.3
-116.6065859452604 36.76375623681408 48105.4
-116.60661049308553 36.76375616736987 48104.1
-116.60663507291684 36.76375613200982 48102.9
-116.6066596807486 36.76375612495738 48101.7
-116.60668430324009 36.763756140748136 48101.0
-116.6067089258064 36.76375617596144 48100.6
-116.60673354050446 36.76375622097489 48100.3
-116.6067581464546 36.76375626642324 48100.7
-116.60678274102963 36.763756298957375 48101.8
-116.6068073305704 36.76375629744417 48103.6
-116.60683193571448 36.7637562566818 48105.7
-116.6068565603939 36.7637561779291 48108.8
-116.60688120547468 36.76375607128894 48112.1
-116.60690586414368 36.763755955546806 48115.9
-116.60693051394227 36.76375585171085 48120.3
-116.6069551361804 36.76375577973576 48124.9
-116.60697972539958 36.76375575273014 48129.7
-116.60700427384208 36.763755784926616 48134.8
-116.60702879024684 36.763755867473066 48140.5
-116.6070533067634 36.76375599191453 48146.2
-116.60707784839391 36.76375614714731 48151.5
-116.60710244543796 36.76375631246497 48157.3
-116.60712711121836 36.763756466293685 48163.4
-116.60715184401528 36.763756592582574 48169.2
-116.6071766279226 36.763756678928814 48175.0
-116.60720146430144 36.763756712777145 48181.1
-116.6072263522557 36.763756708049854 48187.1
-116.60725127790792 36.76375667743846 48193.0
-116.60727623012374 36.76375663297845 48198.4
-116.60730120063975 36.76375658470791 48203.9
-116.60732617861932 36.76375654348927 48209.8
-116.60735116446509 36.76375651774373 48215.5
-116.60737616226548 36.76375651180583 48220.7
-116.60740117114192 36.763756530634765 48225.8
-116.60742618153157 36.76375656951753 48230.3
-116.6074511925392 36.76375662537606 48235.1
-116.60747620291346 36.76375669798487 48239.1
-116.60750120628516 36.76375678975792 48242.6
-116.6075261914587 36.76375689367125 48245.9
-116.60755114697535 36.76375699656421 48248.6
-116.60757604762097 36.76375708072415 48251.1
-116.60760086216963 36.76375712532087 48253.5
-116.60762559844908 36.7637571300358 48255.1
-116.6076502516763 36.76375710012572 48256.3
-116.60767483129172 36.76375704407278 48257.2
-116.60769935340235 36.76375696961488 48257.7
-116.60772384703976 36.76375688657307 48258.1
-116.60774832546356 36.76375680132034 48258.0
-116.60777280004812 36.76375671955802 48257.1
-116.60779728461604 36.76375664793616 48256.4
-116.60782178748768 36.76375658705398 48255.3
-116.60784632335856 36.76375653429116 48253.9
-116.60787091157944 36.76375648495472 48252.5
-116.60789558178108 36.763756445256895 48250.8
-116.60792033136836 36.763756421690765 48248.6
-116.6079451706256 36.763756418569 48246.4
-116.6079701041679 36.763756434310885 48244.2
-116.6079951447192 36.76375646216949 48241.7
-116.6080203742743 36.7637564932427 48239.2
-116.60804557676587 36.76375652552283 48236.4
-116.60807073061304 36.76375655952062 48233.9
-116.6080961214449 36.763756597757 48231.1
-116.60812141606648 36.76375664702618 48228.4
-116.6081466994748 36.76375670835812 48225.9
-116.60817196363956 36.76375678127656 48223.5
-116.60819718924724 36.76375687380855 48221.3
-116.60822235936888 36.763756993468576 48219.2
-116.60824745151145 36.7637571372016 48217.0
-116.60827244169222 36.76375728528693 48215.2
-116.60829730021476 36.76375739441586 48213.4
-116.60832206273572 36.76375743744735 48211.7
-116.60834675113104 36.7637574039569 48210.2
-116.60837138153153 36.763757300250326 48209.7
-116.60839597837102 36.76375712970854 48209.3
-116.60842054690356 36.76375692090578 48208.5
-116.6084450693768 36.763756687935874 48208.2
-116.608469534926 36.763756438399824 48208.3
-116.6084939291462 36.763756177503296 48208.3
-116.60851826392744 36.76375590928176 48208.4
-116.60854254057784 36.76375563666421 48208.5
-116.60856676376048 36.76375535757583 48208.8
-116.60859096018936 36.76375506641569 48209.5
-116.6086151706225 36.763754765576536 48210.8
-116.60863940956622 36.76375446076029 48212.3
-116.6086636758195 36.76375416654761 48213.2
-116.6086879529382 36.76375391088485 48213.3
-116.60871223317504 36.763753709476106 48214.7
-116.60873653777628 36.76375357219277 48216.5
-116.60876090673304 36.763753508484015 48217.9
-116.60878535061316 36.76375355051491 48218.8
-116.60880986345028 36.763753689988754 48219.8
-116.60883446948256 36.76375391409077 48221.0
-116.6088591819106 36.76375420748153 48222.2
-116.60888397911332 36.76375456252883 48223.9
-116.60890878374178 36.76375495839726 48225.0
-116.6089334934315 36.76375538491103 48225.8
-116.60895794780603 36.76375582440368 48226.8
-116.60898178986832 36.763756234629874 48227.9
-116.60900475397143 36.76375654879207 48228.4
-116.60913421705544 36.76366060306788 48254.1
-116.6091310662461 36.763644136758565 48272.5
-116.6091276180906 36.76362625135391 48274.6
-116.60912422526071 36.7636074218815 48277.3
-116.60912109307756 36.763587946479376 48279.3
-116.60911834180544 36.76356813246243 48280.7
-116.60911607616796 36.76354853480575 48282.7
-116.60899100729684 36.76343916916873 48295.6
-116.60897115712972 36.763442085828096 48311.7
-116.60895007930164 36.76344510288356 48310.9
-116.60892776008546 36.76344799060483 48309.7
-116.60890452667958 36.76345063834789 48308.8
-116.60888048943664 36.76345300984305 48308.1
-116.60885576150848 36.76345511434504 48308.6
-116.6088305249218 36.76345693699816 48309.5
-116.6088050545782 36.7634585544271 48310.4
-116.60877949424216 36.763460006357576 48311.2
-116.60875397134105 36.76346132269817 48311.7
-116.60872866500829 36.763462507291806 48311.6
-116.60870364539936 36.76346359443158 48311.8
-116.60867895791972 36.763464594429166 48312.6
-116.60865462259612 36.76346550970408 48312.9
-116.60863071489452 36.76346631935395 48313.2
-116.60860715324829 36.76346703154281 48313.6
-116.6085838724922 36.763467642869806 48313.4
-116.60856077892709 36.763468146385385 48313.0
-116.60853781027366 36.763468506560784 48312.4
-116.60851485207132 36.76346872598849 48311.2
-116.60849180821052 36.76346880675803 48310.4
-116.60846860594044 36.763468768768426 48311.0
-116.60844519798997 36.7634686383562 48311.8
-116.60842158079032 36.763468480861086 48313.0
-116.60839774046886 36.76346833869377 48315.0
-116.60837369998012 36.76346824476841 48317.1
-116.6083494361475 36.76346822882119 48318.5
-116.60832500585184 36.76346827756999 48319.6
-116.60830044884844 36.76346837202038 48321.1
-116.60827579718584 36.763468487556 48322.1
-116.60825108792656 36.76346858715624 48321.7
-116.60822638742172 36.76346864706274 48322.2
-116.60820173743768 36.76346866308476 48324.2
-116.60817717021452 36.76346864602804 48326.0
-116.60815273537368 36.76346861903608 48327.4
-116.60812841480758 36.763468611629214 48328.7
-116.60810419669866 36.76346863777192 48330.2
-116.60808006157568 36.763468700743246 48330.8
-116.60805596806247 36.76346879616247 48331.5
-116.60803187542967 36.7634689072654 48333.0
-116.60800776506504 36.76346902157211 48333.9
-116.60798362011084 36.76346912981663 48335.0
-116.60795942983724 36.763469228184896 48337.1
-116.60793520600006 36.7634693229319 48338.6
-116.60791095891128 36.76346942332651 48339.1
-116.6078867056013 36.76346953367894 48339.8
-116.6078624698096 36.76346965594629 48340.8
-116.6078382751038 36.76346978786992 48341.9
-116.60781413989372 36.76346992608049 48343.2
-116.60779007390931 36.763470067867885 48344.6
-116.60776608394433 36.76347021424648 48345.5
-116.60774214075948 36.763470356206426 48345.9
-116.60771821895878 36.76347047472313 48346.2
-116.607694275569 36.763470548865214 48346.2
-116.60767027166132 36.763470543873446 48345.6
-116.60764617858725 36.763470450977984 48344.6
-116.60762196345122 36.76347027141146 48344.4
-116.60759761611604 36.76347002240176 48344.5
-116.60757315329592 36.76346972914766 48346.1
-116.60754862281244 36.76346943426814 48347.6
-116.607524057087 36.76346917653924 48347.2
-116.607499503087 36.763468995613486 48345.5
-116.60747495980144 36.76346894453869 48343.7
-116.60745041847204 36.76346902017051 48342.4
-116.60742588212456 36.76346921999028 48340.5
-116.60740134528945 36.76346953170509 48338.2
-116.6073767539188 36.763469952550224 48336.3
-116.60735210043948 36.76347043926423 48333.6
-116.60732740431176 36.763470945879405 48330.8
-116.60730268196886 36.76347141364994 48327.7
-116.60727799401256 36.76347178931871 48324.5
-116.60725336668976 36.76347208159154 48321.2
-116.607228794235 36.763472303164605 48318.1
-116.60720425704362 36.763472468333866 48315.1
-116.60717973610777 36.76347258020848 48312.0
-116.6071551972746 36.76347264604822 48307.2
-116.60713061783431 36.76347266666287 48301.8
-116.60710599472829 36.76347264963986 48297.1
-116.60708134910612 36.763472612765725 48292.4
-116.6070567048476 36.76347258632873 48288.2
-116.6070320808856 36.763472597438415 48283.4
-116.6070075077782 36.763472667137066 48278.4
-116.60698299824746 36.76347281986873 48273.2
-116.60695845797387 36.76347304294465 48268.0
-116.60693409914865 36.76347331865056 48262.9
-116.60690981454286 36.76347362175686 48256.2
-116.6068855852236 36.763473916558006 48249.9
-116.60686137274696 36.76347417453272 48243.1
-116.60683713779018 36.76347437853177 48237.3
-116.60681282212758 36.76347451436513 48231.8
-116.60678839441408 36.76347456071941 48226.9
-116.60676382129712 36.76347453433257 48222.2
-116.60673907574696 36.76347444268978 48217.8
-116.60671415042223 36.76347430170471 48211.9
-116.60668906582724 36.7634741336439 48206.1
-116.60666389046057 36.76347396683176 48200.4
-116.60663867709307 36.76347381654762 48194.8
-116.60661347941364 36.76347368675663 48189.7
-116.60658835521608 36.763473568520766 48184.5
-116.60656333494752 36.76347343949 48179.1
-116.6065384376756 36.76347327578728 48174.4
-116.6065136618848 36.76347306688773 48170.0
-116.60648904258083 36.76347281663783 48166.4
-116.6064645520538 36.763472561085656 48163.4
-116.60644018642972 36.76347234034596 48162.1
-116.60641596823568 36.76347219317401 48162.0
-116.60639186383708 36.763472165232045 48160.0
-116.60636783525436 36.76347223437417 48157.7
-116.60634385865824 36.76347237370887 48155.1
-116.60631990304393 36.7634725483461 48153.5
-116.60629592525696 36.76347272992926 48152.0
-116.60627189489196 36.763472897741885 48150.6
-116.60624778527864 36.763473039786895 48149.0
-116.60622357421364 36.76347315526216 48147.3
-116.60619925229128 36.76347325046476 48147.7
-116.60617485332936 36.763473342097285 48149.0
-116.60615040652034 36.76347344072829 48149.5
-116.60612593984756 36.76347355112033 48148.7
-116.60610146370576 36.76347366846383 48148.9
-116.60607698640608 36.763473783584814 48150.0
-116.60605250772537 36.76347389410839 48152.6
-116.60602802869992 36.76347400614782 48155.9
-116.60600353770884 36.76347412440793 48159.6
-116.60597903565908 36.76347423825213 48163.2
-116.60595452986628 36.76347433113943 48167.2
-116.6059300080703 36.763474378610006 48171.0
-116.60590548827912 36.76347434585743 48172.6
-116.60588096198016 36.763474236484896 48175.8
-116.6058564299932 36.7634740657807 48181.3
-116.6058319045028 36.76347385600122 48186.9
-116.60580743566167 36.763473633097526 48194.0
-116.60578304686108 36.76347343386818 48202.3
-116.60575876221831 36.7634732841457 48209.2
-116.60573460632769 36.76347320310699 48214.2
-116.60571054787611 36.76347320400159 48219.0
-116.60568653924712 36.76347325248886 48223.7
-116.60566253916762 36.763473311990445 48228.9
-116.60563848902132 36.7634733492376 48234.1
-116.60561435215276 36.76347332828 48239.2
-116.60559012148552 36.76347325083663 48244.8
-116.60556580076016 36.76347313244148 48250.1
-116.60554140853073 36.76347300236191 48256.7
-116.60551694503054 36.76347289896522 48263.1
-116.60549243351264 36.763472838535954 48269.2
-116.60546788895266 36.76347282095876 48274.4
-116.60544332212578 36.763472833109525 48280.1
-116.6054187318786 36.76347285372045 48287.1
-116.60539413090912 36.76347286771821 48295.4
-116.60536953093876 36.76347287361317 48303.9
-116.60534494862232 36.763472878473 48310.4
-116.6053203970586 36.763472895933056 48317.8
-116.60529587276017 36.76347292681112 48325.5
-116.60527136756043 36.76347295891784 48332.4
-116.60524686240032 36.76347297477516 48338.2
-116.60522235236732 36.76347295089717 48342.7
-116.60519781942082 36.7634728865602 48349.0
-116.60517324678068 36.7634727828744 48357.4
-116.6051486296838 36.763472648688165 48363.4
-116.60512398529129 36.76347249980553 48368.2
-116.60509933836252 36.763472355262415 48373.6
-116.6050747100771 36.76347222716124 48380.5
-116.60505011887412 36.76347211754448 48385.1
-116.60502558482868 36.7634720207464 48389.2
-116.6050011217866 36.763471921505456 48392.2
-116.60497674859393 36.76347180473121 48394.4
-116.60495247603556 36.763471665567685 48394.5
-116.60492832751974 36.76347150790748 48393.4
-116.60490426548172 36.763471359064674 48393.5
-116.60488025694852 36.76347125056804 48394.7
-116.60485628227896 36.76347121413463 48395.3
-116.60483224571496 36.76347130338403 48396.0
-116.60480811797908 36.76347152257424 48397.1
-116.6047838900486 36.76347188097986 48397.9
-116.60475958882138 36.76347236909929 48398.2
-116.6047351852945 36.76347296529615 48399.4
-116.60471073689868 36.763473585115776 48401.0
-116.60468626913234 36.76347415677635 48401.2
-116.60466175269816 36.76347461008088 48402.1
-116.60463726629315 36.763474827603325 48402.4
-116.60461280999075 36.76347479580484 48401.7
-116.60458838033956 36.76347452356223 48402.5
-116.60456396653656 36.76347406235927 48405.2
-116.60453965659693 36.76347349175798 48407.2
-116.60451544744444 36.763472935409936 48410.4
-116.60449135320958 36.76347247501778 48416.1
-116.6044674140492 36.76347216525231 48421.2
-116.60444354302892 36.76347206347549 48421.9
-116.60441969371492 36.7634721309426 48421.3
-116.60439583033656 36.763472336573926 48420.1
-116.60437192389372 36.76347263854928 48418.1
-116.6043479169287 36.763472985821394 48413.8
-116.60432383700144 36.763473314214686 48411.2
-116.60429970617275 36.763473583782215 48410.1
-116.60427551482644 36.763473767284765 48406.8
-116.60425129675043 36.763473818167775 48400.9
-116.60422704984428 36.76347375328864 48396.6
-116.60420277029635 36.76347359562532 48393.3
-116.60417845648864 36.76347337785528 48391.5
-116.60415412302268 36.7634731371088 48390.1
-116.60412977028216 36.76347291707416 48389.2
-116.60410540584832 36.76347274461319 48388.0
-116.60408105474244 36.7634726331806 48387.3
-116.60405670455496 36.76347258451983 48385.8
-116.6040323583018 36.7634725583454 48384.2
-116.60400800788987 36.763472518636256 48384.2
-116.6039836294872 36.76347243398283 48382.2
-116.60395925410612 36.76347227481202 48381.5
-116.60393490529812 36.76347206126134 48381.9
-116.60391061141571 36.76347183447916 48381.7
-116.60388641507616 36.76347165362904 48381.7
-116.60386230938389 36.763471590919096 48382.3
-116.60383828738382 36.763471652113694 48382.2
-116.6038143313852 36.76347182479564 48381.7
-116.60379039673978 36.76347206919774 48380.6
-116.60376639560108 36.76347232948747 48378.1
-116.60374228571736 36.763472558024624 48376.5
-116.60371802909523 36.763472737280175 48376.4
-116.6036936012924 36.763472865557695 48376.7
-116.60366902382944 36.76347294258792 48375.9
-116.60364437652348 36.76347300129608 48374.2
-116.60361976145752 36.76347307887848 48374.1
-116.60359536208388 36.76347321716298 48374.3
-116.60357147323916 36.76347347531508 48373.6
-116.60354835215156 36.76347384713761 48373.0
-116.60352632177076 36.76347429342793 48371.6
-116.60350568510655 36.76347471603842 48371.1
-116.6034027107592 36.76337865381193 48333.8
-116.6034044838032 36.76336168560946 48333.2
-116.60340634074588 36.76334362020605 48332.1
-116.60340805762128 36.763324646393606 48330.4
-116.6034094153953 36.76330470133247 48328.3
-116.6034103699938 36.76328442644332 48326.9
-116.60341091863384 36.76326415139137 48324.3
-116.60341110965196 36.76324436900722 48320.0
-116.60341101994906 36.7632256447505 48314.9
-116.60351961661456 36.76313149303865 48307.5
-116.60353887353996 36.76313352732476 48306.0
-116.60355930863236 36.76313564927302 48306.5
-116.603580826851 36.763137633689006 48303.3
-116.60360329835784 36.76313936714544 48299.9
-116.6036265030568 36.76314078311569 48296.8
-116.60365031817716 36.763141852558405 48294.1
-116.6036746077716 36.763142545827925 48290.7
-116.60369936293304 36.76314295377809 48286.0
-116.6037243784897 36.76314313767351 48281.0
-116.60374955156284 36.76314315162234 48276.6
-116.60377476429646 36.76314303664934 48272.4
-116.6037999544944 36.76314285438798 48267.8
-116.60382501212275 36.76314264189303 48263.6
-116.603849870708 36.763142418698095 48260.0
-116.60387443319068 36.763142195642885 48255.7
-116.60389869864476 36.76314197494905 48251.0
-116.60392267799494 36.76314174780446 48247.6
-116.60394641670092 36.76314150116428 48245.7
-116.603969975026 36.76314121896871 48244.2
-116.60399350586056 36.763140907807504 48242.7
-116.6040170897415 36.763140583820885 48241.5
-116.60404079449468 36.763140257307306 48240.0
-116.6040646795258 36.7631399230644 48238.2
-116.60408874015047 36.76313956774231 48236.9
-116.6041129551392 36.76313917964302 48235.8
-116.6041372907981 36.76313875025698 48234.2
-116.60416171329908 36.76313827411316 48233.3
-116.60418619610736 36.763137773356405 48232.8
-116.6042107030202 36.763137270609946 48231.8
-116.60423521256163 36.763136785054925 48231.0
-116.60425971493804 36.76313633337572 48230.9
-116.60428419132415 36.76313591889777 48231.6
-116.60430865167136 36.76313554787196 48231.5
-116.604333090996 36.76313523024242 48230.2
-116.60435751102946 36.76313498623384 48229.6
-116.60438186532384 36.76313481561193 48229.7
-116.60440617809 36.763134709961285 48229.9
-116.60443047527905 36.76313465072239 48231.6
-116.60445479544936 36.763134611758666 48234.3
-116.60447914928194 36.76313456780285 48235.3
-116.60450352968526 36.76313450783109 48235.9
-116.6045279111713 36.76313443173092 48237.0
-116.60455225874632 36.76313434187138 48238.0
-116.60457656248184 36.763134243608974 48240.4
-116.60460080748308 36.76313413914036 48243.0
-116.60462497709185 36.7631340289238 48245.5
-116.60464904289915 36.76313390497839 48248.6
-116.6046730363746 36.763133756022576 48252.8
-116.60469698475048 36.76313356941073 48257.6
-116.60472092696637 36.763133341596735 48262.7
-116.60474491553325 36.76313307349542 48268.4
-116.60476901459376 36.76313278055439 48274.3
-116.60479325089584 36.76313247619226 48280.1
-116.60481764247174 36.7631321774611 48286.8
-116.6048422150878 36.76313191123848 48293.5
-116.60486689903853 36.76313168853452 48300.4
-116.60489167120996 36.76313150381948 48307.7
-116.60491649827624 36.763131342157216 48315.4
-116.60494132937632 36.76313117775616 48324.3
-116.60496612692415 36.76313098315299 48332.3
-116.60499085648476 36.76313074340895 48339.0
-116.60501550292382 36.76313044656364 48345.1
-116.60504004762974 36.76313008266554 48351.8
-116.6050645430421 36.76312966732252 48357.0
-116.60508898064568 36.76312921885573 48360.9
-116.60511336129774 36.76312875640141 48364.5
-116.60513768086209 36.76312829594828 48367.6
-116.60516195136049 36.76312784852156 48369.6
-116.6051861816235 36.763127427811135 48371.0
-116.60521037957292 36.7631270534818 48371.4
-116.60523456887096 36.76312675807047 48371.1
-116.60525871628488 36.7631265521018 48370.2
-116.6052828442575 36.76312643168544 48368.7
-116.60530696226776 36.763126387142506 48366.3
-116.60533109319466 36.763126411016366 48363.9
-116.60535521615655 36.763126474612406 48360.6
-116.6053793553886 36.763126550355885 48356.7
-116.60540351763868 36.7631266113935 48353.3
-116.60542769286651 36.76312662801181 48349.9
-116.60545189469369 36.76312659406289 48346.1
-116.60547609965396 36.76312651176548 48341.2
-116.60550029574684 36.7631263875842 48336.2
-116.60552446238636 36.76312622397399 48331.4
-116.6055486224532 36.76312602849956 48326.5
-116.60557277333768 36.763125804100575 48321.6
-116.60559692797796 36.76312555320126 48317.0
-116.60562110246158 36.76312528795799 48311.7
-116.60564530297404 36.76312502770903 48305.3
-116.60566952704968 36.76312477703458 48299.6
-116.60569377987224 36.76312452940452 48294.4
-116.60571807384645 36.76312427722649 48289.5
-116.60574241701856 36.76312401813547 48284.6
-116.6057668118126 36.76312375252524 48279.2
-116.60579124869138 36.763123482546376 48273.8
-116.60581571344052 36.76312321149657 48268.5
-116.60584017834982 36.763122944296086 48263.4
-116.60586462341372 36.76312268487884 48258.5
-116.60588903338764 36.763122434383966 48253.8
-116.60591338697732 36.763122194030124 48249.0
-116.60593767699622 36.7631219569662 48244.3
-116.6059619099567 36.7631217150159 48239.7
-116.60598609988816 36.76312146098142 48235.5
-116.6060102605272 36.76312118851158 48231.7
-116.60603441235538 36.76312090360981 48228.1
-116.60605854797365 36.76312061531304 48224.6
-116.60608266006768 36.76312033525886 48221.3
-116.60610674321964 36.76312007551015 48218.5
-116.6061307862826 36.76311983427654 48216.2
-116.60615479685012 36.763119605510255 48214.2
-116.60617877675932 36.76311938610433 48212.7
-116.6062027285562 36.76311917709555 48211.6
-116.60622665312334 36.763118974318 48211.1
-116.60625055742548 36.7631187700965 48210.7
-116.60627444560372 36.76311855651832 48210.8
-116.60629831364535 36.76311833931076 48211.7
-116.60632215130508 36.763118134255954 48213.3
-116.60634594939091 36.763117956554666 48215.6
-116.606369705858 36.76311781739063 48218.6
-116.60639343849256 36.763117728510174 48220.9
-116.60641715081525 36.763117681729 48223.8
-116.606440888974 36.76311766947391 48227.9
-116.60646468647433 36.76311768709891 48231.8
-116.6064886006949 36.763117731323376 48235.6
-116.6065126414728 36.76311780304962 48240.0
-116.60653683326244 36.76311790578202 48244.8
-116.60656118909937 36.76311803907184 48250.5
-116.60658572804296 36.76311819890661 48255.9
-116.60661038699996 36.76311836016991 48261.7
-116.60663512850408 36.763118486589306 48267.4
-116.60665991329424 36.76311853898996 48272.4
-116.60668467615416 36.76311847065818 48277.8
-116.60670945241912 36.763118282865314 48282.9
-116.60673419885156 36.763117994124 48288.1
-116.60675890491116 36.76311763231166 48293.9
-116.60678354914826 36.763117227481935 48299.4
-116.60680813780804 36.76311681890724 48304.0
-116.60683265687211 36.76311643037256 48308.7
-116.60685711002948 36.763116079819405 48313.3
-116.60688161334537 36.7631157906635 48317.3
-116.60690596539038 36.76311556456789 48321.1
-116.60693029954994 36.7631153917364 48325.2
-116.60695463866888 36.76311526065704 48328.6
-116.6069790098727 36.76311516081111 48331.6
-116.6070034191342 36.76311508175809 48334.8
-116.60702787784844 36.76311502165581 48338.1
-116.6070523862852 36.7631149813314 48340.3
-116.60707693506782 36.76311496376809 48342.1
-116.60710149267906 36.76311495723005 48344.0
-116.60712605439522 36.76311494399984 48344.8
-116.6071506191802 36.76311490310244 48346.1
-116.60717519098274 36.76311479797835 48348.0
-116.60719980711032 36.76311460938602 48349.3
-116.60722445947168 36.76311433049812 48350.0
-116.60724914022 36.76311396589728 48349.7
-116.6072738415834 36.763113523743634 48349.9
-116.60729857423128 36.76311303969625 48350.5
-116.60732331781988 36.763112542486375 48351.1
-116.60734806576436 36.76311205983895 48351.5
-116.60737280931832 36.7631116236675 48351.7
-116.60739751931122 36.763111250781215 48351.6
-116.60742219277024 36.763110954622974 48350.8
-116.60744682867876 36.76311074433469 48350.3
-116.6074714324516 36.76311063620592 48350.7
-116.6074959837463 36.763110607532326 48350.4
-116.60752050978444 36.763110627860165 48349.9
-116.60754501857087 36.7631106619209 48349.5
-116.60756950661462 36.76311067860212 48348.8
-116.60759399348872 36.763110653924784 48348.3
-116.60761848598412 36.763110571314094 48347.6
-116.60764298780904 36.763110420440334 48346.8
-116.60766750007843 36.76311019172943 48345.9
-116.60769203986912 36.763109904984695 48344.6
-116.60771659117196 36.76310957680396 48343.3
-116.60774116029876 36.76310922868244 48342.4
-116.6077657630076 36.763108887269766 48341.7
-116.6077904004798 36.76310856887225 48340.7
-116.60781507743675 36.76310828614115 48339.3
-116.60783979010768 36.76310804362768 48337.9
-116.60786453901822 36.76310784179257 48336.8
-116.60788930921927 36.763107668331855 48335.9
-116.60791410929048 36.763107518682325 48334.8
-116.60793893893576 36.7631073876623 48333.5
-116.60796380643924 36.763107266582175 48332.3
-116.60798870911754 36.76310714045789 48331.0
-116.60801363744072 36.76310699841517 48329.7
-116.60803856998372 36.76310683695071 48329.5
-116.608063477374 36.7631066610827 48328.8
-116.60808833740742 36.763106491577645 48327.2
-116.60811314234384 36.763106343385815 48325.7
-116.60813790602184 36.76310622590984 48324.3
-116.60816264971017 36.7631061453836 48323.4
-116.60818738528695 36.76310609318382 48322.7
-116.60821213442308 36.76310606320098 48321.8
-116.60823690295652 36.76310605163362 48320.8
-116.60826169438648 36.763106053283295 48319.4
-116.6082864986709 36.76310605571446 48318.0
-116.60831130814124 36.76310605206153 48317.4
-116.60833610407592 36.76310604264866 48316.7
-116.60836085739513 36.76310603586151 48315.0
-116.60838554487611 36.76310604291289 48313.1
-116.60841015675663 36.763106067634055 48312.2
-116.60843469093888 36.76310610596884 48311.9
-116.6084591488856 36.76310614820838 48311.7
-116.6084835681207 36.76310618238405 48310.9
-116.6085079749988 36.76310619999793 48310.1
-116.60853238422636 36.763106197702896 48309.5
-116.60855681620107 36.763106180652834 48308.9
-116.60858128130953 36.763106163821725 48307.8
-116.60860577684636 36.7631061543039 48306.9
-116.60863030851166 36.763106153054174 48306.8
-116.60865489114812 36.763106159795385 48306.5
-116.60867952572956 36.76310616449258 48305.7
-116.60870421800207 36.763106159069885 48304.3
-116.60872896070305 36.76310614155384 48303.1
-116.608753739725 36.76310611563077 48302.7
-116.6087785387922 36.76310608655881 48302.0
-116.608803358083 36.76310605357273 48301.8
-116.60882820449156 36.76310602121513 48301.6
-116.60885307847228 36.76310599785946 48300.8
-116.60887794209614 36.763105994059714 48300.3
-116.60890272954856 36.76310602074443 48299.8
-116.60892732661212 36.76310608328201 48299.2
-116.60895145984308 36.76310617544856 48298.6
-116.608974890996 36.763106256060105 48297.4
-116.60912469331132 36.76300398454915 48299.4
-116.60912255106912 36.76298696160652 48301.7
-116.60912021080333 36.76296884135088 48301.7
-116.60911790529164 36.76294998950395 48300.1
-116.6091157290084 36.76293066047305 48299.6
-116.6091137064874 36.76291115630659 48299.9
-116.60911182399316 36.76289196320814 48297.7
-116.60898500515265 36.76278415784876 48304.6
-116.60896497176348 36.76278662467191 48316.3
-116.60894368748056 36.76278928984221 48314.3
-116.6089211158487 36.762792045598495 48314.9
-116.6088976281355 36.76279478086255 48315.6
-116.60887338318696 36.76279743303797 48315.5
-116.60884852168904 36.7627999421584 48314.7
-116.60882312829438 36.76280221822916 48314.4
-116.6087975447924 36.7628042452712 48315.4
-116.60877187064652 36.762806033163535 48317.1
-116.608746208252 36.7628075974518 48318.1
-116.60872065742124 36.76280893248664 48319.3
-116.60869534548688 36.7628100935239 48320.5
-116.60867030086185 36.7628111177033 48321.2
-116.608645592492 36.762812035581376 48321.9
-116.608621365542 36.762812871383375 48324.7
-116.60859763711744 36.76281366582671 48327.3
-116.60857441816523 36.76281443211608 48328.4
-116.608551698333 36.76281516376596 48328.6
-116.60852947191496 36.76281582657952 48328.4
-116.60850759829978 36.7628163880312 48328.5
-116.60848594464788 36.76281682504568 48328.1
-116.60846436444882 36.762817127971765 48327.2
-116.60844265881784 36.762817283246406 48327.2
-116.6084207296471 36.76281732759158 48328.9
-116.60839844125672 36.76281729483585 48330.3
-116.60837572977528 36.762817214229294 48331.4
-116.6083525238294 36.76281711085346 48333.6
-116.60832892858863 36.762817008755775 48335.3
-116.60830501018845 36.76281692127508 48337.0
-116.60828084522092 36.76281685942213 48338.1
-116.60825647820056 36.7628168366934 48338.8
-116.60823197570431 36.76281685704544 48339.9
-116.60820738645 36.76281692643727 48341.0
-116.60818274869284 36.76281704523631 48340.9
-116.6081580960591 36.762817214715646 48340.8
-116.6081333393939 36.762817417092336 48341.9
-116.60810869825892 36.76281763120413 48343.1
-116.60808407503428 36.76281783790841 48344.0
-116.60805946186092 36.76281801257768 48344.8
-116.6080348557218 36.76281814278636 48345.7
-116.60801025340842 36.762818227412566 48347.1
-116.60798566465348 36.76281827615952 48348.2
-116.607961117643 36.76281830593842 48349.0
-116.60793662168383 36.762818337996336 48350.1
-116.60791218270444 36.762818381830506 48351.6
-116.60788780116935 36.7628184371896 48352.4
-116.60786346967797 36.76281850207457 48352.6
-116.60783916392757 36.76281857072998 48352.9
-116.60781487510164 36.76281864090864 48353.8
-116.60779060270735 36.76281871340383 48355.2
-116.60776635066252 36.762818794267126 48356.4
-116.6077421160293 36.76281888364312 48358.8
-116.60771790180148 36.762818985573766 48361.7
-116.60769370261367 36.76281910066583 48362.6
-116.60766949564966 36.76281922210125 48362.8
-116.60764526259136 36.76281933804932 48363.9
-116.60762099132025 36.7628194379578 48365.5
-116.60759667210736 36.7628195134618 48367.4
-116.60757229409325 36.76281956305182 48369.3
-116.60754785976386 36.76281959056434 48371.0
-116.6075233654024 36.76281959865384 48372.6
-116.60749882029316 36.76281959196617 48374.1
-116.60747425055148 36.76281957204478 48375.2
-116.60744969190996 36.76281954609392 48376.4
-116.60742516498046 36.76281951396475 48377.8
-116.6074006887604 36.762819475737786 48379.1
-116.60737629800934 36.76281943412673 48380.5
-116.60735200411165 36.76281940548614 48382.1
-116.6073278154368 36.76281941329741 48383.9
-116.60730373819668 36.76281947244604 48386.8
-116.60727976934434 36.762819586786655 48388.3
-116.60725586550905 36.762819725908 48388.3
-116.60723200469596 36.76281986651036 48388.5
-116.60720814601108 36.76281998985631 48389.6
-116.6071842330717 36.762820077903605 48391.8
-116.60716023772564 36.76282013506651 48393.0
-116.60713613508382 36.76282017790094 48393.4
-116.60711192657494 36.762820226461 48394.0
-116.607087633993 36.762820300555845 48394.1
-116.60706331194989 36.76282041134205 48396.0
-116.60703899935824 36.76282056628816 48398.1
-116.60701471456272 36.76282076782108 48398.6
-116.60699044883494 36.76282102288794 48397.7
-116.60696616959812 36.76282132310532 48398.7
-116.60694186482183 36.76282166541598 48399.0
-116.6069175179895 36.762822038741554 48396.9
-116.60689309737616 36.762822421307135 48393.6
-116.60686859360776 36.76282279408174 48391.6
-116.60684399208338 36.762823149558535 48389.9
-116.60681927968524 36.762823477122446 48388.2
-116.60679443841748 36.76282374430913 48386.3
-116.6067695261884 36.76282392496416 48383.3
-116.60674458563768 36.7628240068108 48380.0
-116.60671966899304 36.76282398698284 48378.5
-116.60669486839735 36.762823855526015 48376.9
-116.60667023972944 36.76282364623543 48374.4
-116.6066457871987 36.76282339270082 48373.1
-116.60662152359872 36.76282313419803 48372.6
-116.60659747603924 36.762822920235294 48370.8
-116.60657359620134 36.7628227755564 48369.6
-116.60654988033264 36.76282270493421 48368.2
-116.60652630908794 36.76282269581328 48365.2
-116.6065028417362 36.76282272852605 48362.8
-116.60647939921115 36.76282277118048 48360.6
-116.6064559346934 36.76282280208136 48356.6
-116.60643240765648 36.76282280576047 48353.4
-116.60640880029057 36.762822776945534 48350.6
-116.6063851324858 36.76282273422933 48348.2
-116.60636141013576 36.762822694940205 48345.5
-116.60633763909668 36.76282267148799 48344.8
-116.60631379391252 36.76282266687971 48342.4
-116.60628986377736 36.762822670063606 48339.4
-116.60626584407416 36.76282266989019 48336.5
-116.60624173280048 36.762822661625535 48333.7
-116.6062175253265 36.76282265167667 48332.6
-116.60619324723804 36.7628226528062 48330.1
-116.60616891910932 36.76282267954152 48326.4
-116.60614457089468 36.76282274554002 48324.5
-116.60612023971692 36.762822866809714 48323.0
-116.606095949645 36.76282303372988 48322.9
-116.60607173682232 36.7628232314246 48323.7
-116.6060476287762 36.76282344640858 48323.9
-116.60602366383524 36.76282367842576 48324.8
-116.60599982219848 36.762823935369525 48324.4
-116.60597609000872 36.762824219656494 48323.3
-116.6059524406498 36.76282452360536 48323.2
-116.60592882767276 36.76282482599331 48323.8
-116.60590519787704 36.762825088420925 48323.9
-116.60588151678536 36.76282527258633 48324.7
-116.60585774422664 36.76282535064424 48325.4
-116.60583384971088 36.76282528410322 48325.9
-116.6058098703396 36.7628250906624 48327.7
-116.6057857904086 36.7628247833447 48329.9
-116.60576162535293 36.7628243792738 48330.6
-116.60573742377204 36.76282390544242 48332.7
-116.60571323688433 36.76282341777451 48335.0
-116.60568908477867 36.76282295247656 48337.9
-116.60566499009497 36.76282253229408 48339.0
-116.60564097434376 36.76282218117824 48341.2
-116.60561702931513 36.76282189728055 48344.1
-116.6055931787016 36.76282167450436 48346.9
-116.60556944727443 36.76282149961283 48348.6
-116.60554588025526 36.76282136624809 48348.9
-116.60552247087573 36.76282127021824 48351.0
-116.60549922684308 36.76282122738839 48354.7
-116.60547614574 36.762821259434986 48357.8
-116.60545319691464 36.76282139070823 48361.7
-116.60543027709588 36.76282158564431 48363.6
-116.60540732996992 36.76282179857775 48363.7
-116.60538427887344 36.762821980221474 48363.8
-116.60536104485963 36.762822071082624 48365.7
-116.605337657966 36.76282205619509 48367.9
-116.6053141241769 36.762821940385216 48369.4
-116.60529048060384 36.76282175012668 48370.1
-116.60526677153852 36.76282153272325 48371.7
-116.60524303889758 36.76282134488415 48373.8
-116.6052193087565 36.76282122164739 48376.2
-116.60519561337658 36.76282118013752 48376.5
-116.60517196803904 36.76282124026564 48375.3
-116.60514834727688 36.76282138206732 48373.5
-116.6051247537659 36.76282158860096 48372.2
-116.60510117436309 36.762821840649686 48372.1
-116.60507758017197 36.76282211498504 48371.1
-116.6050539459386 36.76282237767503 48367.7
-116.6050302550224 36.762822609815565 48363.3
-116.60500650311148 36.76282280842761 48358.7
-116.60498271334336 36.762822990058766 48354.5
-116.6049589261046 36.7628231910932 48349.8
-116.60493517449812 36.76282344483406 48344.4
-116.60491149605024 36.762823777086034 48338.0
-116.60488790379284 36.762824217446976 48330.9
-116.6048643532187 36.76282475573756 48323.4
-116.60484083381364 36.76282538549789 48316.9
-116.60481731336144 36.76282609542564 48310.2
-116.60479372514132 36.76282687470396 48304.5
-116.60477002828536 36.76282768173751 48297.0
-116.60474621105185 36.76282847616872 48288.4
-116.60472224773248 36.76282921638841 48282.6
-116.6046981142196 36.762829848516446 48277.2
-116.60467386784948 36.762830360651 48270.2
-116.6046495041524 36.76283074338943 48264.4
-116.60462501896164 36.76283099428497 48259.1
-116.60460041009 36.76283109614612 48253.5
-116.6045757275234 36.76283108671629 48249.0
-116.60455096847632 36.7628309966632 48245.5
-116.60452615249416 36.76283086432454 48242.8
-116.6045013021426 36.76283074034063 48241.2
-116.60447642300944 36.76283067254175 48239.0
-116.60445152142252 36.762830683978095 48238.6
-116.60442660036524 36.76283077301484 48238.1
-116.60440163780328 36.76283092399286 48237.4
-116.60437662606792 36.76283109881539 48237.6
-116.60435158096767 36.762831275155925 48238.9
-116.6043265198087 36.76283144495768 48240.8
-116.60430147746396 36.76283161706534 48242.4
-116.60427637413288 36.76283180157496 48244.9
-116.60425142470385 36.76283199581512 48248.1
-116.60422653256012 36.76283219528943 48251.2
-116.60420170269003 36.762832394811234 48254.0
-116.60417692163396 36.76283259029992 48258.8
-116.60415217995237 36.76283277980672 48264.1
-116.60412746974444 36.76283296332503 48267.9
-116.6041027965194 36.76283315224153 48272.5
-116.60407815325544 36.762833376217536 48276.0
-116.60405353813135 36.76283366303112 48280.5
-116.60402895668597 36.762834024733685 48285.2
-116.6040043865662 36.762834466179285 48289.0
-116.603979816691 36.76283495217459 48292.4
-116.6039552463574 36.76283545002221 48296.9
-116.60393065477965 36.76283592129822 48301.0
-116.60390603653 36.76283630739138 48303.4
-116.60388138913916 36.76283658599863 48306.5
-116.60385669405116 36.76283674672637 48308.7
-116.60383192505516 36.76283679289096 48311.9
-116.60380708709812 36.76283671788656 48315.9
-116.60378219097088 36.76283655383534 48319.5
-116.6037572276078 36.762836317443366 48322.4
-116.60373219641636 36.762836028436695 48324.3
-116.60370710945278 36.762835712009945 48326.0
-116.60368199099324 36.76283541169277 48327.4
-116.6036568732356 36.76283517045276 48330.2
-116.60363184060216 36.762835036615655 48333.2
-116.60360700025032 36.762835092826805 48334.9
-116.60358247452912 36.76283536276272 48335.9
-116.60355849682504 36.762835874468486 48337.0
-116.60353538761032 36.76283663190639 48338.9
-116.60351361396232 36.76283762402382 48340.7
-116.60339218559848 36.76276021564148 48334.2
-116.60339352871205 36.76274418263984 48327.8
-116.60339520040276 36.76272695213617 48333.3
-116.60339693170052 36.76270848271342 48335.2
-116.6033984947981 36.76268909883504 48336.0
-116.6033997494618 36.76266904748881 48337.4
-116.6034006098143 36.76264868231164 48338.5
-116.603400977252 36.76262840618463 48338.2
-116.60340096842044 36.762608693195176 48335.8
-116.6034007108133 36.762589989267305 48332.1
-116.60355925291876 36.76249987009172 48333.8
-116.60358182918549 36.76250157204793 48332.9
-116.60360534029157 36.762503026314526 48331.0
-116.60362960149176 36.76250418470931 48329.3
-116.60365442163231 36.76250503396032 48327.7
-116.60367977574649 36.76250554925052 48325.3
-116.60370544043576 36.76250582511752 48322.6
-116.60373125511408 36.76250591684127 48320.0
-116.60375709468404 36.762505875957416 48316.8
-116.60378285209872 36.76250573805488 48313.3
-116.60380843441185 36.762505554324186 48309.9
-116.6038337640716 36.76250535079854 48306.6
-116.60385878232012 36.76250514080571 48303.7
-116.6038833903901 36.76250492459345 48300.9
-116.60390763603274 36.762504697158015 48298.9
-116.60393155444416 36.76250445787086 48297.5
-116.60395520952048 36.762504203347135 48296.4
-116.6039786884751 36.76250392619088 48295.1
-116.60400212880404 36.762503637199046 48294.4
-116.60402561395098 36.76250335298148 48294.0
-116.60404920616205 36.76250309691149 48292.7
-116.60407292117138 36.762502900601845 48290.3
-116.60409671848414 36.76250276318068 48288.2
-116.60412058226817 36.76250267041508 48287.2
-116.60414449989524 36.7625025946144 48286.0
-116.60416847354432 36.762502506995446 48284.3
-116.60419249664623 36.762502399499326 48282.6
-116.60421656512204 36.76250227990041 48279.4
-116.60424068247175 36.762502166395485 48275.9
-116.60426485255816 36.76250207451433 48273.4
-116.604289074371 36.76250200141198 48271.7
-116.60431335921145 36.76250194062303 48269.8
-116.6043377120939 36.76250188035238 48266.4
-116.6043621356628 36.7625018087191 48262.8
-116.6043866004112 36.76250172183384 48259.6
-116.60441108853736 36.76250161794791 48256.7
-116.6044355790612 36.76250150247542 48254.5
-116.60446004020302 36.762501384267445 48252.2
-116.60448444973348 36.762501272641295 48249.9
-116.60450879592996 36.76250117375898 48248.1
-116.6045330835844 36.76250108335091 48246.1
-116.60455733773796 36.7625009832672 48244.9
-116.6045815985904 36.76250085813058 48244.3
-116.6046058814958 36.76250070124562 48243.7
-116.60463018861988 36.76250051103718 48242.5
-116.60465452975056 36.76250029126916 48241.5
-116.60467887634871 36.76250006183795 48240.9
-116.60470319626722 36.76249983323085 48240.2
-116.60472746111726 36.762499610826914 48240.4
-116.60475162175771 36.762499402546936 48240.3
-116.60477567650568 36.76249920571144 48241.2
-116.60479964000146 36.76249901163671 48242.5
-116.6048235421348 36.762498808380506 48243.5
-116.60484743434334 36.76249858523625 48244.7
-116.60487136813416 36.7624983463444 48245.7
-116.60489537833436 36.762498102362855 48246.0
-116.60491949084592 36.762497869031606 48247.0
-116.60494372477623 36.762497666077536 48248.5
-116.60496804807664 36.76249749088375 48249.5
-116.60499244666124 36.762497326041135 48250.3
-116.60501690123031 36.762497145772336 48251.7
-116.60504140444768 36.76249692440939 48252.6
-116.6050659259968 36.76249666661058 48253.1
-116.60509043487453 36.76249638714453 48253.6
-116.60511491415583 36.762496109997805 48253.9
-116.60513933859852 36.762495858588494 48254.1
-116.60516370509472 36.76249564039042 48255.0
-116.60518800549347 36.76249546409647 48255.7
-116.6052122368647 36.76249533402716 48255.9
-116.60523637558606 36.76249524836936 48256.5
-116.6052604577997 36.76249517376069 48256.9
-116.6052845179878 36.762495084009394 48257.2
-116.60530857600776 36.7624949670241 48257.3
-116.60533265966048 36.76249480428428 48258.1
-116.60535678518498 36.76249458333072 48259.7
-116.60538095695676 36.76249429906193 48260.1
-116.60540517233336 36.76249396386302 48260.0
-116.60542943796987 36.76249360150359 48260.2
-116.60545372461904 36.76249324497447 48260.4
-116.60547800804896 36.76249291230136 48260.5
-116.60550227505864 36.76249261572038 48260.9
-116.60552650098256 36.7624923659355 48261.6
-116.60555068954484 36.76249215124136 48262.2
-116.60557484793904 36.762491963021255 48263.0
-116.60559898457204 36.76249179949856 48263.9
-116.60562309175587 36.76249167646385 48264.3
-116.60564716899992 36.76249159859519 48264.3
-116.60567122137256 36.76249156125349 48264.2
-116.60569525515398 36.762491549739664 48264.2
-116.60571927540192 36.762491549449535 48264.3
-116.6057433969262 36.76249154673796 48264.5
-116.60576744182252 36.762491532188506 48265.0
-116.6057915154768 36.76249149649361 48265.0
-116.60581564470188 36.76249142928482 48264.7
-116.6058398173886 36.762491335636334 48264.3
-116.60586402307582 36.76249121868688 48263.8
-116.6058882475738 36.762491083579846 48263.6
-116.60591248790108 36.76249093119419 48263.8
-116.60593673115582 36.76249076848063 48263.9
-116.60596097121848 36.76249059895319 48264.2
-116.605985210966 36.76249042350478 48265.0
-116.60600946576444 36.762490242297126 48265.6
-116.60603373816323 36.76249005171648 48266.4
-116.60605802760864 36.762489845431766 48267.4
-116.6060823297932 36.76248962460718 48268.7
-116.60610664036504 36.7624893982118 48270.6
-116.60613094745544 36.762489177733336 48273.2
-116.60615525105612 36.762488965722106 48276.0
-116.60617956297324 36.76248876214782 48279.4
-116.60620389246014 36.76248857820508 48283.5
-116.6062282399567 36.76248842336752 48287.8
-116.60625260415986 36.76248830857539 48292.2
-116.60627698736612 36.76248823859344 48296.4
-116.60630135829508 36.7624882159834 48301.2
-116.60632570742536 36.762488221884674 48306.4
-116.60635002773628 36.762488237865504 48311.8
-116.60637431968136 36.76248824142388 48318.0
-116.60639860634848 36.76248821174942 48323.8
-116.60642290672168 36.76248815704292 48329.5
-116.6064472358442 36.76248809158793 48333.9
-116.60647161005792 36.76248803168159 48337.9
-116.60649604173732 36.76248800213797 48342.1
-116.60652053854 36.7624880147149 48346.8
-116.60654511418822 36.76248806998308 48351.9
-116.6065697814528 36.76248815797893 48356.1
-116.60659454397656 36.76248826372581 48359.5
-116.60661938385816 36.76248835639827 48363.4
-116.60664428587437 36.76248840609836 48366.8
-116.60666921712844 36.762488392136405 48369.8
-116.6066941856784 36.762488293170335 48371.4
-116.60671916180884 36.76248812573071 48372.8
-116.60674412711354 36.762487898374566 48374.1
-116.6067690612855 36.76248761619515 48375.3
-116.60679397567232 36.76248727739562 48376.7
-116.60681886547358 36.76248690070253 48377.6
-116.60684372634957 36.762486500667634 48378.4
-116.6068685555962 36.762486094390255 48378.9
-116.60689333520308 36.7624857075476 48379.1
-116.60691806595511 36.76248536096935 48378.8
-116.6069427518386 36.762485070205685 48378.5
-116.60696740996094 36.76248484716895 48378.2
-116.6069920063692 36.762484709682816 48377.3
-116.60701655949347 36.76248463799397 48376.9
-116.60704107818248 36.762484617625766 48376.4
-116.60706557129927 36.76248462629077 48375.2
-116.60709005354924 36.76248463589504 48374.2
-116.60711455786848 36.762484617487445 48373.0
-116.60713911335492 36.7624845483894 48371.1
-116.60716372204628 36.76248441136615 48369.2
-116.60718843724229 36.762484174615295 48368.4
-116.60721322922672 36.76248384757898 48368.6
-116.60723806000516 36.7624834428084 48367.3
-116.6072628842726 36.76248298959637 48365.9
-116.60728766481948 36.7624825280014 48364.1
-116.60731238256004 36.7624820927783 48362.3
-116.60733703521495 36.762481697458256 48360.7
-116.6073616407632 36.76248134522231 48358.8
-116.6073862031305 36.76248103992072 48356.9
-116.6074107637461 36.76248076786301 48355.0
-116.60743534785564 36.76248052516094 48353.9
-116.60745997356122 36.76248031295079 48352.8
-116.60748462890714 36.76248014082922 48351.3
-116.60750930392174 36.76247999896233 48349.8
-116.607533992922 36.76247987985804 48348.3
-116.6075586934824 36.76247977075218 48346.5
-116.60758340627184 36.762479656848576 48344.8
-116.60760813621876 36.762479526079055 48344.0
-116.60763288679416 36.76247936663027 48343.1
-116.60765765003676 36.76247917537844 48341.3
-116.60768242325284 36.762478954539 48339.3
-116.6077071831208 36.7624787130779 48337.7
-116.60773191738724 36.762478451225135 48336.1
-116.60775661065874 36.76247817317345 48335.1
-116.60778125438662 36.76247788590931 48333.9
-116.60780584874963 36.76247760942912 48332.6
-116.60783040485688 36.76247735548774 48331.5
-116.60785494446311 36.762477136038 48330.2
-116.60787945755057 36.76247697057124 48328.8
-116.6079039597934 36.76247685789042 48327.9
-116.60792846639887 36.76247679535563 48326.6
-116.60795300000667 36.7624767771121 48324.7
-116.6079775552668 36.76247681046776 48323.0
-116.60800213553712 36.76247688809492 48321.9
-116.60802675469058 36.762477006206645 48321.5
-116.60805143113328 36.76247716407433 48320.8
-116.60807615942356 36.76247737173082 48319.5
-116.60810093198528 36.76247761753716 48318.2
-116.60812574108763 36.76247789410699 48316.0
-116.60815057218213 36.76247818687112 48314.2
-116.60817541580204 36.76247847244328 48313.4
-116.60820026328774 36.76247872715884 48312.7
-116.60822510572132 36.762478935766765 48311.8
-116.60824992109085 36.7624790976944 48311.1
-116.60827469564076 36.76247921636075 48309.8
-116.60829940728928 36.76247931369842 48308.0
-116.60832403605777 36.76247940927159 48306.8
-116.6083485745842 36.7624795171801 48305.7
-116.60837299986017 36.762479650741774 48305.1
-116.60839734701696 36.762479803912754 48304.6
-116.60842164595078 36.76247996347848 48303.8
-116.60844592132976 36.762480108161085 48302.6
-116.60847020983368 36.76248021702028 48301.6
-116.60849451943965 36.762480290695045 48300.8
-116.60851885394086 36.7624803295636 48300.0
-116.60854321140702 36.76248033781192 48299.4
-116.60856760523852 36.76248032409557 48298.4
-116.60859203006244 36.76248031124896 48297.4
-116.6086164906846 36.76248032636909 48296.3
-116.60864100513184 36.76248040244724 48294.9
-116.60866554307324 36.762480592903565 48294.1
-116.60869011022136 36.762480902321805 48293.4
-116.60871472781392 36.76248132591767 48292.2
-116.6087394291102 36.76248184197253 48291.6
-116.60876422950103 36.76248242709843 48291.1
-116.60878914716751 36.76248303949973 48290.5
-116.608814199927 36.76248365340059 48289.8
-116.60883938280676 36.76248425084153 48289.2
-116.60886468403488 36.76248481465648 48288.2
-116.60888999284488 36.76248533339066 48287.3
-116.60891516662528 36.76248578935391 48286.7
-116.60893997420752 36.76248615970365 48286.2
-116.60896402033336 36.76248637848559 48284.7
-116.60911516710452 36.76240241565416 48285.3
-116.6091134461018 36.76238735018614 48286.0
-116.60911138711415 36.76237108411623 48282.6
-116.60910922020751 36.76235355503312 48280.8
-116.60910713643123 36.76233514961029 48280.2
-116.60910520532576 36.762316122251946 48280.2
-116.60910343561332 36.76229679369432 48279.6
-116.60910179234727 36.76227769097639 48278.0
-116.60897565252796 36.76216894953221 48284.1
-116.6089561656418 36.76217088181224 48295.4
-116.60893543647978 36.76217277331116 48293.1
-116.6089133160524 36.76217447177095 48291.3
-116.60889028443069 36.76217592707114 48292.9
-116.60886644674832 36.76217717881597 48296.0
-116.60884200476744 36.76217829060706 48297.7
-116.60881714007157 36.76217933920709 48298.3
-116.60879214225268 36.76218040250647 48300.2
-116.60876714604612 36.762181519708605 48301.6
-116.60874224858269 36.76218269772731 48303.4
-116.60871753264594 36.762183914618745 48305.1
-116.60869296938624 36.76218511771621 48305.3
-116.60866854651012 36.76218625515548 48305.2
-116.60864423718384 36.76218728260137 48306.1
-116.60861997315014 36.76218814354616 48307.3
-116.60859579219763 36.76218881783528 48308.9
-116.60857162475396 36.76218929725867 48309.3
-116.60854744970791 36.762189592638975 48309.2
-116.60852322055916 36.762189721238826 48310.1
-116.60849901581037 36.762189745210016 48311.1
-116.60847481160287 36.7621897102986 48312.9
-116.60845061923904 36.76218965995198 48314.5
-116.60842646580718 36.76218965128905 48316.8
-116.60840231177588 36.76218972832318 48318.0
-116.60837815804652 36.76218991761444 48320.0
-116.60835399658951 36.76219023112516 48320.5
-116.60832984772352 36.762190679288125 48320.7
-116.60830564839192 36.76219122257581 48320.7
-116.60828143427796 36.762191828999406 48320.8
-116.6082572140954 36.76219247349091 48320.7
-116.6082330008179 36.76219313404992 48320.7
-116.60820878878864 36.76219378771946 48322.1
-116.60818456745304 36.76219441918843 48323.7
-116.60816031870688 36.7621950209346 48325.8
-116.60813599451846 36.7621955826806 48327.3
-116.60811160184284 36.76219610237007 48327.4
-116.60808713239192 36.762196580854926 48328.2
-116.60806260183256 36.7621970259432 48329.1
-116.60803802165078 36.76219744979544 48330.5
-116.60801342071728 36.76219786857422 48331.9
-116.60798880416884 36.76219828490306 48333.7
-116.607964179616 36.76219868546367 48334.6
-116.60793954112816 36.76219903755911 48335.2
-116.60791493423896 36.76219931814454 48335.7
-116.60789036989344 36.762199515475686 48336.0
-116.60786587323037 36.76219962297816 48337.0
-116.60784146025944 36.76219962364672 48338.7
-116.60781718693087 36.7621995290622 48340.9
-116.607793025937 36.762199354534594 48343.3
-116.60776895751157 36.76219911774183 48345.6
-116.60774494396632 36.762198837525446 48347.1
-116.60772094809715 36.762198542117375 48348.5
-116.60769693076132 36.76219825418156 48350.4
-116.60767287560904 36.76219799649368 48352.3
-116.60764877702655 36.76219779548644 48354.2
-116.60762459671103 36.762197653486126 48356.0
-116.607600339516 36.76219756615296 48358.0
-116.6075759996768 36.76219751479319 48359.7
-116.6075515648604 36.762197467190376 48360.4
-116.60752707380968 36.76219740506648 48361.2
-116.60750256537942 36.762197335419394 48363.0
-116.6074780816148 36.76219728030662 48365.1
-116.60745369085552 36.762197274772 48367.4
-116.60742937485968 36.76219732706052 48370.5
-116.60740513642888 36.762197423376286 48371.5
-116.6073809491789 36.76219753062336 48373.2
-116.60735673714784 36.76219759248081 48375.5
-116.60733247496825 36.7621975626743 48376.5
-116.60730812104228 36.76219742428119 48377.5
-116.60728367227452 36.762197189670445 48380.0
-116.607259149233 36.762196904048565 48383.4
-116.60723461682848 36.76219664114151 48385.7
-116.60721010382204 36.76219645482986 48387.6
-116.60718564268171 36.762196378902594 48390.0
-116.60716130701596 36.76219644486651 48390.4
-116.6071370258233 36.762196636425934 48389.9
-116.6071128219066 36.76219693631487 48390.4
-116.60708867593632 36.76219732318278 48391.9
-116.60706458168644 36.76219777307959 48393.9
-116.60704050274228 36.762198258019154 48394.0
-116.6070164530582 36.76219877407527 48394.5
-116.60699242984128 36.762199328477465 48396.0
-116.60696842149548 36.76219992309587 48398.9
-116.60694438126416 36.76220053351593 48401.1
-116.60692029171474 36.76220112580351 48402.0
-116.60689611989709 36.762201662879896 48402.1
-116.60687179779497 36.76220210491954 48401.6
-116.60684738950152 36.76220245070076 48402.4
-116.60682288612789 36.76220271204148 48403.3
-116.60679830568644 36.762202905787646 48404.3
-116.6067736443086 36.762203038804095 48404.8
-116.60674895178948 36.76220311990585 48404.5
-116.60672421565724 36.76220314494339 48403.6
-116.60669942894074 36.76220310095537 48402.1
-116.60667456668509 36.76220297105603 48400.2
-116.60664970225504 36.7622027824096 48400.4
-116.60662484866457 36.762202576745615 48400.9
-116.60660003487617 36.76220239516292 48399.0
-116.60657530598172 36.7622022709121 48396.3
-116.60655063616 36.7622022050146 48393.9
-116.60652604210108 36.76220218987688 48391.7
-116.6065015227896 36.762202216208046 48388.2
-116.60647707384857 36.76220227893735 48384.7
-116.606452647324 36.76220236072746 48382.0
-116.6064282291886 36.76220244974308 48378.5
-116.6064037982516 36.76220253599429 48374.8
-116.60637932867668 36.762202614012736 48371.7
-116.60635481885704 36.76220268891193 48367.7
-116.60633026666952 36.76220277043162 48363.5
-116.6063056782194 36.76220287316271 48360.2
-116.60628106504564 36.76220301910874 48356.3
-116.60625641476985 36.76220321425256 48351.6
-116.6062317434746 36.76220345777709 48346.3
-116.60620706107572 36.7622037421963 48341.6
-116.6061823917079 36.762204063218206 48337.8
-116.60615773442473 36.76220441463008 48334.3
-116.60613310895096 36.76220479398405 48330.0
-116.60610852560484 36.762205197967205 48326.9
-116.60608399296906 36.76220561215682 48324.2
-116.60605950722976 36.76220600925208 48321.3
-116.60603506546772 36.76220636857735 48318.6
-116.60601065681765 36.76220667887208 48316.1
-116.60598625477688 36.76220693447439 48313.0
-116.6059618670698 36.762207145582046 48310.7
-116.60593747218736 36.76220731796644 48308.8
-116.60591307428145 36.76220745506383 48306.4
-116.60588867535128 36.76220755100618 48304.0
-116.60586429802414 36.762207604235954 48301.9
-116.60583991916468 36.76220761084024 48300.0
-116.60581552308636 36.7622075634304 48298.1
-116.60579108563888 36.76220744246011 48295.8
-116.60576666501494 36.762207251626 48293.2
-116.6057422664946 36.76220700523941 48289.8
-116.60571790792709 36.76220673019919 48288.1
-116.60569360527673 36.76220645880535 48286.8
-116.60566934729424 36.762206209530966 48284.7
-116.60564513067372 36.7622059919377 48282.1
-116.60562094312422 36.762205812816006 48278.9
-116.60559676234216 36.76220566371102 48276.7
-116.60557255138512 36.76220551754725 48274.1
-116.60554830446507 36.762205350538096 48270.3
-116.6055240190041 36.76220514554164 48268.1
-116.6054996792052 36.762204886637306 48267.4
-116.60547531993434 36.76220457079882 48265.0
-116.60545093635476 36.7622041959826 48263.3
-116.6054265396144 36.76220376238514 48262.7
-116.60540213934269 36.76220327662405 48261.0
-116.60537777710466 36.7622027683297 48258.6
-116.60535346137864 36.76220226811024 48257.9
-116.6053291255218 36.762201805989925 48258.2
-116.60530502492324 36.76220143727854 48259.1
-116.60528102729153 36.76220119822104 48258.6
-116.6052571461671 36.76220111854949 48257.4
-116.60523337442056 36.76220121524396 48257.5
-116.60520970865868 36.7622015106536 48259.4
-116.60518604549604 36.76220196074299 48259.1
-116.6051623996846 36.762202522466 48258.9
-116.60513874615464 36.7622031493145 48259.3
-116.60511503791068 36.76220378326305 48260.0
-116.60509126892435 36.76220435832749 48260.0
-116.6050674345651 36.7622048304678 48259.7
-116.60504353657934 36.762205175897655 48259.5
-116.60501959015916 36.76220538102853 48261.2
-116.60499566906452 36.76220548865529 48263.1
-116.604971743947 36.76220553076268 48264.7
-116.60494778920904 36.762205523636 48265.9
-116.60492374545645 36.76220546119233 48265.8
-116.60489960078915 36.76220534217406 48266.7
-116.60487532544828 36.762205168704895 48267.2
-116.60485092154846 36.76220496309505 48268.0
-116.60482640858484 36.762204774432966 48269.6
-116.60480182498318 36.76220465527982 48271.5
-116.60477720498388 36.76220464263057 48273.0
-116.6047525791876 36.76220475352198 48274.5
-116.60472796560104 36.76220499479136 48275.9
-116.60470331784047 36.76220531771019 48276.0
-116.6046786447518 36.76220567505042 48275.4
-116.6046539304216 36.762206025366815 48276.6
-116.60462915118345 36.76220632872987 48279.0
-116.60460432128492 36.76220657606934 48280.3
-116.60457941834602 36.76220677601936 48280.6
-116.60455443526472 36.762206946290654 48282.2
-116.60452936356728 36.76220710566634 48284.1
-116.60450422814462 36.7622072661446 48285.9
-116.60447905314965 36.76220743557016 48287.5
-116.6044538660986 36.762207619344345 48289.3
-116.6044287039214 36.76220782021095 48290.3
-116.60440359106389 36.76220803257725 48290.7
-116.60437855121025 36.762208252024685 48291.2
-116.60435359633796 36.762208479058685 48294.0
-116.60432874134322 36.76220871415153 48296.3
-116.6043039621247 36.762208949964894 48296.6
-116.60427924626936 36.76220917404614 48297.2
-116.60425457454804 36.76220936726567 48296.7
-116.60422991862583 36.76220949697712 48295.7
-116.60420527884368 36.762209553568574 48294.4
-116.60418063343516 36.762209538644456 48292.7
-116.60415598141628 36.76220946788405 48291.7
-116.604131340773 36.762209368677375 48290.8
-116.604106730382 36.76220928007153 48290.6
-116.6040821546054 36.76220922759254 48290.0
-116.60405761231442 36.76220922233979 48289.4
-116.60403309812828 36.76220926080364 48288.5
-116.60400858359569 36.76220932613538 48286.8
-116.6039840603976 36.76220941258188 48285.4
-116.60395951704712 36.7622095180952 48284.3
-116.60393493727882 36.762209641997885 48283.5
-116.60391030863144 36.762209777407136 48283.2
-116.60388563464312 36.76220991244983 48283.3
-116.6038609210635 36.76221003671096 48284.0
-116.6038361789725 36.76221014136832 48284.7
-116.60381143993276 36.76221022927204 48285.7
-116.60378672010371 36.762210297928576 48287.5
-116.60376202998071 36.762210340055525 48289.2
-116.60373737055616 36.762210337952325 48288.8
-116.60371274857047 36.76221028490588 48289.5
-116.6036881466894 36.762210172213 48290.5
-116.60366356166531 36.76220999852408 48290.1
-116.6036390233859 36.7622097881722 48291.3
-116.60361458490816 36.76220959943593 48294.6
-116.60359034548648 36.76220949015366 48296.6
-116.60356648668376 36.76220950419589 48297.4
-116.60354341311594 36.76220966845927 48297.7
-116.6035213345047 36.762209918629424 48298.4
-116.60350059469052 36.762210144385264 48299.6
-116.60339745704808 36.76211438266072 48265.4
-116.60339920326024 36.76209747011126 48257.8
-116.60340108686968 36.762079453006976 48255.4
-116.60340289288548 36.76206047538477 48252.2
-116.6034044622524 36.762040794379566 48249.3
-116.60340562743384 36.762020753072704 48246.1
-116.60340637621884 36.76200074166741 48243.2
-116.60340672097897 36.76198121242791 48240.6
-116.60340672302584 36.76196255972277 48235.6
-116.60350915403744 36.76186529025612 48228.8
-116.60352844333588 36.761866941832494 48231.6
-116.60354917881564 36.76186868739046 48235.2
-116.60357123289496 36.76187037166344 48236.9
-116.60359458402796 36.761871846954016 48237.8
-116.60361897454044 36.76187306954899 48239.0
-116.60364413118836 36.7618740154238 48240.1
-116.60366984371936 36.761874683742754 48240.9
-116.6036959246014 36.761875052602726 48242.4
-116.60372220003268 36.76187518918269 48243.5
-116.60374844104165 36.761875145485774 48243.3
-116.60377449913254 36.761874973083806 48243.3
-116.60380020686836 36.76187472073856 48243.4
-116.60382554824696 36.761874447992895 48243.0
-116.6038504937398 36.76187418344389 48243.3
-116.6038750576478 36.761873935492325 48244.2
-116.6038992043286 36.76187370263143 48244.2
-116.6039229842998 36.76187347747406 48243.1
-116.60394641530604 36.76187324967598 48242.4
-116.60396953260276 36.761873004943965 48242.0
-116.60399237085588 36.76187272441632 48242.3
-116.60401508330366 36.761872404659485 48242.9
-116.6040377690013 36.761872051417726 48243.7
-116.60406053265196 36.76187168030275 48244.1
-116.60408349832804 36.761871313184784 48244.5
-116.60410669139864 36.76187096958128 48244.6
-116.60413011986968 36.76187066149093 48244.6
-116.60415376486102 36.76187039698323 48245.2
-116.60417760581171 36.761870186772846 48245.9
-116.60420154213568 36.76187002298016 48247.0
-116.6042255386532 36.76186989696138 48248.1
-116.60424956581528 36.76186979850541 48248.9
-116.6042736048346 36.761869709183415 48250.6
-116.6042976485752 36.76186960518401 48252.6
-116.6043216945616 36.76186947108259 48253.3
-116.60434573267968 36.76186929682573 48253.6
-116.6043697541576 36.761869072959776 48254.1
-116.60439378562349 36.761868811774086 48254.7
-116.60441782926712 36.76186852790108 48255.2
-116.60444189195506 36.76186823440488 48255.2
-116.60446598130056 36.76186795172861 48255.0
-116.60449007774392 36.76186770107335 48255.1
-116.60451417847362 36.76186749266777 48254.7
-116.6045382815837 36.76186733351334 48254.4
-116.60456238089836 36.76186723385919 48254.0
-116.60458645915617 36.76186717945905 48252.9
-116.60461054083856 36.7618671533201 48252.4
-116.6046346444712 36.76186712971195 48252.5
-116.60465878664608 36.76186707704159 48252.8
-116.6046830826752 36.76186698080205 48252.8
-116.6047073335102 36.761866844574925 48252.0
-116.60473162903186 36.76186667731242 48251.7
-116.60475597447724 36.7618664857452 48251.3
-116.6047803677736 36.7618662804811 48250.7
-116.60480481318672 36.7618660653873 48250.5
-116.60482931469984 36.76186584097384 48250.9
-116.6048538682624 36.76186560239064 48250.8
-116.60487844477562 36.761865347589385 48251.0
-116.60490300885456 36.76186507824861 48250.8
-116.6049275307035 36.76186480105663 48250.2
-116.60495197294544 36.761864533151936 48250.3
-116.60497632733384 36.76186428994456 48250.9
-116.60500059863467 36.76186408045223 48251.2
-116.60502480468124 36.76186391013087 48251.4
-116.60504895991384 36.76186378849663 48251.4
-116.60507308892105 36.761863713555655 48251.3
-116.60509721174728 36.76186368853385 48250.8
-116.6051213385944 36.761863717147456 48250.3
-116.60514547473748 36.761863802353886 48248.8
-116.60516962588052 36.7618639244136 48247.6
-116.6051938135468 36.761864064405344 48248.0
-116.6052180429148 36.76186420197384 48247.8
-116.60524232484003 36.76186430356706 48247.5
-116.60526667058468 36.76186434116904 48247.4
-116.60529107058596 36.7618642941784 48246.7
-116.60531549836564 36.76186415119397 48246.4
-116.6053399285218 36.76186389562982 48246.7
-116.6053643452505 36.761863548864895 48247.2
-116.60538871771284 36.761863127998815 48247.4
-116.6054130463992 36.76186265250045 48248.3
-116.60543734753342 36.76186214433453 48249.7
-116.60546164209192 36.76186163441161 48251.1
-116.60548593778609 36.76186114295492 48253.3
-116.60551024637856 36.76186068579055 48255.6
-116.60553457450628 36.76186028288214 48258.3
-116.60555891092696 36.761859931473936 48261.5
-116.60558325878074 36.76185962920882 48265.3
-116.60560760810093 36.76185937228235 48269.2
-116.605631935518 36.76185915899939 48273.2
-116.6056562312352 36.76185897333277 48277.5
-116.60568051027325 36.761858809279246 48281.6
-116.60570479512772 36.76185866490972 48286.2
-116.60572911961997 36.76185854301465 48291.2
-116.6057535023452 36.7618584402556 48296.5
-116.60577796372282 36.76185835991367 48301.1
-116.60580251474572 36.76185830668407 48306.0
-116.6058271615753 36.76185828581893 48311.7
-116.60585186782096 36.76185828708241 48317.0
-116.60587660899472 36.76185830377421 48321.8
-116.60590135274953 36.7618583299695 48326.2
-116.60592605697424 36.76185835214262 48330.8
-116.60595070264554 36.76185835306128 48335.9
-116.6059752803746 36.761858317140735 48340.7
-116.60599979206928 36.76185823030031 48345.1
-116.60602425724976 36.76185807119057 48349.2
-116.6060487109671 36.76185784888518 48352.7
-116.6060731497882 36.761857575233385 48356.4
-116.60609757984292 36.76185727012052 48360.0
-116.60612201084848 36.76185695789106 48363.5
-116.60614644272358 36.76185666371726 48366.4
-116.60617087816637 36.761856396986325 48369.2
-116.60619532191176 36.76185615750103 48372.3
-116.60621976925349 36.76185594569803 48375.7
-116.60624420799972 36.76185575489138 48378.6
-116.60626862697175 36.761855588301536 48380.3
-116.6062930139706 36.7618554515598 48382.8
-116.60631735669304 36.76185535229984 48385.0
-116.60634165448224 36.7618552852761 48386.0
-116.60636592161364 36.76185524143956 48387.2
-116.60639017412316 36.76185520904927 48388.9
-116.60641444749396 36.7618551674997 48390.5
-116.60643876915316 36.76185510268896 48391.2
-116.60646314532411 36.76185501354794 48391.5
-116.6064875773448 36.7618549040269 48391.7
-116.60651207264536 36.761854776255504 48391.9
-116.60653661503804 36.76185463877694 48391.9
-116.60656118890805 36.76185449915593 48392.1
-116.60658578177345 36.76185436798568 48392.2
-116.60661037706387 36.7618542619174 48392.1
-116.60663495469312 36.761854193313305 48391.2
-116.60665951396848 36.76185416929668 48390.0
-116.60668405961442 36.761854190410894 48388.8
-116.60670859473944 36.761854244020014 48388.3
-116.60673313766002 36.76185429599406 48388.1
-116.60675771029024 36.76185432324517 48387.5
-116.60678232394478 36.76185431459801 48386.3
-116.60680699801324 36.761854269035005 48384.9
-116.6068317315146 36.76185420608169 48383.9
-116.60685651395109 36.76185414681224 48382.1
-116.60688133769762 36.76185411176375 48380.4
-116.6069061840426 36.76185412324401 48378.9
-116.60693101767508 36.76185418253488 48377.3
-116.6069558301938 36.761854288585646 48376.0
-116.60698061167096 36.76185443823917 48375.2
-116.60700534304765 36.7618546241646 48373.5
-116.60703003143058 36.761854820026 48371.7
-116.60705468918664 36.761855004881056 48369.6
-116.60707931313628 36.76185516481034 48367.6
-116.60710390607728 36.761855282387934 48366.0
-116.6071284893722 36.76185535827572 48364.6
-116.6071530663967 36.76185539796053 48362.2
-116.60717764815148 36.76185540731478 48360.3
-116.60720225709144 36.76185538271496 48359.5
-116.60722689825415 36.7618553321846 48358.1
-116.60725155244076 36.76185526907891 48356.8
-116.60727620378304 36.761855208286406 48355.2
-116.60730084044349 36.76185516406825 48353.2
-116.60732546106652 36.761855139891054 48351.4
-116.6073500728375 36.761855127304685 48349.4
-116.60737468498034 36.76185510958933 48347.2
-116.6073993061446 36.76185507105063 48345.8
-116.60742394169684 36.761855012054895 48344.5
-116.6074485833058 36.76185493741297 48342.8
-116.6074732313932 36.7618548528474 48341.0
-116.60749789547812 36.761854769701685 48339.1
-116.6075225763419 36.76185470385576 48337.4
-116.60754727236758 36.76185466836032 48336.5
-116.60757198865728 36.7618546724122 48334.9
-116.6075967136846 36.76185473172641 48332.7
-116.60762140500304 36.76185484305051 48330.7
-116.6076460394316 36.76185499453264 48329.0
-116.60767059801088 36.76185516848302 48327.5
-116.60769505310948 36.76185534363472 48326.2
-116.6077194248371 36.7618554949364 48325.3
-116.6077437284826 36.76185560283995 48325.1
-116.6077679767248 36.76185565776455 48323.3
-116.60779218451216 36.76185565116532 48321.0
-116.60781637526446 36.76185560038167 48320.3
-116.60784053365228 36.761855527973765 48318.9
-116.60786464618177 36.761855460521296 48316.3
-116.60788868121494 36.76185542507897 48314.4
-116.60791263408306 36.76185542288897 48313.4
-116.60793652537576 36.76185544446897 48312.9
-116.60796037657938 36.761855474895725 48312.6
-116.60798421334084 36.761855493760535 48311.5
-116.60800806118657 36.76185549008222 48309.9
-116.60803192261164 36.76185546042979 48307.6
-116.60805579645816 36.76185540388597 48305.7
-116.60807969533496 36.761855315492255 48304.8
-116.60810363002606 36.76185520799903 48304.3
-116.60812760280253 36.76185509550911 48303.1
-116.60815162065448 36.76185499169911 48301.6
-116.6081756861374 36.761854909974055 48300.4
-116.60819978098873 36.76185484835585 48299.5
-116.60822389954714 36.76185480065595 48298.8
-116.60824803293718 36.761854758529445 48297.9
-116.60827217502786 36.76185471132901 48296.8
-116.60829632624689 36.76185465146567 48296.3
-116.60832048489 36.761854576270736 48295.5
-116.60834464030016 36.76185448952905 48294.0
-116.60836876712932 36.761854401643205 48292.9
-116.6083928467524 36.76185433001547 48292.4
-116.60841686331754 36.761854290645445 48291.1
-116.6084408043112 36.76185429745414 48289.8
-116.6084646405442 36.76185436920225 48288.4
-116.60848837832432 36.761854497454365 48287.7
-116.608512050801 36.76185467287537 48287.9
-116.6085357921354 36.76185488963057 48287.9
-116.60855934973377 36.76185514803744 48286.5
-116.60858313035902 36.7618554468546 48284.9
-116.60860687667542 36.76185578017933 48284.0
-116.60863070520573 36.76185613582926 48283.9
-116.6086546581072 36.76185648287471 48283.7
-116.60867874576404 36.761856782902846 48283.2
-116.60870296413812 36.76185700369582 48282.5
-116.60872727268142 36.7618571216827 48281.8
-116.60875168542678 36.76185710356704 48281.0
-116.60877617481007 36.76185697393921 48280.1
-116.60880070889156 36.76185676460637 48279.0
-116.60882526700432 36.76185652072248 48278.1
-116.608849795874 36.76185630488686 48277.7
-116.6088741956034 36.76185617015971 48277.1
-116.60889833741932 36.7618561488324 48276.5
-116.60892205245808 36.76185624027431 48275.7
-116.6089449201338 36.76185640480062 48274.2
-116.60896672265145 36.76185652412156 48271.0
-116.6089871790962 36.7618564511346 48266.8
-116.60908614648017 36.761729468451776 48274.8
-116.60908450376206 36.761711258938405 48278.4
-116.60908309625836 36.76169245772502 48278.3
-116.60908197884342 36.76167333530273 48277.7
-116.60908113006188 36.761654222322 48276.9
-116.6090804525696 36.76163569019429 48275.9
-116.6090797126757 36.76161811453884 48273.2
-116.60907867728636 36.761601846237454 48270.3
-116.60896112322436 36.76153890085408 48294.7
-116.60894145264086 36.76154069792791 48299.1
-116.60892048610673 36.761542507166496 48297.4
-116.60889835697776 36.761544217486446 48295.2
-116.60887516649916 36.761545782337386 48295.5
-116.60885101690438 36.76154715813071 48298.5
-116.60882624026044 36.76154838946263 48301.5
-116.60880099161751 36.761549510220185 48302.2
-116.60877542935629 36.761550553222605 48303.2
-116.60874972220188 36.76155155895542 48304.1
-116.60872403380078 36.76155258725479 48304.5
-116.60869846052852 36.76155367367439 48305.0
-116.60867306341024 36.76155482633571 48306.0
-116.60864786494808 36.76155604339432 48305.8
-116.60862282782044 36.761557286333485 48305.5
-116.60859794310213 36.76155853603165 48306.4
-116.60857320188848 36.7615597848767 48307.6
-116.60854861707492 36.76156103113406 48308.4
-116.60852416001416 36.761562275682174 48308.9
-116.60849982828564 36.76156351176695 48308.8
-116.60847560776332 36.7615647215002 48308.9
-116.60845150533724 36.76156585898506 48309.5
-116.60842748846083 36.76156689310391 48309.8
-116.60840351975148 36.76156779438687 48310.2
-116.60837953656936 36.76156854081412 48311.0
-116.60835553805128 36.76156908425296 48311.8
-116.60833151816752 36.76156945275543 48312.2
-116.60830744841893 36.761569667477474 48313.3
-116.60828331305366 36.76156975960506 48315.6
-116.60825912752802 36.76156976370428 48316.9
-116.60823489930956 36.76156974643455 48317.8
-116.60821062772273 36.76156975234111 48318.7
-116.60818633264074 36.76156981172192 48320.3
-116.60816202059488 36.76156995724045 48322.0
-116.60813770719994 36.761570185826166 48323.2
-116.60811340480883 36.76157049511192 48323.8
-116.6080891204644 36.76157086913157 48324.3
-116.6080648475244 36.76157128477015 48325.1
-116.60804059398843 36.76157169483219 48326.4
-116.6080163661262 36.761572051808095 48327.7
-116.60799214677316 36.76157231795673 48328.3
-116.6079679756757 36.76157245304776 48329.5
-116.6079438656224 36.76157247614275 48331.2
-116.60791980791346 36.76157240785872 48333.0
-116.6078958027966 36.76157228276144 48334.3
-116.60787185711531 36.761572141862615 48336.0
-116.607847942758 36.761572022026286 48337.6
-116.60782404193723 36.76157194336359 48339.0
-116.60780013697388 36.7615719116563 48341.1
-116.60777617944431 36.76157192790807 48342.6
-116.6077521477746 36.761571967983286 48344.1
-116.60772803426217 36.76157200762884 48345.6
-116.60770382379177 36.76157202349189 48345.5
-116.60767950935744 36.76157199152201 48346.2
-116.607655114054 36.76157191895109 48349.0
-116.60763063906931 36.761571811954816 48352.0
-116.60760610136796 36.76157167105816 48352.8
-116.6075815397718 36.76157149535866 48352.8
-116.60755699541755 36.76157129722004 48354.8
-116.60753248688512 36.76157108505376 48357.3
-116.60750802823532 36.76157087108931 48359.3
-116.6074836261551 36.76157068391068 48361.1
-116.60745925603324 36.761570554550566 48363.3
-116.60743490669633 36.7615705133024 48365.7
-116.6074105854088 36.761570585779296 48369.0
-116.60738625480568 36.761570811819055 48370.2
-116.60736191260546 36.76157117620005 48370.9
-116.6073375931964 36.76157167165993 48371.6
-116.60731334280796 36.76157228159628 48371.8
-116.60728919745816 36.76157300194741 48372.8
-116.60726516199324 36.761573792189374 48375.8
-116.60724123480648 36.76157461325715 48379.2
-116.60721737070928 36.761575420021664 48382.0
-116.60719352203824 36.76157614934947 48383.5
-116.60716964133724 36.76157675908557 48384.0
-116.60714567570405 36.76157721635034 48385.1
-116.60712156402344 36.761577505695165 48387.1
-116.60709730085208 36.76157760253371 48389.4
-116.60707290522384 36.7615775588289 48391.8
-116.60704836701932 36.76157741273309 48394.1
-116.607023701936 36.76157720051673 48395.8
-116.60699894115652 36.7615769497782 48397.4
-116.60697413010166 36.76157669728792 48400.0
-116.6069492933849 36.76157646656168 48403.3
-116.60692445340956 36.76157627050545 48405.8
-116.60689961346291 36.761576113997535 48407.6
-116.60687477384286 36.76157597016024 48407.9
-116.6068499436306 36.76157580542565 48410.4
-116.60682512478382 36.76157559475418 48412.1
-116.6068003617008 36.761575324458725 48413.4
-116.60677567155945 36.76157502377608 48415.5
-116.60675106488635 36.76157472899252 48417.9
-116.60672658225418 36.76157448455093 48420.8
-116.60670226051349 36.76157435685075 48422.2
-116.6066780814471 36.76157436532504 48425.2
-116.6066540493144 36.76157451254717 48428.7
-116.60663015022864 36.76157477554023 48430.2
-116.60660632985196 36.761575120342805 48430.5
-116.6065825373684 36.76157549028427 48430.6
-116.60655874644324 36.761575853459306 48430.7
-116.60653492475689 36.76157618585461 48431.2
-116.60651107704427 36.76157646993779 48433.1
-116.60648722902356 36.76157671752757 48434.4
-116.60646338810632 36.761576948509806 48436.5
-116.6064395527342 36.76157718957589 48439.8
-116.60641559606736 36.76157746968333 48441.2
-116.60639177464 36.76157779208053 48441.0
-116.60636769144207 36.76157816600984 48439.6
-116.606343634054 36.76157859127735 48437.2
-116.60631947485038 36.76157906881891 48435.5
-116.60629525955856 36.76157957034334 48432.7
-116.60627102575472 36.76158008164816 48430.8
-116.60624679742358 36.76158059909872 48428.4
-116.60622256480733 36.76158111127758 48425.3
-116.606198290514 36.76158158468751 48421.7
-116.60617392750592 36.76158197538295 48417.5
-116.6061493996674 36.761582247140886 48411.9
-116.60612471955372 36.76158235207587 48405.8
-116.6060999143438 36.76158232818963 48400.6
-116.60607500425456 36.761582211737846 48395.9
-116.60605002268714 36.76158204482619 48391.1
-116.60602500937112 36.76158187015433 48386.9
-116.60599999627452 36.76158171630202 48383.0
-116.60597500961408 36.76158159137992 48377.8
-116.6059500752621 36.76158149572523 48371.6
-116.60592521293962 36.76158144054335 48365.5
-116.6059004226574 36.76158143479277 48359.3
-116.60587571246651 36.76158148968002 48351.9
-116.60585110592346 36.76158161347748 48344.5
-116.6058265926986 36.761581823433886 48337.9
-116.60580216104692 36.76158209444185 48331.3
-116.6057777935048 36.7615824068159 48324.5
-116.60575344101368 36.76158272835744 48317.4
-116.605729053589 36.76158299807238 48310.4
-116.60570459695292 36.76158316851557 48303.9
-116.6056800389546 36.761583207717685 48295.9
-116.60565534269216 36.761583102563776 48288.8
-116.6056305597778 36.76158284531358 48283.5
-116.60560570289888 36.76158249868434 48279.2
-116.60558078809866 36.76158210204095 48274.0
-116.60555584299324 36.76158169294237 48268.0
-116.60553089093216 36.76158131113136 48261.8
-116.60550596240338 36.761580980856856 48257.7
-116.60548108202744 36.76158071757249 48255.4
-116.60545627414028 36.76158052813128 48253.1
-116.60543151256186 36.7615804337142 48249.8
-116.60540679038104 36.76158041661783 48246.4
-116.60538210674312 36.76158046916068 48244.3
-116.60535747882068 36.76158058215678 48243.4
-116.60533291676153 36.76158075719173 48242.8
-116.60530843453476 36.761580975052254 48241.7
-116.60528404271298 36.76158121832406 48241.2
-116.60525973529984 36.76158146579781 48241.2
-116.60523551307402 36.761581693940094 48241.8
-116.60521133990233 36.76158188979191 48242.9
-116.60518718046109 36.761582040581565 48243.6
-116.60516299259416 36.7615821337672 48244.2
-116.60513877808708 36.76158215692804 48245.3
-116.6051145289763 36.76158213444114 48247.1
-116.60509024493156 36.76158208871136 48248.9
-116.60506593916864 36.76158204179068 48250.6
-116.60504161472936 36.76158202016367 48252.7
-116.60501727622884 36.76158203404158 48254.9
-116.60499292373264 36.76158208025991 48256.6
-116.6049685545861 36.761582145034495 48257.6
-116.60494415893687 36.761582215898834 48258.3
-116.60491974005063 36.76158229081831 48259.3
-116.60489530395996 36.76158237777823 48260.7
-116.604870866883 36.761582485150896 48262.6
-116.60484643045086 36.761582624242784 48263.4
-116.60482200201083 36.76158278479604 48263.9
-116.60479759193036 36.76158295389536 48263.5
-116.60477320850777 36.761583123170695 48263.6
-116.60474885244228 36.761583300131846 48263.6
-116.60472451054156 36.761583475993206 48263.4
-116.6047001722274 36.76158362988319 48263.4
-116.6046758095428 36.76158374491674 48263.7
-116.60465141251385 36.76158380343906 48265.0
-116.60462696384612 36.761583809282 48266.3
-116.60460245829248 36.76158377091441 48267.9
-116.6045778933131 36.761583704163634 48269.0
-116.60455326853264 36.76158363232359 48269.7
-116.60452859591716 36.7615835819252 48270.2
-116.60450388916868 36.76158356926528 48270.3
-116.60447918431278 36.76158360470468 48270.7
-116.6044544883174 36.76158371088415 48270.9
-116.60442981981156 36.76158388611744 48270.7
-116.604405184161 36.76158412879696 48270.5
-116.60438058041008 36.761584425535375 48270.4
-116.60435597787269 36.76158476424436 48269.7
-116.60433136556092 36.761585116896725 48268.6
-116.60430673664672 36.7615854605277 48267.7
-116.60428207421236 36.76158577746878 48266.7
-116.6042573834438 36.761586042232736 48265.4
-116.60423266822848 36.761586251232565 48263.3
-116.60420793549832 36.76158640320848 48260.9
-116.60418319678487 36.7615864994081 48259.2
-116.60415850746531 36.761586544561474 48258.4
-116.60413387000024 36.76158657263435 48257.8
-116.60410928001887 36.76158661083287 48257.1
-116.60408473663102 36.76158667700504 48256.3
-116.60406020909276 36.76158679303786 48254.5
-116.6040356719914 36.76158695670299 48253.7
-116.60401110446232 36.76158715128038 48253.2
-116.60398648176545 36.76158734567735 48252.5
-116.60396179421764 36.76158749665641 48251.9
-116.60393705720014 36.76158758999602 48252.3
-116.60391229006817 36.76158762586613 48253.1
-116.60388752093284 36.76158762567424 48253.9
-116.60386278851126 36.76158762537525 48254.3
-116.60383809912209 36.761587655745046 48254.6
-116.6038134568474 36.761587726541926 48255.4
-116.60378885960652 36.76158783486655 48256.0
-116.60376427556552 36.761587969064735 48256.3
-116.60373967193628 36.76158810214661 48256.6
-116.60371502459692 36.76158821423275 48256.7
-116.60369031221003 36.76158829519834 48256.0
-116.60366553282996 36.76158833811149 48255.4
-116.60364071143673 36.761588361231695 48255.0
-116.60361590096092 36.76158838736742 48254.3
-116.60359122249902 36.76158844704824 48253.1
-116.6035669031098 36.76158859759886 48252.1
-116.6035431800714 36.761588852087016 48250.8
-116.60352036731877 36.76158920087749 48249.3
-116.60349877335968 36.761589588096 48248.6
-116.60338334314216 36.761500289770105 48239.9
-116.60338472227184 36.7614842683363 48215.5
-116.60338636567104 36.76146719381856 48220.1
-116.60338802270144 36.761449191555656 48221.8
-116.60338944756242 36.761430231304765 48222.5
-116.60339053880834 36.76141069946523 48222.8
-116.60339125270028 36.76139091893472 48222.7
-116.60339160508607 36.76137127991744 48222.6
-116.6033916508468 36.7613522344753 48221.6
-116.60339158547636 36.7613341710696 48217.7
