Long Lat Mag_nT
-116.6090513110502 36.76377599400583 48235.8
-116.60907535076332 36.76377384334983 48237.7
-116.60909991739123 36.76377187039511 48239.2
-116.60912480419438 36.763770150562586 48240.0
-116.6091497652312 36.76376863554097 48241.4
-116.60917468297662 36.76376728802586 48243.6
-116.60919945749497 36.76376607535224 48245.4
-116.60922393489872 36.76376499726724 48247.1
-116.60924809453132 36.763764035706174 48248.9
-116.60927191606496 36.763763195890064 48250.8
-116.60929539897472 36.763762484836 48252.2
-116.60931845156048 36.76376193386657 48253.1
-116.60934115707748 36.76376152008975 48254.3
-116.60936362458784 36.763761234055046 48256.9
-116.6093859879952 36.763761061789744 48259.3
-116.60940835334117 36.763760987599206 48262.0
-116.60943082884197 36.763760970424165 48264.3
-116.60945349354924 36.76376099973187 48265.8
-116.60947641575672 36.763761076837895 48267.2
-116.60949967176444 36.763761212472936 48268.6
-116.6095232072783 36.763761387470176 48270.2
-116.60954699128088 36.76376158242656 48272.3
-116.60957097474076 36.76376177790556 48274.5
-116.60959512938842 36.76376195437095 48275.8
-116.60961938786016 36.763762099947726 48277.2
-116.6096437130749 36.76376220466307 48279.4
-116.6096680701586 36.763762259931845 48281.3
-116.60969246112997 36.76376224817344 48283.3
-116.60971687961 36.76376218039344 48285.7
-116.60974131494956 36.76376207061245 48287.5
-116.6097657670256 36.76376194119298 48289.1
-116.60979024537448 36.76376182550766 48290.4
-116.60981475846468 36.76376175336865 48291.9
-116.6098393371186 36.763761740124494 48294.0
-116.60986401291052 36.76376179087317 48295.8
-116.60988878756524 36.76376191600404 48296.9
-116.60991362485775 36.763762096580095 48298.5
-116.60993850431343 36.76376231904622 48299.9
-116.60996339582933 36.76376256782344 48301.2
-116.60998825388585 36.76376282254349 48302.8
-116.61001306293277 36.76376306365157 48304.1
-116.6100378234228 36.76376328869472 48305.6
-116.61006254106697 36.76376350590293 48306.4
-116.61008732042824 36.76376372276259 48307.5
-116.61011198157252 36.7637639414913 48309.2
-116.61013663432792 36.76376416306817 48310.0
-116.61016128326128 36.763764380765735 48311.1
-116.61018594694356 36.76376457573329 48312.3
-116.61021062501452 36.76376473809292 48313.2
-116.61023530778589 36.76376486406999 48314.2
-116.61025997768375 36.76376496007409 48315.2
-116.61028461605704 36.7637650346878 48315.9
-116.61030920984916 36.763765096947616 48316.7
-116.61033375313376 36.76376514742175 48317.5
-116.61035824006056 36.763765180473065 48318.3
-116.610382694138 36.76376518111592 48319.4
-116.6104071533944 36.76376515478691 48320.4
-116.6104316445605 36.763765106319966 48321.5
-116.61045617721416 36.76376504279908 48321.9
-116.61048074624232 36.76376497627262 48322.5
-116.61050532753964 36.76376492308989 48323.7
-116.61052990761124 36.763764894123966 48324.2
-116.61055447485772 36.7637648974765 48324.5
-116.61057898180428 36.76376494744409 48324.7
-116.61060341528156 36.763765037878095 48325.2
-116.61062776519944 36.76376516619748 48326.6
-116.61065203582312 36.76376533365608 48327.4
-116.61067620328345 36.763765546622686 48327.9
-116.6107003037814 36.763765786944326 48328.8
-116.610724375543 36.76376603551808 48329.9
-116.61074845876412 36.763766273642496 48331.1
-116.6107726203328 36.76376648465215 48332.0
-116.61079688198473 36.763766670695226 48332.6
-116.61082124890882 36.76376683708165 48332.9
-116.61084570179104 36.76376698704144 48333.1
-116.61087021637202 36.763767108673406 48334.1
-116.61089473981976 36.763767192683446 48335.2
-116.61091924300244 36.76376722549107 48336.0
-116.6109437047642 36.76376719866069 48336.7
-116.61096816789772 36.76376710021975 48337.2
-116.61099266038336 36.763766945854 48338.3
-116.6110172046196 36.76376674032501 48339.8
-116.61104180962744 36.763766489143045 48340.6
-116.61106650215388 36.76376619653004 48340.7
-116.61109125529896 36.76376587841144 48341.0
-116.61111605266312 36.763765541707805 48341.8
-116.6111408733996 36.76376519721942 48342.8
-116.6111656705436 36.76376485288501 48343.6
-116.61119039183605 36.76376451885687 48344.4
-116.61121499118488 36.76376420558706 48344.9
-116.61123944404687 36.76376392066111 48345.4
-116.61126370684576 36.7637636778187 48346.0
-116.6112878351666 36.76376347876593 48347.2
-116.61131187844464 36.76376332587802 48348.7
-116.61133589647612 36.763763216679735 48349.7
-116.61135993405192 36.763763154219646 48350.5
-116.61138404423204 36.7637631316494 48351.6
-116.61140826416826 36.76376315286275 48352.3
-116.61143261626168 36.76376321395888 48353.1
-116.61145711321356 36.76376330060405 48354.3
-116.61148173014604 36.76376338480575 48355.3
-116.61150645024028 36.76376344682336 48355.9
-116.6115312372638 36.763763471060365 48356.4
-116.61155607914372 36.76376343057856 48357.5
-116.61158093004468 36.76376332498396 48358.5
-116.6116057590728 36.76376315678346 48359.3
-116.6116305394235 36.76376293875433 48359.5
-116.61165526697178 36.76376268327432 48360.0
-116.61167995811476 36.76376241611317 48361.3
-116.61170463223864 36.7637621562606 48363.0
-116.61172931360488 36.76376192026237 48364.1
-116.61175398048488 36.76376173581853 48364.7
-116.61177861274646 36.76376160976276 48364.6
-116.61180318802398 36.76376154610124 48365.2
-116.61182769351691 36.76376153796559 48366.6
-116.61185209560708 36.76376157763335 48367.5
-116.61187643685184 36.7637616457116 48368.0
-116.61190075189162 36.76376173340389 48369.0
-116.61192506805835 36.763761831178165 48370.2
-116.611949403195 36.763761928083056 48371.0
-116.61197376592528 36.763762012694926 48371.6
-116.61199815543756 36.76376207582558 48372.4
-116.6120225576894 36.76376210983484 48373.2
-116.61204698187188 36.76376210964881 48374.0
-116.61207141986156 36.76376209153087 48374.6
-116.61209586080176 36.763762072428165 48375.2
-116.61212030210096 36.76376207027028 48375.8
-116.61214472647931 36.76376210802427 48376.2
-116.61216913569298 36.7637621820935 48376.7
-116.61219353115966 36.76376228009234 48377.2
-116.61221790748512 36.763762383425856 48377.9
-116.61224226919438 36.76376246553814 48378.5
-116.61226663126924 36.76376251017058 48379.5
-116.6122910094668 36.763762511204845 48380.7
-116.61231542272964 36.76376247557245 48381.5
-116.6123399191836 36.76376242249129 48381.6
-116.6123645055942 36.76376237391545 48382.1
-116.61238918977747 36.7637623451412 48382.7
-116.61241396743868 36.76376234720679 48383.1
-116.6124388049205 36.763762389840274 48382.9
-116.61246365907186 36.76376245709925 48383.2
-116.61248849902844 36.76376252872728 48384.0
-116.61251330121688 36.76376258483158 48384.8
-116.61253807163212 36.7637626105787 48385.4
-116.61256282652228 36.76376261872269 48386.0
-116.61258758210468 36.76376262435465 48386.2
-116.61261235682638 36.76376263879692 48386.4
-116.61263716455808 36.763762667552925 48387.1
-116.61266201351158 36.76376270280591 48387.5
-116.61268690864108 36.76376273919882 48387.8
-116.61271184974464 36.7637627755378 48388.1
-116.61273683069813 36.76376281387003 48388.1
-116.6127618302528 36.76376285664334 48388.2
-116.61278683435933 36.76376290503722 48388.3
-116.6128118278358 36.7637629572668 48388.6
-116.6128367864398 36.76376300373462 48389.3
-116.61286168812484 36.76376303014583 48389.5
-116.612886512231 36.763763028263774 48389.7
-116.61291124939406 36.76376299819663 48390.1
-116.61293590946964 36.76376294534408 48390.4
-116.6129605165272 36.76376288804185 48390.5
-116.61298508618108 36.763762841042045 48390.6
-116.61300964723864 36.763762818077886 48390.7
-116.61303421884024 36.763762838288805 48390.9
-116.61305882228044 36.7637628983169 48390.9
-116.61308346281793 36.7637629889806 48391.0
-116.61310813145596 36.763763092544224 48390.9
-116.6131328241247 36.7637631830023 48391.0
-116.61315754448138 36.763763247591285 48391.3
-116.61318230546463 36.76376328743118 48391.4
-116.61320711766896 36.763763313333264 48391.2
-116.61323198085373 36.763763334009965 48390.7
-116.61325687124072 36.76376335044489 48390.8
-116.61328178065824 36.76376335987552 48390.9
-116.61330670308725 36.76376335699105 48390.9
-116.61333165329012 36.76376333584632 48391.4
-116.6133566288222 36.7637633082316 48391.5
-116.61338162866936 36.7637632867137 48390.7
-116.6134066551172 36.7637632827252 48390.2
-116.61343168818016 36.7637633088741 48389.6
-116.61345670930474 36.76376336538382 48389.5
-116.61348167992564 36.76376344702464 48389.6
-116.61350652290848 36.76376354142673 48389.8
-116.6135310491224 36.76376362433861 48389.8
-116.61355509073157 36.76376366574144 48389.7
-116.6135783975952 36.76376361900928 48389.2
-116.61360067654071 36.76376340899456 48387.6
-116.61372318975552 36.76365045832447 48397.8
-116.61372082518568 36.76363365703518 48396.2
-116.6137184628256 36.763616110699616 48395.0
-116.61371622457726 36.76359795208461 48393.9
-116.61371420419336 36.76357949950472 48393.1
-116.61371232186552 36.76356113549477 48391.8
-116.61371046870606 36.763543252361366 48389.4
-116.6137084884014 36.763526239506376 48386.6
-116.61355350916116 36.763450298841626 48402.7
-116.61353228035132 36.763452147799455 48401.7
-116.61350998845788 36.763453846641 48403.3
-116.6134867337914 36.76345534906119 48405.1
-116.6134624814601 36.7634566331344 48405.6
-116.61343765915962 36.76345775932393 48405.8
-116.6134124113754 36.76345880581232 48407.6
-116.61338694479718 36.76345984034101 48410.1
-116.61336151148218 36.76346092762004 48411.6
-116.6133362750696 36.7634620959516 48412.4
-116.61331138277758 36.76346333605769 48412.6
-116.61328693271945 36.763464616938535 48411.8
-116.61326305921544 36.76346588398436 48412.1
-116.61323970949164 36.76346706876458 48411.3
-116.61321684525988 36.7634681078099 48410.2
-116.61319439854144 36.76346894992756 48409.3
-116.61317222329065 36.76346952764855 48408.9
-116.61315027229853 36.76346983820925 48408.8
-116.6131283345966 36.76346988559871 48408.1
-116.6131062683719 36.76346967418378 48406.0
-116.61308383997618 36.763469191538974 48404.2
-116.61306112325543 36.76346850842623 48404.1
-116.61303801983904 36.76346768335546 48404.8
-116.6130145251568 36.76346677931056 48405.5
-116.61299063333918 36.76346587284712 48405.8
-116.61296642700388 36.76346503350855 48406.6
-116.6129419839526 36.76346430626379 48407.1
-116.61291737854808 36.763463722942696 48407.3
-116.61289271134484 36.76346331901325 48407.8
-116.61286795917592 36.76346306407156 48406.9
-116.61284319123318 36.76346292974904 48404.9
-116.61281842415949 36.76346288784 48404.2
-116.61279367562956 36.76346290655242 48404.8
-116.61276893383751 36.763462945124736 48405.1
-116.61274421906111 36.7634629822461 48405.1
-116.6127195365422 36.76346300724924 48405.6
-116.61269487398208 36.76346300345634 48405.2
-116.61267022950454 36.7634629606584 48405.1
-116.6126455832248 36.76346287148006 48405.4
-116.61262092703925 36.76346273215791 48405.3
-116.6125962449386 36.7634625424602 48405.3
-116.61257156807714 36.76346232344692 48404.5
-116.61254690206997 36.76346209817008 48403.2
-116.61252226792736 36.76346189189573 48402.0
-116.61249770161258 36.763461731992514 48401.7
-116.61247317581424 36.76346162035743 48402.4
-116.61244870423168 36.76346155167039 48402.3
-116.61242429279784 36.763461518900456 48402.3
-116.612399955857 36.76346151109678 48401.7
-116.61237567696088 36.763461505233366 48400.4
-116.61235145974 36.76346148424604 48400.1
-116.61232730228436 36.7634614340485 48399.6
-116.612303188349 36.76346133741892 48397.2
-116.61227911847244 36.763461194214656 48395.3
-116.61225505934148 36.763461010873606 48394.7
-116.61223098865048 36.76346079800278 48394.4
-116.6122068733402 36.763460570500136 48394.2
-116.61218270162662 36.763460345132366 48392.5
-116.61215846769346 36.763460135520965 48391.5
-116.6121341691492 36.763459957463176 48391.8
-116.61210980980016 36.7634598324749 48392.1
-116.61208537838354 36.76345976105693 48391.9
-116.61206090792533 36.763459740477686 48391.6
-116.612036422641 36.763459767642686 48391.1
-116.61201195149172 36.763459837478095 48389.6
-116.61198748394692 36.76345993034578 48388.6
-116.61196303369664 36.76346002798963 48388.2
-116.61193860377767 36.76346011496126 48387.6
-116.61191418716396 36.7634601726752 48387.5
-116.61188978970544 36.763460192516085 48386.8
-116.6118653916862 36.763460168380185 48386.2
-116.61184098423983 36.76346009833902 48385.2
-116.61181654541684 36.763459980432415 48384.7
-116.611792094314 36.76345982298893 48384.3
-116.61176761891178 36.76345963192628 48383.5
-116.61174311981904 36.763459415086224 48382.8
-116.61171859540744 36.763459181088585 48383.3
-116.61169405727335 36.7634589433596 48382.8
-116.61166950377668 36.763458715294384 48382.2
-116.61164494236829 36.76345850383412 48382.0
-116.61162039110748 36.76345831278368 48381.2
-116.61159584948322 36.76345813493084 48380.8
-116.61157132596068 36.76345796124686 48380.1
-116.61154681832484 36.76345778738856 48379.1
-116.61152232175584 36.76345761714575 48378.0
-116.61149782416145 36.76345746013058 48377.0
-116.61147331900924 36.76345732850175 48375.7
-116.61144880447354 36.76345723532359 48373.6
-116.61142428592136 36.763457191536325 48372.7
-116.61139973434211 36.76345718049792 48372.3
-116.61137515155626 36.76345718495308 48371.1
-116.61135052399165 36.763457190903424 48369.4
-116.61132583651458 36.763457190096176 48367.1
-116.61130110645024 36.7634571856168 48365.2
-116.61127634824176 36.763457179660215 48365.1
-116.61125158023036 36.76345716816117 48365.2
-116.61122681339415 36.76345713781608 48364.2
-116.61120206489484 36.76345708007936 48363.2
-116.61117732332396 36.76345699118093 48362.8
-116.61115257556432 36.76345686606473 48363.0
-116.6111278027494 36.76345669451984 48362.7
-116.6111030306314 36.76345649227312 48361.5
-116.61107825546657 36.763456277008814 48361.1
-116.61105348651888 36.76345606086255 48360.6
-116.61102873170844 36.763455848658346 48360.2
-116.61100399202668 36.76345564240551 48358.9
-116.61097926692582 36.76345544432613 48357.4
-116.610954552652 36.76345525688836 48356.3
-116.61092985343076 36.763455090453085 48354.8
-116.61090515304991 36.76345495321294 48352.5
-116.61088045826824 36.76345485754688 48351.7
-116.61085577705884 36.76345481749912 48352.5
-116.61083114451084 36.76345485335073 48353.2
-116.61080653855088 36.76345496180216 48352.8
-116.6107819978446 36.763455134141246 48351.1
-116.61075753128648 36.763455360224846 48350.2
-116.610733141446 36.763455625780935 48349.6
-116.61070877466724 36.763455900358416 48348.4
-116.61068441003744 36.76345615664774 48346.6
-116.61066002208196 36.76345636731164 48345.2
-116.610635570153 36.76345649951815 48344.8
-116.610611102758 36.763456547143406 48345.2
-116.6105866076944 36.76345650976392 48345.0
-116.61056209169102 36.7634563886656 48344.8
-116.610537540282 36.76345618114329 48343.8
-116.61051299962736 36.76345591235946 48342.1
-116.61048845323404 36.76345560298274 48341.3
-116.61046390468408 36.76345526689176 48340.8
-116.61043935748216 36.763454918349865 48339.5
-116.61041481974632 36.76345458094691 48338.6
-116.61039029436328 36.763454277772745 48338.5
-116.61036578077568 36.76345402730996 48338.4
-116.61034128478464 36.76345384185739 48338.0
-116.610316762085 36.76345370145855 48337.2
-116.61029222156893 36.76345358087448 48335.7
-116.6102676591466 36.76345345756568 48334.7
-116.61024295496426 36.76345331019887 48334.6
-116.61021840734368 36.7634531310032 48333.2
-116.61019360994068 36.763452912461545 48331.5
-116.6101688636992 36.76345266022288 48331.2
-116.61014408899452 36.76345238451824 48330.7
-116.61011931651072 36.7634521069516 48330.3
-116.61009455285485 36.76345184362096 48330.8
-116.61006979791404 36.76345160816355 48330.6
-116.61004504258112 36.76345141667287 48330.5
-116.61002025252884 36.76345126418168 48330.1
-116.6099954175897 36.763451140008925 48329.0
-116.60997052167176 36.763451032492185 48328.0
-116.60994554868007 36.76345093285189 48328.2
-116.60992050657306 36.763450827504975 48328.4
-116.609895405865 36.76345070817587 48327.7
-116.60987025948076 36.763450569724725 48326.8
-116.60984508102666 36.763450401168726 48326.2
-116.60981992264776 36.76345020567312 48325.9
-116.6097948254266 36.76344999539592 48325.3
-116.60976983298376 36.76344978672068 48324.0
-116.60974499445908 36.76344959394738 48323.4
-116.6097202845354 36.76344941608078 48323.0
-116.60969568579216 36.76344925133164 48322.9
-116.60967116391303 36.76344910105046 48322.8
-116.60964667867688 36.76344897035288 48322.4
-116.60962217669297 36.76344885731015 48322.3
-116.60959763417054 36.76344875812276 48322.7
-116.60957303576448 36.763448667209886 48322.8
-116.60954837291573 36.763448576172536 48322.1
-116.6095236727992 36.763448479673805 48320.6
-116.60949896835676 36.763448378103135 48320.1
-116.60947429649585 36.763448271701634 48319.6
-116.6094497023422 36.76344815997656 48319.0
-116.60942519692652 36.76344804286448 48318.6
-116.60940077487136 36.76344792323199 48317.9
-116.60937640365825 36.763447804782665 48317.1
-116.60935203835751 36.7634476894044 48316.4
-116.6093276488593 36.763447575448176 48316.1
-116.60930323162236 36.76344746341365 48316.2
-116.60927879227329 36.763447356994526 48316.4
-116.60925433277043 36.76344726079565 48317.1
-116.6092298450342 36.76344717717885 48316.9
-116.60920531167524 36.76344710492062 48316.4
-116.609180709513 36.763447041081854 48315.9
-116.60915600116678 36.76344699009906 48315.5
-116.60913118274532 36.76344695638883 48315.4
-116.60910626419664 36.76344694529096 48315.8
-116.60908126951668 36.76344696286231 48315.7
-116.60905625398688 36.763447028467866 48315.3
-116.60903130318292 36.763447155916296 48315.3
-116.6090065807558 36.76344736425341 48315.0
-116.60898231013618 36.76344767233751 48314.9
-116.60895894391366 36.76344809756909 48315.0
-116.60893670718484 36.76344858625973 48316.0
-116.608915938207 36.76344903978072 48317.3
-116.6088170837158 36.76336071041829 48308.1
-116.60881912514736 36.7633441009726 48312.4
-116.60882113398964 36.7633262465576 48316.0
-116.6088228868212 36.76330728173927 48316.9
-116.60882422724632 36.76328743070476 48317.9
-116.60882498837556 36.76326697404686 48318.7
-116.60882522607356 36.76324631469255 48319.3
-116.60882501159172 36.76322600171776 48319.2
-116.60882446903852 36.76320653747922 48316.8
-116.60892503831208 36.763108555118656 48311.1
-116.60894415159856 36.76311013687444 48305.3
-116.60896455560837 36.76311180257166 48308.4
-116.60898609461032 36.76311341712552 48308.0
-116.6090087050728 36.76311484269152 48306.1
-116.60903217420488 36.7631160277756 48304.8
-116.6090562856414 36.763116945805095 48304.5
-116.60908088997 36.76311760302851 48304.2
-116.60910589537264 36.763118003140576 48303.2
-116.60913120225088 36.76311822456294 48302.1
-116.60915665705409 36.76311831832961 48301.0
-116.60918215958957 36.76311833029728 48300.4
-116.60920759796116 36.76311829410505 48300.0
-116.60923290415836 36.763118237783765 48299.2
-116.6092580304675 36.7631181696455 48298.5
-116.6092829684039 36.763118087926046 48298.5
-116.60930770377912 36.76311798460774 48299.3
-116.60933229709144 36.76311785276987 48299.4
-116.6093567718092 36.76311769169397 48299.0
-116.60938114541312 36.763117509218205 48298.8
-116.60940541417936 36.7631173213935 48298.0
-116.60942957387655 36.763117145646994 48297.5
-116.60945361012868 36.7631169904688 48297.7
-116.60947752659597 36.76311685202231 48297.7
-116.60950133714655 36.76311671547645 48298.0
-116.60952510641404 36.76311656752736 48298.4
-116.60954887822042 36.76311640187024 48298.2
-116.6095726809897 36.76311621905551 48298.0
-116.60959652999108 36.7631160242448 48298.4
-116.60962040784352 36.76311582874798 48298.8
-116.60964429858716 36.763115637083246 48298.9
-116.60966819837309 36.763115451876 48299.5
-116.60969210550776 36.76311528704458 48299.9
-116.60971599961464 36.76311516120922 48300.0
-116.60973988259047 36.7631150908838 48299.8
-116.609763765116 36.76311508389704 48299.4
-116.60978768444116 36.76311514706241 48299.2
-116.60981164175875 36.76311526085679 48298.9
-116.60983567115764 36.7631154006345 48299.5
-116.60985979005396 36.76311554066731 48300.5
-116.6098840133061 36.7631156546812 48300.9
-116.60990833153096 36.76311572881974 48301.1
-116.6099327270154 36.76311575858062 48301.4
-116.60995718536108 36.76311574952736 48301.8
-116.60998169687804 36.76311571559189 48301.9
-116.61000624570704 36.76311568192839 48302.2
-116.61003081771356 36.76311566982145 48302.5
-116.61005541157012 36.76311569728063 48302.3
-116.61008003553692 36.763115783420695 48302.3
-116.61010466661492 36.76311591911056 48302.9
-116.61012931604034 36.76311608590804 48303.6
-116.6101539829707 36.763116264052336 48304.6
-116.61017866799756 36.7631164393343 48305.4
-116.61020336649176 36.763116601245954 48305.7
-116.61022806682767 36.763116743448805 48305.8
-116.61025274959412 36.763116860606 48306.1
-116.61027738505352 36.76311694212582 48306.6
-116.61030198213072 36.76311699132853 48307.4
-116.61032654387996 36.76311701749605 48308.4
-116.61035108615935 36.76311703529253 48308.9
-116.61037561694044 36.76311706249142 48308.9
-116.61040012389472 36.763117108733695 48309.2
-116.61042459465524 36.763117172146586 48309.9
-116.61044901393228 36.76311724410554 48310.6
-116.61047336474743 36.763117308408944 48311.5
-116.61049766379278 36.76311735271529 48312.5
-116.61052192540797 36.76311737573888 48313.0
-116.6105461764652 36.76311738489439 48314.0
-116.61057045659048 36.763117392426025 48314.8
-116.6105947908707 36.76311740791833 48315.1
-116.6106191954028 36.76311743413811 48315.8
-116.6106437767022 36.763117468582486 48317.0
-116.6106683503109 36.76311750641396 48317.5
-116.61069299237325 36.76311754155634 48318.2
-116.6107176880008 36.763117569168976 48319.2
-116.61074241647496 36.763117588352 48319.8
-116.61076715614207 36.76311760031976 48320.4
-116.61079188575265 36.76311761223656 48321.3
-116.6108165896648 36.76311763619625 48322.3
-116.610841260135 36.76311768458718 48322.9
-116.61086587661111 36.76311776967271 48323.4
-116.61089043326174 36.76311788243265 48324.5
-116.61091494195144 36.76311801239694 48325.8
-116.61093941705766 36.763118145487184 48326.5
-116.6109638815587 36.76311826415892 48327.4
-116.61098836169536 36.76311836091404 48328.4
-116.6110128637042 36.76311843231182 48329.6
-116.6110373903448 36.763118482869935 48330.8
-116.61106195388687 36.76311852732631 48331.7
-116.61108655300848 36.76311858308375 48332.4
-116.6111111879883 36.76311866096676 48333.3
-116.61113585898796 36.76311876576161 48334.3
-116.61116056667684 36.763118902565154 48335.3
-116.61118529563592 36.76311906749872 48336.3
-116.61121004080736 36.76311925679601 48337.1
-116.61123479247595 36.763119465705344 48338.1
-116.61125953434204 36.76311968383741 48339.1
-116.61128426070664 36.76311989520876 48340.1
-116.61130897221558 36.76312008563742 48341.1
-116.61133366743776 36.76312024013272 48342.2
-116.6113583523157 36.76312033990969 48343.4
-116.61138304344595 36.76312039120145 48344.4
-116.61140773585906 36.763120398334415 48345.0
-116.6114324266038 36.76312036047111 48346.0
-116.61145712651636 36.76312026272904 48347.1
-116.61148185523167 36.76312011298344 48348.5
-116.61150661208993 36.76311993122027 48349.8
-116.611531410279 36.76311973733105 48350.6
-116.61155626985668 36.763119554974416 48351.3
-116.61158117669363 36.763119395080246 48351.7
-116.6116061297327 36.76311926008309 48352.7
-116.61163112827523 36.76311914787633 48353.6
-116.6116561685091 36.76311905435639 48354.6
-116.61168122647106 36.76311896897976 48355.2
-116.61170628048198 36.76311888794898 48355.9
-116.61173130691644 36.76311881493925 48356.9
-116.61175627312502 36.763118764094045 48357.2
-116.6117811633194 36.763118743013024 48357.3
-116.61180597996004 36.76311875353814 48357.9
-116.61183073383792 36.76311879229928 48358.9
-116.61185542859177 36.76311885726974 48359.9
-116.61188008023376 36.76311893323688 48361.0
-116.61190471063613 36.763119007718544 48362.2
-116.61192933770492 36.76311906989347 48362.9
-116.6119539845974 36.76311910827656 48363.6
-116.61197866222916 36.76311912861439 48364.4
-116.61200336055776 36.76311914084821 48364.7
-116.6120280681148 36.763119154322496 48364.9
-116.61205276305748 36.76311917317796 48365.4
-116.61207742108492 36.76311919023643 48366.4
-116.6121020393132 36.763119196369786 48367.2
-116.61212663731835 36.763119186999646 48368.4
-116.6121512559972 36.763119170468734 48369.1
-116.61217592380306 36.76311916390254 48368.5
-116.61220065461924 36.7631191771527 48368.8
-116.61222545417176 36.763119210399566 48369.6
-116.61225032035344 36.76311925398885 48370.4
-116.61227522857324 36.76311929591209 48370.7
-116.61230016201128 36.76311933145383 48370.9
-116.61232509971522 36.76311936347065 48370.9
-116.61235002268988 36.76311941022568 48371.4
-116.61237491570184 36.763119492594015 48371.8
-116.61239978226985 36.76311962433492 48371.7
-116.612424634337 36.76311980987609 48371.6
-116.6124494687654 36.76312004201785 48372.1
-116.61247428649216 36.763120283064566 48372.5
-116.61249909870328 36.76312050585621 48372.7
-116.61252389779888 36.7631206958122 48373.2
-116.61254867414746 36.76312084373084 48373.4
-116.6125734329596 36.76312095708201 48373.5
-116.6125981711768 36.763121036024 48373.7
-116.61262288223904 36.763121072737285 48374.3
-116.61264756331808 36.763121035974365 48375.1
-116.61267223144031 36.76312092167117 48375.1
-116.61269687101918 36.76312073907662 48375.0
-116.61272148296123 36.76312050980868 48374.9
-116.61274609008828 36.76312026537901 48374.8
-116.61277071490738 36.76312004609398 48374.9
-116.61279536737187 36.76311987507715 48374.9
-116.61282005673156 36.76311976315088 48374.9
-116.6128447764582 36.7631197287897 48375.1
-116.61286949523624 36.76311977203975 48375.0
-116.6128942158427 36.76311989708283 48374.8
-116.61291894234054 36.76312009454234 48374.8
-116.612943673092 36.763120350375765 48374.6
-116.61296841121973 36.76312063398941 48375.0
-116.61299317983593 36.76312092559724 48375.1
-116.61301799003856 36.76312120948793 48375.0
-116.61304285414576 36.76312147006685 48375.1
-116.61306776579924 36.763121702167005 48375.1
-116.613092706947 36.76312190340765 48374.8
-116.61311765401814 36.763122078863134 48374.1
-116.61314258434535 36.76312223467322 48373.4
-116.61316748835316 36.76312237509548 48373.3
-116.61319236950024 36.76312249306128 48372.9
-116.61321724249892 36.76312258118862 48373.0
-116.61324213421976 36.76312263064021 48373.0
-116.61326706417078 36.76312265135598 48372.7
-116.6132920304441 36.763122649260445 48372.7
-116.61331703326368 36.76312263214269 48372.4
-116.61334206876944 36.763122616622525 48371.8
-116.6133671120598 36.76312262105685 48371.4
-116.61339214808704 36.76312265906131 48370.8
-116.61341716962544 36.76312273656276 48370.5
-116.61344217167223 36.76312285421477 48370.0
-116.61346716766316 36.76312298881994 48369.8
-116.61349216079768 36.76312312152463 48369.8
-116.6135171064688 36.763123236529005 48369.7
-116.61354186603896 36.76312331038656 48368.8
-116.61356626563791 36.7631233250816 48368.0
-116.61359002863549 36.763123254415454 48368.0
-116.61361282504852 36.76312304738227 48367.2
-116.61373074035168 36.76300191205253 48370.2
-116.61372820983011 36.76298423323882 48368.4
-116.6137258068748 36.76296580701247 48367.6
-116.61372361490324 36.762946851560486 48367.0
-116.613721683077 36.76292772783014 48366.7
-116.61371992068176 36.76290893508928 48365.9
-116.61371820658152 36.76289087611607 48362.9
-116.61355734233352 36.76280865385035 48367.3
-116.61353519532634 36.76281118652324 48370.0
-116.61351195421352 36.76281350755514 48370.7
-116.61348792472268 36.762815556033935 48370.3
-116.61346315356091 36.762817345898114 48370.8
-116.61343787022427 36.76281886654983 48373.1
-116.61341239659944 36.76282019824446 48375.3
-116.61338691648056 36.76282137678962 48376.6
-116.61336160419332 36.762822430136346 48377.5
-116.61333671731568 36.76282336236294 48378.2
-116.61331233444425 36.762824200718974 48378.9
-116.6132885150696 36.76282494736048 48380.0
-116.61326526058954 36.76282559641297 48380.6
-116.61324262781224 36.76282610727903 48380.0
-116.61322044935596 36.762826467947086 48379.4
-116.61319859533052 36.7628266622436 48379.4
-116.6131769110915 36.76282668511539 48379.7
-116.61315530018558 36.76282651372847 48380.0
-116.61313361632104 36.76282618992736 48380.1
-116.61311171832872 36.762825731585465 48380.0
-116.61308949690958 36.76282516053679 48380.2
-116.61306684577916 36.76282448900482 48381.2
-116.61304379539617 36.76282376030934 48380.8
-116.61302035105948 36.76282301070052 48380.9
-116.61299656272168 36.76282228583175 48381.4
-116.6129724338982 36.7628216537106 48382.2
-116.61294805972778 36.762821144612495 48383.2
-116.6129235063904 36.762820770071215 48384.2
-116.61289884090104 36.76282052262399 48385.0
-116.61287406952144 36.762820391802194 48385.0
-116.61284923994867 36.76282031964984 48384.7
-116.61282438106532 36.762820266587056 48384.4
-116.61279950107368 36.762820201395535 48384.4
-116.61277462372986 36.76282010001847 48384.1
-116.61274977335404 36.76281996772056 48384.0
-116.61272496428676 36.76281981872232 48384.8
-116.61270022131735 36.76281967469264 48385.5
-116.61267557981311 36.76281956679349 48386.0
-116.61265103671776 36.762819515739565 48386.3
-116.61262659281329 36.76281953246011 48386.2
-116.61260223498944 36.76281961419987 48385.8
-116.6125779129841 36.7628197552222 48385.5
-116.61255357318262 36.762819920831376 48384.9
-116.61252918057453 36.76282008095679 48384.8
-116.61250469418196 36.76282020885181 48384.8
-116.61248007684884 36.762820269164806 48384.9
-116.61245533984008 36.76282025390655 48385.1
-116.61243049124433 36.76282015865628 48385.3
-116.61240555385184 36.76281998892532 48385.3
-116.61238058489738 36.76281974726624 48384.6
-116.61235563495472 36.762819467243325 48384.0
-116.61233072238808 36.76281917414504 48384.1
-116.61230585900168 36.76281888906914 48384.1
-116.6122810348325 36.76281863569682 48384.2
-116.61225621095238 36.76281841965803 48383.7
-116.6122313704212 36.76281823762677 48382.7
-116.61220651151368 36.76281808505415 48382.7
-116.6121816390557 36.762817964051806 48382.4
-116.61215677668817 36.76281787235937 48382.2
-116.61213194325693 36.76281780880967 48382.2
-116.61210715210184 36.76281777305815 48381.5
-116.61208240998153 36.76281777428052 48379.9
-116.61205770418633 36.76281781028084 48378.7
-116.61203302992764 36.76281788001069 48378.3
-116.61200837918504 36.76281797849394 48378.6
-116.61198373717136 36.7628181008422 48379.2
-116.61195910253268 36.762818233345605 48379.1
-116.61193448792892 36.76281837120411 48378.2
-116.61190990167184 36.76281850927735 48377.6
-116.61188535683984 36.76281864526873 48377.0
-116.61186084389809 36.76281878195642 48376.7
-116.61183634972492 36.76281892195013 48376.5
-116.61181185596335 36.762819061078254 48376.0
-116.61178733716892 36.762819188027 48375.2
-116.6117627802044 36.762819292215205 48374.2
-116.61173817500784 36.76281935907152 48373.3
-116.61171351654284 36.76281937844264 48372.7
-116.6116888271866 36.76281934163597 48372.5
-116.6116641420154 36.76281926473714 48372.1
-116.61163948740152 36.762819156589565 48371.4
-116.6116148936166 36.76281902365061 48370.5
-116.6115904119993 36.762818867155296 48369.5
-116.61156604248472 36.762818695186766 48368.7
-116.61154177421956 36.762818511564895 48367.8
-116.61151758128472 36.762818317591 48366.5
-116.61149343305162 36.76281810211184 48365.3
-116.6114692835948 36.7628178602809 48364.2
-116.61144508525508 36.762817590145374 48362.4
-116.61142079341543 36.7628172950858 48360.7
-116.61139635710416 36.762816971723886 48360.3
-116.61137178202796 36.76281661445793 48359.2
-116.61134708475448 36.76281622004524 48358.2
-116.6113223032501 36.76281580181837 48359.5
-116.61129746933646 36.7628153861246 48361.5
-116.61127261195048 36.762814990727314 48361.8
-116.61124774043662 36.76281462384695 48360.9
-116.6112228598872 36.76281428530165 48359.7
-116.6111979596588 36.762813978296194 48358.8
-116.61117304747847 36.762813703620864 48357.5
-116.61114814300588 36.76281347319007 48356.3
-116.61112328340624 36.76281329990293 48354.7
-116.61109848095003 36.76281320101674 48352.7
-116.61107371658704 36.76281315857312 48350.9
-116.61104897265386 36.76281315154274 48349.3
-116.6110242304524 36.76281315856754 48348.3
-116.61099949377316 36.76281317248372 48347.6
-116.61097477395224 36.76281319808896 48346.8
-116.61095007602444 36.762813240840536 48345.8
-116.61092540237227 36.762813299572976 48344.8
-116.61090075222036 36.76281336366221 48343.6
-116.6108761184514 36.762813413888814 48343.4
-116.61085148635844 36.76281342669903 48342.5
-116.61082682521776 36.762813377709975 48341.0
-116.61080212852616 36.76281324610802 48339.9
-116.610777398115 36.76281305538533 48339.1
-116.61075263015005 36.76281283195307 48338.0
-116.6107278440668 36.762812609095135 48336.8
-116.6107030537656 36.762812430045805 48336.3
-116.6106782628496 36.762812313717646 48335.9
-116.61065348054396 36.762812262710106 48335.4
-116.61062871496344 36.76281226782245 48334.9
-116.61060396321558 36.7628123200617 48334.1
-116.61057923549112 36.76281239574831 48333.4
-116.6105545489292 36.762812481821165 48332.3
-116.61052991271944 36.762812569099445 48331.1
-116.6105053326102 36.76281265137133 48330.1
-116.61048079723876 36.76281273078125 48329.3
-116.6104562988177 36.76281281238467 48328.6
-116.61043182787624 36.76281290063432 48327.1
-116.61040735778748 36.76281299727671 48326.7
-116.61038285852092 36.7628130988268 48327.4
-116.61035830517368 36.762813200102975 48327.5
-116.61033367777873 36.762813297711446 48326.3
-116.61030894928868 36.7628133887278 48324.7
-116.61028414218468 36.762813475394495 48323.7
-116.61025928616274 36.762813561738206 48323.2
-116.61023442108213 36.76281365518869 48322.4
-116.6102095871945 36.76281376650436 48321.1
-116.61018479561876 36.76281389552729 48320.0
-116.61016004621447 36.76281403545486 48319.5
-116.61013532952389 36.76281417542543 48318.4
-116.61011063727288 36.762814299000354 48317.8
-116.61008595120452 36.762814396515495 48317.7
-116.6100612592346 36.7628144646861 48317.4
-116.61003655696317 36.76281450746325 48317.2
-116.610011857367 36.762814531733646 48317.1
-116.60998716778614 36.76281455090058 48316.2
-116.6099624916488 36.762814570729375 48315.4
-116.60993783451852 36.76281459322276 48315.1
-116.60991321113544 36.76281461641902 48315.0
-116.60988862955608 36.762814635799785 48315.0
-116.60986408927596 36.762814647062136 48315.8
-116.60983958119044 36.762814649911775 48316.2
-116.6098150944279 36.76281464756416 48316.0
-116.6097906024075 36.76281464730284 48315.4
-116.60976608309204 36.762814650840085 48315.0
-116.6097415147822 36.7628146556164 48314.9
-116.60971686902164 36.7628146526626 48315.0
-116.60969215380644 36.762814636895385 48315.1
-116.60966737499172 36.7628146068109 48315.3
-116.60964254823328 36.76281456477389 48315.4
-116.6096176028616 36.76281451869316 48315.0
-116.60959277494968 36.762814481649 48314.9
-116.60956799413216 36.76281446830384 48314.6
-116.60954328666512 36.762814488669214 48314.1
-116.60951864935808 36.76281455829827 48313.5
-116.6094940593492 36.76281467798225 48313.6
-116.60946949889572 36.76281484865462 48313.3
-116.6094449530524 36.76281506541235 48312.8
-116.60942038645312 36.762815312062045 48312.9
-116.60939579224116 36.76281555151772 48312.5
-116.60937115794708 36.76281575430319 48312.4
-116.60934645622132 36.76281589942232 48312.2
-116.6093216978468 36.762815972133055 48312.2
-116.60929688954567 36.76281600361157 48312.3
-116.6092720453832 36.76281601842992 48312.6
-116.6092472043906 36.76281604267806 48313.9
-116.609222409286 36.76281610776763 48315.9
-116.60919769227804 36.76281621771992 48316.0
-116.60917306484168 36.76281636833156 48315.2
-116.6091485203274 36.76281654764211 48315.5
-116.60912401765692 36.76281674333068 48315.6
-116.60909949985988 36.76281693968089 48315.5
-116.609074926488 36.76281713375225 48315.9
-116.6090502882846 36.762817331382045 48316.1
-116.6090256121172 36.76281755498932 48316.8
-116.60900101314652 36.762817824605214 48317.5
-116.60897667227684 36.76281815961393 48318.1
-116.6089528596072 36.76281856587737 48318.5
-116.60879746914064 36.76271906742144 48319.6
-116.60879967217652 36.762702190351895 48316.4
-116.6088017557479 36.76268426439608 48316.3
-116.6088035225936 36.76266552249271 48315.9
-116.608804754706 36.762645992032944 48315.4
-116.60880546823276 36.762626148637295 48314.4
-116.60880569707663 36.762606382641 48313.1
-116.60880553492824 36.76258711217233 48311.7
-116.6089518664884 36.7624925142307 48295.1
-116.60897425334971 36.76249454248654 48295.1
-116.60899776779506 36.762496245265446 48294.2
-116.60902215227368 36.76249759483826 48292.5
-116.6090474441896 36.76249855533669 48290.3
-116.6090732442608 36.76249922173941 48288.8
-116.60909934630553 36.76249963158905 48287.9
-116.60912554459236 36.76249981445433 48286.9
-116.60915173708156 36.76249975926835 48285.9
-116.60917774548489 36.76249952343609 48285.1
-116.60920343579158 36.76249913146971 48284.2
-116.60922868925594 36.762498616784285 48283.6
-116.60925337994124 36.762498014742526 48283.2
-116.60927753941924 36.76249739286797 48282.5
-116.60930120017636 36.76249679960357 48282.1
-116.60932446974688 36.762496277295305 48282.2
-116.60934740106316 36.76249588608091 48282.3
-116.6093701933006 36.762495637584365 48282.5
-116.6093929745708 36.76249554792141 48282.6
-116.60941588085608 36.762495620385245 48282.8
-116.6094389578308 36.76249587320981 48282.8
-116.6094622451164 36.76249625310002 48282.7
-116.60948575625729 36.762496722929086 48282.7
-116.60950946870408 36.76249723643059 48282.6
-116.60953337639748 36.762497728808846 48282.6
-116.60955743006735 36.76249814950116 48282.5
-116.6095816035451 36.76249846748098 48281.9
-116.6096058467385 36.76249866682547 48281.6
-116.6096301930073 36.76249872244313 48281.9
-116.60965460365988 36.76249866969452 48282.2
-116.60967905949468 36.7624985404028 48281.5
-116.6097035431602 36.76249837154791 48280.8
-116.60972803633744 36.762498202244586 48280.9
-116.6097525120294 36.76249806008704 48281.3
-116.60977695958172 36.76249795407147 48281.8
-116.60980137550015 36.76249788415422 48282.6
-116.60982572437224 36.76249785779709 48282.6
-116.60985000813852 36.76249787180669 48281.5
-116.60987422559872 36.76249792294639 48281.4
-116.60989838351828 36.76249800045272 48282.0
-116.60992248147754 36.76249808742526 48282.7
-116.609946553949 36.76249816895493 48283.7
-116.60997062037804 36.76249824316097 48284.1
-116.60999469801268 36.76249831380912 48283.8
-116.6100188112146 36.76249838871331 48283.7
-116.61004296372045 36.76249847319016 48284.7
-116.61006714986505 36.76249857001197 48285.5
-116.61009135388208 36.76249868107113 48285.5
-116.61011553411856 36.76249881149836 48285.9
-116.61013965467788 36.762498959040045 48286.9
-116.61016368996508 36.76249912490666 48287.4
-116.6101876509034 36.76249931371776 48287.8
-116.61021156444936 36.76249954377369 48288.3
-116.610235496718 36.76249981973229 48288.6
-116.61025949562818 36.762500137044434 48289.0
-116.6102835932436 36.762500474457084 48290.2
-116.61030783146866 36.762500795802055 48291.6
-116.61033219265498 36.76250106786488 48292.7
-116.61035666260032 36.76250126383144 48293.2
-116.6103811983028 36.76250136434736 48293.6
-116.6104058287076 36.76250133489327 48294.3
-116.61043051211252 36.76250119176705 48295.1
-116.61045522141588 36.76250094158932 48295.6
-116.61047992320324 36.76250059979713 48296.0
-116.61050462497596 36.76250019050035 48297.3
-116.61052929985745 36.762499771958645 48298.4
-116.61055393284254 36.762499386308704 48298.7
-116.6105785304375 36.762499067676494 48299.0
-116.61060304735445 36.762498857968936 48299.8
-116.61062751846896 36.762498749514585 48300.6
-116.61065197644116 36.76249873393803 48301.7
-116.61067645745082 36.76249878968631 48302.7
-116.61070097603364 36.76249888387101 48303.8
-116.61072555899608 36.76249896909582 48305.2
-116.6107502236474 36.76249901471722 48306.3
-116.61077496158144 36.76249899845611 48306.9
-116.61079983235932 36.76249888634963 48307.6
-116.61082481167156 36.762498688791375 48308.9
-116.6108498674569 36.76249842238095 48310.0
-116.61087496039612 36.76249811598368 48310.6
-116.61090004761677 36.762497809054686 48311.4
-116.61092508633932 36.76249753524582 48312.1
-116.61095005501316 36.76249730995902 48312.5
-116.61097495497708 36.762497133231285 48313.5
-116.61099975887292 36.76249700106039 48314.9
-116.6110244905298 36.76249688893832 48316.5
-116.61104916559664 36.76249678654069 48317.7
-116.61107380414325 36.76249669094104 48318.7
-116.61109842390889 36.76249660397471 48319.7
-116.61112313969684 36.76249652883876 48320.6
-116.61114765886744 36.76249646946005 48321.9
-116.61117237823436 36.76249642458694 48323.0
-116.61119698711762 36.762496396933045 48323.9
-116.61122157668456 36.76249638482735 48324.9
-116.61124613315056 36.76249639245656 48326.0
-116.61127064368138 36.762496423331214 48327.0
-116.61129507060356 36.76249648008679 48327.5
-116.61131943091108 36.76249654901228 48328.3
-116.611343749066 36.76249661734824 48329.2
-116.61136804955628 36.76249667602591 48330.5
-116.61139237642804 36.76249671967399 48331.6
-116.61141674686492 36.76249676084975 48332.1
-116.6114411678944 36.76249681021152 48332.6
-116.61146564133637 36.76249687202037 48333.9
-116.6114901557652 36.762496942503965 48335.1
-116.61151469380702 36.76249700999621 48336.0
-116.61153924275642 36.762497062757376 48337.0
-116.61156378426604 36.762497083479886 48338.0
-116.61158835828088 36.762497042626286 48338.8
-116.61161295414496 36.76249694087532 48339.5
-116.61163756046336 36.76249678665785 48340.2
-116.61166215820792 36.76249660473984 48340.8
-116.6116867158414 36.76249643025866 48341.2
-116.61171120857831 36.7624962881193 48341.8
-116.61173561730268 36.76249618643367 48342.5
-116.61175993558 36.762496121741535 48343.1
-116.61178412570136 36.76249608100638 48343.6
-116.61180821706137 36.76249603512687 48344.5
-116.6118322224664 36.76249596359007 48345.6
-116.61185615324553 36.762495850925376 48346.7
-116.61188007076998 36.762495678065456 48347.2
-116.611904001528 36.762495460303406 48347.9
-116.61192796730865 36.762495215697285 48348.8
-116.61195199945584 36.7624949731725 48349.4
-116.61197611759717 36.76249478470612 48349.9
-116.61200033455248 36.7624946747995 48350.1
-116.61202465595828 36.7624946454349 48350.5
-116.61204908648617 36.762494676422016 48351.3
-116.61207360171096 36.76249475082648 48351.7
-116.6120981762333 36.76249484424839 48351.8
-116.61212278877268 36.762494943329045 48352.0
-116.61214741256046 36.76249503620363 48352.3
-116.61217202820008 36.76249511405498 48352.5
-116.61219661403943 36.762495180016366 48352.4
-116.6122211579696 36.76249524056618 48352.5
-116.61224565926244 36.7624952995832 48353.0
-116.61227011765084 36.76249536076181 48353.8
-116.61229454799025 36.762495416829125 48354.6
-116.6123189618346 36.76249544709189 48355.0
-116.61234335230918 36.76249542986052 48355.1
-116.6123677716172 36.76249533343943 48355.2
-116.61239221462137 36.76249516525503 48355.2
-116.61241668003744 36.762494939066144 48355.2
-116.61244115982906 36.762494678611375 48355.1
-116.6124656476034 36.7624944093974 48355.0
-116.61249012432368 36.76249414752015 48354.7
-116.61251459107076 36.762493892452895 48354.8
-116.6125390593362 36.762493642570384 48355.2
-116.6125635495176 36.7624934047708 48355.2
-116.61258808797868 36.762493189434025 48354.8
-116.61261268558584 36.76249300595159 48354.3
-116.61263734604503 36.76249285660624 48354.3
-116.61266203759976 36.76249274088938 48354.5
-116.61268674270572 36.762492643229216 48354.5
-116.61271144329012 36.76249255724722 48354.6
-116.61273612239668 36.76249247590688 48354.0
-116.61276077393572 36.76249239719845 48352.8
-116.612785415583 36.76249232126487 48352.5
-116.61281006732744 36.76249225179996 48352.8
-116.61283475297698 36.76249219478508 48353.2
-116.61285947105937 36.76249216404253 48353.2
-116.61288419737724 36.76249216895454 48352.8
-116.61290890789483 36.76249221981002 48352.2
-116.61293359838815 36.76249232054697 48351.6
-116.6129582370564 36.762492469339904 48351.3
-116.61298285841652 36.76249263678433 48351.1
-116.61300749638788 36.76249279917148 48351.3
-116.61303217353628 36.76249294009511 48351.2
-116.6130569296973 36.76249305153909 48350.8
-116.61308174353653 36.76249314419049 48350.4
-116.61310659964316 36.76249322219284 48349.8
-116.61313148022784 36.76249328894824 48349.2
-116.61315638590388 36.76249333987276 48348.9
-116.6131813086392 36.76249336747529 48348.9
-116.61320623866068 36.76249335992603 48348.3
-116.61323114309296 36.76249330648865 48347.6
-116.61325602077096 36.76249318938783 48347.4
-116.6132808442738 36.7624930206589 48346.9
-116.61330559754424 36.76249281374141 48346.5
-116.61333027252488 36.76249259070087 48345.6
-116.6133548463008 36.762492384405725 48344.7
-116.61337934580152 36.762492223226765 48344.0
-116.61340380364288 36.76249212504092 48343.5
-116.6134282775635 36.76249209105338 48343.2
-116.613452792641 36.76249211382768 48342.4
-116.6134773773662 36.76249215898758 48342.1
-116.61350200737448 36.76249220398966 48342.5
-116.61352658925112 36.76249222544416 48342.4
-116.61355092459924 36.762492188204575 48341.8
-116.61357475662425 36.76249207436035 48340.5
-116.61359775666892 36.762491836937365 48338.3
-116.61361945768584 36.76249140711683 48336.1
-116.61372201688376 36.762370599626166 48336.6
-116.6137193297694 36.762352918434495 48341.4
-116.61371684553116 36.762334537755954 48339.7
-116.6137146369648 36.76231570548843 48338.7
-116.61371271522896 36.762296739152106 48337.9
-116.61371095137127 36.76227816694977 48336.6
-116.61370917414852 36.762260337166765 48334.1
-116.6137071967008 36.7622436123791 48330.9
-116.61358828329864 36.76217273495322 48351.7
-116.613569584448 36.76217469853018 48348.6
-116.6135497357268 36.76217673870931 48346.0
-116.61352876600868 36.76217869145296 48346.6
-116.61350650614186 36.76218044854164 48347.9
-116.6134833391002 36.762181983144 48348.0
-116.61345936412091 36.76218333412077 48347.9
-116.61343476958372 36.762184529962944 48347.4
-116.61340970675656 36.76218557639328 48348.1
-116.6133845187336 36.7621864962632 48349.4
-116.61335933571596 36.76218731522854 48350.4
-116.6133342760945 36.76218805092689 48351.1
-116.6133094604272 36.76218871643811 48351.4
-116.61328497069276 36.7621893325101 48350.5
-116.61326083912532 36.76218990190775 48350.7
-116.613237113781 36.76219042118851 48352.6
-116.61321386924809 36.762190879174746 48354.2
-116.6131910633864 36.76219127109808 48354.2
-116.61316859502648 36.76219158751865 48354.4
-116.61314635628833 36.762191816356015 48354.9
-116.613124188597 36.76219193767961 48355.5
-116.6131019868788 36.762191951025294 48355.6
-116.61307959417104 36.76219185343572 48355.3
-116.61305691223376 36.762191637725074 48354.8
-116.6130337967497 36.76219129301276 48355.3
-116.61301022416671 36.76219084496168 48357.0
-116.61298638191792 36.7621903294444 48358.8
-116.61296222412292 36.7621897789176 48360.1
-116.61293779979836 36.76218922889895 48361.3
-116.61291321156428 36.76218871097208 48362.0
-116.61288853117352 36.762188241122445 48362.2
-116.61286380554388 36.76218782568929 48362.5
-116.61283908172548 36.762187463430365 48362.7
-116.6128143557528 36.76218712897844 48362.2
-116.61278964429752 36.76218680179468 48361.6
-116.6127649403502 36.76218647611249 48362.2
-116.6127402347097 36.76218615779004 48362.9
-116.61271551113094 36.7621858619806 48363.1
-116.61269076538872 36.762185597470975 48363.5
-116.61266600180564 36.76218537123045 48364.0
-116.61264125066468 36.762185191279336 48364.4
-116.6126165210966 36.762185054721336 48364.4
-116.61259184742303 36.76218495473765 48364.5
-116.6125672414949 36.76218488278292 48365.1
-116.61254270893744 36.76218482736808 48366.0
-116.61251821893636 36.76218477185824 48367.1
-116.61249375482492 36.762184697776846 48367.5
-116.61246929948828 36.762184588596654 48367.3
-116.61244483396923 36.762184431614905 48367.2
-116.6124203900336 36.76218423928994 48367.3
-116.61239596390628 36.76218402723653 48366.7
-116.61237156181636 36.76218380089863 48365.7
-116.61234719339755 36.76218356584652 48365.4
-116.6123228587606 36.762183329463056 48365.1
-116.6122985531824 36.76218310088616 48364.5
-116.612274269032 36.762182888347965 48364.2
-116.6122499930306 36.762182705240285 48364.0
-116.61222568053272 36.76218256669184 48364.4
-116.6122013194559 36.762182488971966 48365.8
-116.6121768961408 36.76218248953601 48367.0
-116.6121524158905 36.76218258638737 48367.1
-116.61212784356294 36.762182767523726 48366.6
-116.61210322360186 36.76218302305738 48365.6
-116.61207857193794 36.762183344623054 48364.0
-116.61205389604268 36.76218371827624 48363.3
-116.6120291863971 36.76218411253116 48363.4
-116.61200447123392 36.76218450359757 48362.9
-116.61197977021126 36.76218487386164 48362.5
-116.6119551035087 36.762185205399526 48362.7
-116.61193049395716 36.76218548645235 48362.6
-116.611905916194 36.762185705562885 48362.0
-116.61188135386968 36.76218585604253 48360.9
-116.61185677979375 36.762185928953535 48360.3
-116.61183222918108 36.76218593310782 48359.8
-116.61180768944892 36.76218588069277 48359.4
-116.61178316100772 36.76218578282639 48358.7
-116.61175863436787 36.76218564845131 48358.1
-116.61173411709572 36.76218549881192 48357.8
-116.61170959609076 36.76218535345636 48357.4
-116.61168506538036 36.762185229717375 48357.1
-116.6116605242438 36.762185147462375 48356.5
-116.6116359513954 36.76218511748785 48355.6
-116.61161137088476 36.762185143068656 48354.8
-116.61158680641635 36.76218522211359 48354.4
-116.61156229865828 36.76218535270813 48354.1
-116.61153783967764 36.762185516360965 48353.9
-116.61151344468924 36.76218570062469 48353.4
-116.611489099863 36.76218590030196 48352.8
-116.61146476535436 36.76218610601283 48352.6
-116.61144039097604 36.76218629348308 48351.7
-116.61141594131873 36.762186429427054 48349.4
-116.6113913839934 36.76218648444011 48347.6
-116.61136666309348 36.762186440077016 48347.4
-116.61134184761148 36.762186327316186 48347.8
-116.6113169475024 36.76218618522638 48348.2
-116.61129199932732 36.76218605232173 48347.9
-116.61126705499144 36.76218596611239 48347.1
-116.61124212135108 36.76218593935732 48344.9
-116.61121722541192 36.7621859705913 48342.8
-116.61119237762324 36.762186053789264 48340.4
-116.61116759077164 36.76218618233226 48338.3
-116.61114282944732 36.76218633232815 48336.8
-116.61111809406675 36.76218647893774 48335.4
-116.61109338334984 36.762186601012246 48333.3
-116.61106868747002 36.762186674690525 48332.0
-116.61104402932972 36.762186688886665 48332.3
-116.61101939118012 36.76218663875178 48332.5
-116.61099476379952 36.762186523073126 48331.1
-116.61097012749129 36.7621863437392 48328.6
-116.61094550460813 36.7621861261858 48328.1
-116.61092087833303 36.76218589236873 48328.9
-116.61089624478194 36.76218565929023 48329.1
-116.61087159933534 36.76218544077992 48327.2
-116.6108469262828 36.76218524286258 48324.9
-116.6108222279328 36.76218506911467 48323.6
-116.61079750590872 36.762184927037104 48322.7
-116.61077276518388 36.762184825529424 48322.0
-116.6107479844198 36.76218475599468 48321.5
-116.61072316894966 36.76218470632666 48320.4
-116.6106983207134 36.76218466448522 48318.9
-116.61067344429853 36.762184617361314 48317.4
-116.61064855850506 36.76218455561386 48316.2
-116.61062366537988 36.76218447686129 48315.4
-116.6105987586084 36.762184382637365 48314.7
-116.610573817887 36.76218427131531 48314.0
-116.6105488442562 36.762184144865145 48313.0
-116.61052383475985 36.76218400826443 48312.3
-116.61049879795678 36.762183865937246 48311.9
-116.61047375799808 36.762183725090246 48311.1
-116.61044874834552 36.762183596691074 48309.8
-116.61042380545508 36.76218349352711 48309.1
-116.61039895898652 36.76218342305975 48309.1
-116.61037424572118 36.76218339117822 48308.2
-116.6103496207254 36.76218338512077 48306.8
-116.61032506193816 36.762183380299454 48305.9
-116.61030053637064 36.76218334967837 48304.9
-116.6102759906593 36.76218326425216 48304.5
-116.61025142590768 36.76218312597654 48304.2
-116.6102268114534 36.76218296022712 48304.2
-116.6102021436953 36.76218279523373 48303.6
-116.61017744612096 36.76218266511314 48302.9
-116.61015272141763 36.76218259351365 48302.5
-116.61012799605624 36.76218258823828 48302.0
-116.61010328301133 36.76218264906418 48301.0
-116.61007859836032 36.76218277153664 48300.0
-116.61005390995837 36.762182933013534 48299.8
-116.6100292235823 36.76218311411264 48299.2
-116.61000453348684 36.76218329921489 48298.5
-116.60997982446966 36.76218346615864 48298.3
-116.60995510954326 36.76218359112736 48298.1
-116.60993038478888 36.762183659221215 48297.4
-116.60990564685812 36.76218366426927 48297.0
-116.60988086976108 36.762183604858826 48296.8
-116.60985606349983 36.76218349602331 48296.5
-116.60983119894736 36.762183347658485 48296.0
-116.60980627068388 36.76218316643571 48296.3
-116.60978127989868 36.76218295869975 48296.5
-116.60975626775728 36.76218273864795 48296.0
-116.60973124457456 36.76218251325145 48295.6
-116.60970622045572 36.76218228438016 48295.4
-116.60968121188392 36.762182056064376 48295.5
-116.60965622283166 36.76218183768396 48294.7
-116.6096312517658 36.76218163646527 48294.3
-116.60960629141611 36.76218145862901 48294.6
-116.60958133470368 36.76218131364048 48294.6
-116.60955635347052 36.76218120757488 48294.5
-116.60953135184384 36.76218114327785 48294.8
-116.60950633040552 36.76218112197609 48295.3
-116.60948130929204 36.76218115072315 48295.4
-116.60945628205089 36.76218122565759 48294.5
-116.60943127695737 36.76218133917048 48294.6
-116.60940630927296 36.76218147762461 48295.0
-116.60938138871823 36.76218161689764 48294.7
-116.60935651722376 36.76218173303237 48294.4
-116.60933168750408 36.76218181308039 48294.4
-116.60930689091876 36.7621818547068 48294.6
-116.6092821116856 36.76218186506962 48295.3
-116.60925734108076 36.762181862025486 48295.8
-116.60923255746212 36.76218185877692 48295.9
-116.60920775099586 36.76218186442864 48296.0
-116.60918291122232 36.762181886601645 48296.4
-116.60915802670849 36.76218192319571 48297.1
-116.60913309598484 36.762181971778176 48297.5
-116.609108121481 36.76218203612757 48297.6
-116.60908300356216 36.76218212576594 48297.4
-116.60905793108536 36.762182237497015 48298.0
-116.60903281861911 36.76218236783184 48298.8
-116.60900770993833 36.76218252031036 48299.6
-116.6089827481068 36.76218271386874 48300.8
-116.60895809446475 36.7621829625677 48301.8
-116.60893400461616 36.76218327057328 48302.6
-116.60891078634243 36.76218362810065 48302.4
-116.608774549328 36.762063127960005 48300.1
-116.60877589902212 36.762044753857 48300.3
-116.60877693277928 36.762025685214695 48299.6
-116.60877758044334 36.762006207417656 48299.0
-116.60877775717996 36.761986727287024 48298.9
-116.60877751070105 36.76196748430559 48299.3
-116.60877692943136 36.761948910751045 48299.0
-116.60891919820068 36.761853087147294 48290.1
-116.6089414486418 36.76185457711646 48287.6
-116.60896496882144 36.76185584627261 48285.6
-116.60898945660516 36.76185686187007 48283.4
-116.60901470580868 36.76185761141637 48282.4
-116.60904050406864 36.7618580660372 48281.7
-116.60906670667347 36.76185827512555 48280.4
-116.60909305583613 36.76185828255454 48278.7
-116.60911939342948 36.76185812781625 48277.2
-116.60914552472262 36.761857833999535 48276.7
-116.60917141828516 36.76185744436649 48276.5
-116.60919700104212 36.76185699683213 48276.0
-116.60922224982993 36.761856529935 48275.4
-116.60924712709728 36.761856093099134 48275.3
-116.60927165804132 36.76185572859229 48274.8
-116.60929588151956 36.76185545526696 48273.7
-116.60931984141656 36.76185527385368 48273.6
-116.60934360067736 36.76185517542167 48274.3
-116.6093672409276 36.761855127046125 48274.5
-116.60939087064554 36.761855105150254 48274.8
-116.60941456246418 36.76185508922576 48274.8
-116.6094383767865 36.76185505631622 48275.1
-116.6094623270554 36.761854995623054 48274.8
-116.60948638518786 36.76185490762501 48274.0
-116.60951051806909 36.761854798166574 48273.3
-116.60953468547363 36.76185467847847 48273.1
-116.60955883716343 36.76185456430132 48272.8
-116.60958293147968 36.76185447218667 48273.1
-116.60960693757184 36.76185441766389 48273.8
-116.6096308454276 36.76185441724152 48274.5
-116.60965465268816 36.7618544699576 48274.2
-116.60967840706556 36.761854566816645 48273.9
-116.60970215439671 36.76185468842708 48274.1
-116.60972595216852 36.7618548039992 48274.6
-116.60974985992968 36.761854885828015 48275.4
-116.60977390601111 36.761854922902174 48275.2
-116.60979810216038 36.76185491537231 48274.7
-116.60982245655192 36.76185486024318 48274.4
-116.6098469554696 36.76185476636771 48275.0
-116.60987155701072 36.761854645434205 48276.0
-116.60989623256788 36.76185451278207 48276.3
-116.60992095139729 36.761854381455294 48276.2
-116.60994566902744 36.76185425384229 48276.6
-116.6099703593175 36.76185412714333 48276.8
-116.609995004906 36.7618540005754 48276.8
-116.61001958699728 36.761853876334 48277.3
-116.61004410439952 36.76185375601277 48277.5
-116.6100685555928 36.76185364277601 48278.1
-116.61009294113724 36.76185354167272 48279.0
-116.6101172746218 36.761853469407086 48279.2
-116.61014155882856 36.76185344525803 48279.4
-116.610165811551 36.76185348925393 48280.1
-116.61019003835632 36.76185361540401 48280.7
-116.61021425475376 36.76185383883695 48281.3
-116.61023841227492 36.76185413759667 48281.9
-116.61026254380184 36.761854482479166 48282.7
-116.6102866684014 36.76185484997792 48283.3
-116.6103108055271 36.76185521909182 48283.8
-116.6103349684038 36.76185556509044 48284.2
-116.61035915538072 36.76185586540679 48284.7
-116.61038336100546 36.7618561031089 48285.6
-116.61040756135392 36.76185626850759 48286.3
-116.61043177739607 36.76185637743424 48287.0
-116.61045598568064 36.76185644252995 48287.7
-116.61048018403822 36.76185647348346 48288.5
-116.61050435437448 36.76185647322563 48289.2
-116.61052850908476 36.76185644783934 48290.0
-116.6105526418671 36.761856400949 48290.7
-116.61057675151368 36.76185633559021 48291.2
-116.61060083444605 36.76185625101724 48292.3
-116.61062491732822 36.76185615369104 48293.1
-116.61064901199347 36.76185604921083 48293.4
-116.61067313656248 36.76185594123217 48295.0
-116.61069731467332 36.761855838109774 48296.3
-116.61072153976428 36.76185575105063 48297.1
-116.6107458013587 36.761855690800495 48297.2
-116.61077008133576 36.76185566256599 48297.9
-116.61079435333696 36.76185566659202 48299.2
-116.61081856764248 36.76185569218937 48300.2
-116.61084270294305 36.7618557288373 48300.8
-116.6108667414798 36.76185576404992 48301.5
-116.61089064945304 36.761855776054944 48302.3
-116.61091446141953 36.76185574767054 48303.7
-116.6109381934024 36.76185567258688 48305.9
-116.6109618658404 36.761855553399606 48307.1
-116.6109854803841 36.761855398904686 48307.5
-116.61100906656704 36.76185523015311 48308.0
-116.61103263546563 36.76185506586676 48308.5
-116.61105621486706 36.76185492288441 48309.6
-116.6110798531152 36.76185482132224 48310.6
-116.61110354722356 36.761854768692125 48311.7
-116.61112732009984 36.76185477053807 48312.6
-116.61115117308118 36.76185483152664 48312.5
-116.61117512346364 36.76185495548162 48312.9
-116.61119912891888 36.76185512290089 48313.8
-116.6112232062328 36.761855311804496 48315.2
-116.61124736054828 36.76185550192636 48316.5
-116.61127159616454 36.76185567406153 48317.0
-116.61129591709108 36.761855818563134 48317.8
-116.61132032230572 36.76185593209976 48318.9
-116.6113448228794 36.76185601289725 48319.8
-116.61136942918404 36.761856057051546 48320.5
-116.61139414162795 36.76185607229284 48320.9
-116.61141893499628 36.76185606791212 48321.3
-116.61144378940688 36.76185605069393 48322.0
-116.61146868895062 36.76185602660268 48323.0
-116.61149361057124 36.76185600165631 48323.9
-116.6115185354017 36.76185598244079 48324.4
-116.6115434471856 36.76185597335394 48324.9
-116.61156833895735 36.76185597963784 48325.6
-116.61159320760405 36.761856002835806 48326.0
-116.61161806214582 36.76185604083933 48326.5
-116.61164300693862 36.76185608246888 48327.2
-116.61166784028109 36.761856104906045 48327.6
-116.61169269134844 36.761856090864974 48328.3
-116.61171756522134 36.76185603391456 48329.0
-116.6117424588102 36.76185593991222 48329.5
-116.61176735455912 36.76185582460961 48330.0
-116.61179224697403 36.76185571054144 48330.5
-116.61181712769697 36.76185561274974 48330.7
-116.61184199340528 36.76185553811296 48331.3
-116.61186683953322 36.76185548830773 48332.0
-116.611891648278 36.76185545516777 48332.1
-116.61191642521727 36.76185543092751 48332.2
-116.6119411768098 36.76185540884693 48332.6
-116.6119659045628 36.76185538323836 48333.7
-116.61199061184068 36.76185535800193 48334.0
-116.61201529132532 36.76185533866625 48333.9
-116.61203993758772 36.76185532756024 48333.9
-116.61206454916484 36.76185532564424 48334.2
-116.6120891364192 36.76185532986326 48334.8
-116.61211372199152 36.76185533610371 48335.0
-116.61213832994105 36.76185533879615 48334.5
-116.61216298986292 36.76185532151754 48334.0
-116.61218773980286 36.76185526784236 48334.4
-116.61221260054752 36.76185517220548 48335.1
-116.61223758858723 36.761855041318064 48335.8
-116.61226271771764 36.76185489016268 48335.4
-116.61228794798063 36.76185474424212 48334.5
-116.61231322471752 36.7618546265475 48334.4
-116.61233849834454 36.76185455812201 48333.7
-116.61236372893632 36.76185455728608 48332.8
-116.61238886191155 36.761854606932935 48332.4
-116.6124139116473 36.7618546822138 48332.9
-116.61243888999708 36.761854757317614 48333.7
-116.61246379722384 36.76185480427052 48333.9
-116.61248866141548 36.761854817444565 48334.2
-116.61251345718276 36.76185480558952 48334.5
-116.61253815617737 36.761854782968 48334.1
-116.6125627166234 36.7618547685132 48333.3
-116.61258713802158 36.76185477305879 48333.0
-116.612611448849 36.761854801064686 48332.8
-116.61263569611071 36.761854858175454 48332.6
-116.61265996722808 36.76185495385126 48332.8
-116.61268430911228 36.761855081486175 48332.6
-116.61270875698148 36.761855235109365 48332.2
-116.61273331659535 36.76185540785956 48332.1
-116.61275799204806 36.7618555939245 48331.4
-116.61278274239524 36.76185578519167 48331.0
-116.61280754872328 36.76185597340574 48331.1
-116.61283238836847 36.76185615081248 48330.8
-116.61285723132605 36.76185630886498 48330.4
-116.61288206337784 36.761856450698176 48330.1
-116.6129068661444 36.76185658532771 48329.7
-116.61293163062284 36.76185672135028 48328.8
-116.6129563442365 36.76185686151107 48328.0
-116.61298100718822 36.761856995347735 48327.8
-116.61300563107436 36.76185711114836 48327.9
-116.61303023784112 36.76185719918677 48327.8
-116.61305485093624 36.76185724601376 48327.6
-116.61307952630187 36.76185725559892 48327.3
-116.61310426733088 36.76185723334335 48327.2
-116.61312907144595 36.76185718856789 48327.1
-116.61315394111035 36.761857143996814 48326.4
-116.61317884620864 36.76185712846426 48325.6
-116.6132037618311 36.761857158462334 48324.7
-116.61322866422962 36.761857239003206 48324.2
-116.61325353985016 36.76185736669689 48324.0
-116.61327836962592 36.76185752067751 48323.8
-116.61330317317812 36.76185768259924 48323.4
-116.61332796601124 36.76185783623616 48323.5
-116.61335277235976 36.76185796995824 48323.4
-116.61337762520428 36.761858083156746 48322.6
-116.6134025297225 36.76185817667263 48321.9
-116.6134274860344 36.76185825252065 48321.7
-116.6134524841604 36.76185831448126 48321.2
-116.61347747529318 36.761858371760525 48320.3
-116.6135023628202 36.76185843050648 48319.4
-116.61352699893484 36.761858489022096 48318.8
-116.61355106242932 36.76185852539663 48318.3
-116.61357431353343 36.76185849776583 48317.1
-116.61359645668657 36.761858337990326 48315.0
-116.61361720716964 36.7618579453294 48313.3
-116.61370918200429 36.76173131283507 48319.8
-116.6137068212587 36.76171339930298 48321.3
-116.61370470863268 36.761694877135376 48321.9
-116.613702908622 36.76167600176339 48321.7
-116.6137014359448 36.76165710607085 48320.6
-116.61370015499264 36.761638716880285 48320.8
-116.61369888204696 36.7616211771567 48320.2
-116.6135373331434 36.76154387810404 48330.1
-116.61351532756665 36.76154609978445 48332.0
-116.61349236934218 36.76154804660983 48332.0
-116.61346856170952 36.7615496976387 48332.0
-116.61344408474184 36.761551061851215 48332.8
-116.6134190485698 36.76155216082296 48334.8
-116.61339385450624 36.76155308133819 48336.2
-116.613368632516 36.76155389220797 48336.3
-116.6133435485103 36.761554624016654 48337.3
-116.61331878479687 36.76155526793869 48337.2
-116.61329449448392 36.76155582233196 48337.0
-116.61327075773796 36.76155629347761 48338.0
-116.6132476325319 36.761556690480745 48338.4
-116.61322518476776 36.76155701359812 48338.0
-116.6132032763453 36.76155726287537 48337.7
-116.61318172822224 36.76155742673068 48338.0
-116.61316035990296 36.761557492466814 48337.8
-116.61313893420753 36.7615574375245 48337.5
-116.6131173451142 36.76155728232158 48338.0
-116.61309544361636 36.761557059741904 48339.6
-116.6130731455797 36.76155680022974 48340.4
-116.61305033757336 36.761556528926 48340.8
-116.61302704929932 36.76155626270593 48341.7
-116.6130033035198 36.76155600604325 48342.4
-116.61297914589544 36.761555757908766 48342.0
-116.6129546285576 36.76155552830401 48341.7
-116.61292989132944 36.76155534321829 48342.7
-116.61290504255192 36.76155521728212 48344.6
-116.61288016710988 36.761555148881854 48345.6
-116.61285534201042 36.761555122834295 48345.1
-116.61283059912742 36.76155510827876 48344.2
-116.61280597207524 36.761555082026895 48343.9
-116.61278147268764 36.76155502342485 48344.1
-116.6127570904588 36.761554905190735 48344.4
-116.61273281766456 36.76155472277098 48345.1
-116.61270861161964 36.76155448981401 48346.4
-116.6126844518998 36.761554226253374 48347.8
-116.6126603243679 36.76155395403724 48348.3
-116.61263620779388 36.7615536964218 48348.6
-116.61261208183248 36.76155346588124 48349.0
-116.61258792382334 36.76155326472097 48348.9
-116.61256371486832 36.76155309471912 48348.2
-116.61253943983024 36.76155295524224 48347.9
-116.6125150133376 36.76155284355887 48348.5
-116.61249063894724 36.76155275256661 48348.7
-116.61246622515756 36.761552667143405 48348.2
-116.6124417910586 36.761552575123616 48348.1
-116.6124173506194 36.76155247020228 48348.2
-116.61239291253716 36.76155234940238 48348.6
-116.6123684860074 36.761552211683565 48348.8
-116.6123440881973 36.76155206247984 48349.5
-116.61231971705408 36.761551901741626 48350.0
-116.61229537515167 36.761551724676735 48350.0
-116.61227106415409 36.761551525408535 48350.1
-116.61224678813704 36.76155130300189 48350.0
-116.61222253242462 36.761551055459705 48349.9
-116.61219828211529 36.76155077696718 48349.5
-116.61217400423044 36.76155045534647 48349.4
-116.61214970877118 36.76155009480272 48349.9
-116.61212538134822 36.76154970926597 48350.3
-116.61210101400904 36.76154932575075 48350.9
-116.61207660570103 36.761548982345765 48351.1
-116.6120521306492 36.76154869641264 48350.9
-116.6120275998614 36.761548467317695 48350.4
-116.61200301589018 36.761548277915054 48349.5
-116.61197837453516 36.76154810344208 48349.2
-116.61195368506291 36.76154792770249 48349.3
-116.61192895849577 36.76154774824462 48349.5
-116.61190420680548 36.76154756535474 48349.2
-116.61187945240648 36.761547381230166 48348.6
-116.61185472765942 36.76154720439367 48348.1
-116.61183005742188 36.76154704158927 48348.9
-116.6118054622925 36.76154689679543 48349.8
-116.61178097076156 36.76154677143532 48349.5
-116.61175655966612 36.761546660517205 48348.6
-116.61173221949144 36.76154656161288 48348.1
-116.61170792963156 36.761546479817135 48347.5
-116.61168367349272 36.761546427337535 48347.2
-116.61165940561992 36.76154641336552 48346.8
-116.6116351130188 36.76154644311769 48346.1
-116.61161078239584 36.76154651746396 48345.3
-116.61158641563448 36.761546639632606 48345.5
-116.61156200588718 36.76154679508077 48345.6
-116.61153757776668 36.76154696245978 48344.7
-116.61151314062792 36.76154711794839 48344.2
-116.61148869154653 36.76154724026147 48344.0
-116.61146425658308 36.76154733440042 48343.7
-116.6114398241104 36.761547409615375 48343.4
-116.61141537630886 36.76154746871273 48342.6
-116.61139086312 36.76154750167196 48341.5
-116.6113662695772 36.76154749826259 48340.3
-116.6113415702151 36.76154745335158 48339.9
-116.61131675836788 36.76154736770275 48339.1
-116.61129181903472 36.76154723665738 48337.5
-116.61126681123292 36.761547064814906 48337.3
-116.61124175968295 36.76154685692382 48336.9
-116.61121669766467 36.76154662055498 48336.3
-116.61119165979112 36.761546362204086 48335.7
-116.61116668037631 36.76154609394512 48334.5
-116.61114177192692 36.761545832623874 48333.5
-116.61111695614306 36.761545612022246 48333.9
-116.61109229206008 36.76154549117304 48334.3
-116.6110677142225 36.76154549538682 48333.8
-116.6110432376344 36.76154562145244 48333.6
-116.61101884824753 36.76154584466604 48332.6
-116.61099454997412 36.76154613151505 48330.4
-116.61097029671714 36.76154643707649 48328.2
-116.61094608280484 36.76154673874324 48326.9
-116.6109218823144 36.76154702109142 48326.5
-116.61089763669796 36.76154725775924 48325.4
-116.61087333461828 36.76154742547888 48323.6
-116.61084893873766 36.76154750711695 48323.0
-116.61082443275654 36.76154748581264 48323.2
-116.61079977443792 36.76154734287318 48322.1
-116.61077504317969 36.76154710193068 48320.8
-116.61075022913184 36.76154679268832 48320.5
-116.6107253563236 36.76154644373057 48320.8
-116.61070046415186 36.76154608408483 48321.6
-116.6106755970465 36.76154574380613 48324.2
-116.6106507892286 36.76154544561384 48325.4
-116.61062606613064 36.76154520793887 48325.0
-116.6106014765927 36.76154505004939 48323.6
-116.61057697886504 36.76154495968302 48321.6
-116.61055259702476 36.761544921370245 48320.1
-116.6105283209682 36.7615449113863 48318.7
-116.61050412470644 36.76154489410244 48317.3
-116.61047996644218 36.76154484212414 48316.4
-116.610455806677 36.76154474567998 48316.0
-116.61043162255666 36.76154460462792 48315.7
-116.61040739997 36.761544431652986 48315.1
-116.61038315365404 36.761544254931664 48315.1
-116.61035887700211 36.76154409391176 48315.6
-116.61033455910362 36.76154395842288 48315.3
-116.61031017598178 36.76154385019835 48313.9
-116.61028570736867 36.761543754817296 48312.3
-116.61026115699076 36.76154366222834 48311.3
-116.61023653411915 36.761543569467065 48310.6
-116.61021185285624 36.76154347903791 48309.4
-116.61018713147912 36.761543386539415 48308.9
-116.61016238136538 36.761543283454685 48308.6
-116.61013761398225 36.761543161536274 48308.1
-116.61011282600884 36.761543007773774 48307.9
-116.6100880427362 36.761542819258686 48308.0
-116.6100632612229 36.76154260080767 48307.5
-116.61003849708928 36.76154236373007 48307.0
-116.61001379265936 36.76154213112893 48306.5
-116.60998915442596 36.76154193274784 48305.7
-116.60996457692566 36.761541784962326 48305.3
-116.60994004527888 36.76154169871684 48305.5
-116.60991556506788 36.76154168488357 48305.9
-116.60989109104035 36.76154172885023 48305.5
-116.60986662440511 36.76154180892751 48305.3
-116.60984214808462 36.76154190114048 48305.0
-116.60981764093223 36.76154197861855 48303.9
-116.60979311667997 36.76154202350755 48303.4
-116.60976857267596 36.76154202413372 48303.5
-116.60974401452532 36.76154197339135 48303.3
-116.60971943743588 36.76154186767183 48303.1
-116.6096948716296 36.76154172057318 48302.6
-116.60967030521682 36.76154154066595 48302.8
-116.60964573515852 36.761541331431566 48303.2
-116.6096211406559 36.76154108671438 48303.6
-116.6095965254864 36.76154080183301 48304.2
-116.6095718749366 36.76154047036461 48304.5
-116.60954720010066 36.761540100602886 48304.8
-116.60952255203816 36.76153973654394 48304.6
-116.60949795915478 36.76153943369189 48304.1
-116.60947345458484 36.76153922835293 48303.9
-116.60944905595473 36.761539140141664 48304.1
-116.60942481291109 36.76153918701444 48304.7
-116.60940063019636 36.761539343790886 48305.0
-116.60937650723676 36.761539578436455 48305.3
-116.60935240844144 36.76153984905524 48305.5
-116.6093282889008 36.76154010002221 48304.3
-116.6093041590401 36.76154028456863 48303.7
-116.60928000904856 36.76154037324721 48303.6
-116.60925583242472 36.76154034821997 48302.5
-116.60923158583692 36.76154018452641 48302.1
-116.60920733523956 36.76153990514543 48302.3
-116.60918303771922 36.7615395362905 48303.2
-116.6091586828788 36.76153910360546 48303.8
-116.6091342575477 36.76153864523003 48304.3
-116.60910976235412 36.7615382149201 48305.3
-116.60908517908908 36.76153785591861 48306.0
-116.60906049505554 36.76153760416215 48306.4
-116.609035733621 36.761537506070326 48307.0
-116.60901085962789 36.7615375579085 48307.5
-116.60898598392006 36.761537750818825 48308.4
-116.6089612364582 36.761538079739296 48309.5
-116.60893694402604 36.76153856039043 48310.4
-116.60891331172888 36.76153917532832 48310.8
-116.60876552608336 36.76143965147656 48308.6
-116.60876743164162 36.76142235407399 48308.7
-116.60876915277797 36.761404116590974 48309.7
-116.60877051455805 36.7613851242985 48310.4
-116.60877141882264 36.76136569743248 48311.0
-116.60877182314124 36.76134612614735 48311.7
-116.60877169337763 36.76132688073376 48313.1
-116.60889314446666 36.76121328258509 48312.4
-116.60891431351178 36.76121514147746 48310.3
-116.60893678386972 36.76121679857523 48310.0
-116.60896041196796 36.76121815905977 48308.9
-116.60898509897343 36.76121921814397 48307.0
-116.60901050846358 36.76121999305639 48305.3
-116.60903644962978 36.76122050078976 48304.0
-116.60906269492148 36.76122074246332 48302.6
-116.60908911607191 36.76122077079293 48301.7
-116.60911546431052 36.761220646995234 48300.8
-116.60914159952507 36.76122041970427 48299.7
-116.60916737113988 36.76122012898247 48299.4
-116.60919275031506 36.76121981080672 48298.9
-116.60921770547104 36.761219478853285 48297.7
-116.60924221874158 36.761219135257576 48297.2
-116.60926625028152 36.76121878394085 48297.5
-116.60928988370569 36.761218439001766 48297.5
-116.60931320246011 36.76121811958932 48297.5
-116.6093362917102 36.761217846565216 48297.6
-116.60935926207476 36.76121764736909 48298.0
-116.60938218898944 36.76121753986409 48298.1
-116.60940518694612 36.761217533073165 48298.4
-116.6094283326362 36.76121763353724 48298.2
-116.6094517324867 36.761217845898095 48298.4
-116.60947535293975 36.761218147005714 48298.9
-116.60949920707772 36.76121850625085 48298.8
-116.6095232639382 36.761218897060544 48298.6
-116.6095474795838 36.76121929070536 48298.6
-116.60957178159885 36.7612196575599 48298.1
-116.60959610788484 36.76121997335244 48298.2
-116.60962041738588 36.761220217985205 48298.6
-116.60964466323072 36.76122038826708 48298.9
-116.60966886325345 36.76122052261904 48298.4
-116.60969299566032 36.76122066669298 48297.6
-116.6097170610448 36.76122085173294 48296.7
-116.60974108291047 36.761221093382616 48297.2
-116.60976507426524 36.76122137669106 48297.7
-116.60978909904124 36.761221673967306 48298.5
-116.60981320550896 36.76122195566592 48299.3
-116.60983743008944 36.7612221846622 48299.9
-116.609861823158 36.76122233541248 48300.6
-116.60988635964324 36.76122239545301 48301.5
-116.60991100954602 36.76122236162574 48301.6
-116.60993570562006 36.76122223813108 48300.7
-116.60996041604412 36.761222048827065 48300.1
-116.60998507662876 36.761221818284845 48300.4
-116.61000966789648 36.761221566293685 48300.9
-116.61003419125112 36.76122131597946 48301.4
-116.6100586637871 36.76122108924936 48302.6
-116.61008310568488 36.76122089893956 48303.1
-116.61010752378064 36.76122074899051 48303.3
-116.61013191457488 36.761220635561166 48303.9
-116.61015625470716 36.76122054182253 48303.3
-116.61018055736506 36.76122044940235 48303.3
-116.61020484395904 36.76122034185428 48304.4
-116.6102291399656 36.76122020802335 48304.8
-116.61025348642644 36.7612200490652 48305.1
-116.6102778854128 36.76121987560417 48306.0
-116.61030233427464 36.76121969698245 48306.9
-116.61032682429024 36.76121952178777 48307.3
-116.61035132661723 36.761219349310046 48307.4
-116.61037582053852 36.76121917279878 48308.1
-116.61040029147009 36.76121898693593 48309.4
-116.61042472362983 36.76121879570994 48311.0
-116.61044910872702 36.76121861988728 48311.8
-116.61047343135937 36.76121848558462 48311.3
-116.61049767022836 36.761218416384295 48310.3
-116.61052180962248 36.761218423723406 48310.7
-116.61054581091813 36.761218490375846 48312.0
-116.6105697076241 36.76121859358356 48313.7
-116.61059351762025 36.76121872047656 48315.1
-116.61061724607306 36.76121886988999 48315.1
-116.61064088450765 36.7612190416754 48314.8
-116.61066443830887 36.7612192307412 48315.7
-116.61068790544851 36.76121942836655 48317.2
-116.61071128225008 36.76121962446678 48318.3
-116.6107346052233 36.76121980304614 48318.6
-116.6107579119575 36.76121994863404 48318.9
-116.61078123345696 36.761220044122176 48319.8
-116.6108045860433 36.761220076771615 48320.4
-116.61082801493204 36.76122005671638 48321.0
-116.61085150262556 36.76122000376804 48321.6
-116.61087504388152 36.76121993377008 48322.1
-116.61089863215108 36.761219861463736 48322.4
-116.6109222421325 36.76121980477069 48322.8
-116.61094584900806 36.76121977888272 48323.1
-116.61096943211376 36.76121978721629 48323.2
-116.6109929824482 36.76121982398878 48322.9
-116.61101649555604 36.7612198689424 48323.7
-116.61103999796885 36.76121989848413 48324.9
-116.61106350675308 36.76121989821737 48325.5
-116.6110870269353 36.76121986661134 48325.2
-116.61111056772158 36.761219815058325 48325.0
-116.6111341099962 36.76121975663581 48325.7
-116.61115764722187 36.761219701625954 48326.4
-116.6111811787942 36.761219659363576 48326.7
-116.61120469211188 36.761219639746976 48326.6
-116.61122818683656 36.76121965229628 48327.0
-116.6112516607142 36.76121971087739 48327.7
-116.6112751241328 36.76121983525826 48328.2
-116.6112985373593 36.761220032186166 48328.3
-116.61132192126152 36.76122029362031 48328.3
-116.61134529193832 36.76122059963596 48328.4
-116.61136867690016 36.7612209133221 48328.8
-116.61139212843536 36.761221186210825 48329.9
-116.61141567679488 36.76122138998844 48329.9
-116.61143933892744 36.76122151222262 48329.5
-116.61146311183668 36.76122154392251 48329.8
-116.61148702325136 36.76122149650745 48330.8
-116.61151103090432 36.76122139238668 48331.2
-116.61153512172775 36.76122125479776 48330.9
-116.6115592965476 36.76122110977954 48330.8
-116.61158353677531 36.76122097978116 48331.3
-116.6116078330257 36.76122087646812 48331.2
-116.61163218158904 36.76122080700001 48330.9
-116.61165660194467 36.76122077209548 48331.2
-116.61168108965984 36.761220756518405 48331.7
-116.61170566728748 36.76122074090341 48331.9
-116.61173034727116 36.76122071307093 48332.0
-116.61175513619524 36.76122067036054 48332.0
-116.61178001309813 36.76122062551046 48331.5
-116.61180493564504 36.76122059486234 48331.2
-116.61182986500036 36.76122059390125 48331.3
-116.61185477160376 36.76122063941144 48331.3
-116.61187959530731 36.76122072689583 48331.1
-116.61190431855476 36.76122083209018 48330.8
-116.6119289217525 36.76122092022847 48330.9
-116.61195337222956 36.761220948516346 48331.1
-116.61197774597872 36.76122089832162 48331.2
-116.61200207882632 36.76122078034783 48331.8
-116.61202640674028 36.76122061990103 48332.2
-116.6120508541248 36.7612204605008 48332.1
-116.61207510032392 36.76122035380752 48331.2
-116.61209940209125 36.76122033020315 48330.7
-116.61212371836336 36.76122041244082 48330.4
-116.6121478456764 36.761220625111065 48330.0
-116.6121718228776 36.76122095896871 48330.3
-116.61219571643863 36.761221389305774 48330.1
-116.61221956543709 36.761221889451726 48329.6
-116.61224341075165 36.761222421796965 48330.0
-116.6122672877245 36.76122293377602 48330.1
-116.61229122555456 36.761223386456095 48329.7
-116.61231523241024 36.761223749737546 48329.9
-116.6123392856883 36.76122399160353 48330.1
-116.61236343866672 36.761224115961895 48329.9
-116.61238764038472 36.761224143583256 48329.6
-116.61241186202668 36.7612241002362 48329.2
-116.61243606696736 36.7612240223818 48328.8
-116.61246023773596 36.76122395705476 48327.9
-116.61248437437824 36.76122393942074 48326.7
-116.61250849329124 36.76122399186536 48326.5
-116.61253262808012 36.76122413022416 48327.0
-116.61255674976746 36.76122434526159 48326.5
-116.61258089411136 36.76122461940174 48325.6
-116.61260506333448 36.76122493268585 48324.7
-116.61262924482496 36.76122525898264 48324.4
-116.61265342200517 36.76122557409589 48324.4
-116.61267758685256 36.761225863445496 48324.0
-116.6127017360924 36.76122611832517 48323.5
-116.61272586008324 36.761226327423806 48323.9
-116.61274999310052 36.76122649288244 48323.7
-116.61277413758188 36.761226625984 48323.3
-116.61279831124656 36.76122674139701 48322.5
-116.61282253075576 36.76122684929292 48321.6
-116.61284679666142 36.76122695218898 48321.1
-116.61287110387003 36.76122704268571 48321.1
-116.61289545346942 36.76122710896816 48320.9
-116.61291984233058 36.76122713584172 48320.7
-116.61294428710202 36.761227121521046 48320.7
-116.61296876151494 36.76122707400847 48320.5
-116.61299324708514 36.76122700698712 48320.1
-116.61301773671208 36.76122694221196 48319.8
-116.61304220958549 36.761226907036445 48319.8
-116.61306665252104 36.76122691562122 48319.5
-116.6130910546454 36.761226969311885 48319.1
-116.6131154068684 36.761227057127016 48318.6
-116.61313969657684 36.76122715025904 48318.1
-116.61316393199942 36.76122722000193 48319.0
-116.61318811235807 36.7612272451695 48319.8
-116.61321221383774 36.76122721004605 48319.4
-116.61323626753148 36.76122711959098 48319.1
-116.61326025613964 36.76122699055578 48318.8
-116.61328418061764 36.76122683744236 48318.6
-116.61330804909032 36.761226672944886 48318.6
-116.61333189142456 36.76122651061368 48318.5
-116.6133557327313 36.76122636055313 48318.3
-116.613379600271 36.76122623437741 48318.0
-116.61340354708 36.76122614847414 48318.0
-116.613427575697 36.761226116713125 48317.6
-116.61345170130754 36.761226149274485 48317.4
-116.61347591073232 36.761226255552856 48317.2
-116.61350017535008 36.76122644864146 48316.9
-116.61352433032614 36.76122671500618 48317.1
-116.61354824323928 36.76122702534645 48317.4
-116.61357171099436 36.761227338544174 48317.1
-116.61373182544877 36.76114348946104 48319.0
-116.61372993358576 36.76112834636936 48331.0
-116.61372758104775 36.76111214758876 48328.0
-116.6137250158594 36.76109499984373 48325.9
-116.61372244506208 36.76107695277793 48326.6
-116.61372002978672 36.76105840484156 48328.3
-116.61371781138304 36.761039689925774 48328.8
-116.61371576764488 36.761021205159366 48327.4
-116.61358786789452 36.76091932244051 48327.4
-116.6135685013202 36.76092152964823 48339.4
-116.61354797733377 36.76092376117208 48338.3
-116.6135263518936 36.760925876808805 48337.4
-116.61350349868236 36.76092777126599 48337.4
-116.61347980455 36.760929405291854 48338.1
-116.6134553891228 36.760930820374575 48339.0
-116.61343043820068 36.760932056662426 48340.2
-116.61340512491384 36.7609331523724 48340.9
-116.61337978749164 36.7609341655302 48340.4
-116.61335460473904 36.760935137295405 48339.6
-116.61332974734708 36.76093608688153 48339.2
-116.61330541425264 36.76093701571481 48339.3
-116.61328166640756 36.760937904371374 48339.7
-116.61325850624874 36.7609387181024 48340.0
-116.61323590412124 36.76093941664857 48339.9
-116.61321376886568 36.76093994614277 48340.1
-116.61319199415928 36.76094027509497 48340.2
-116.61317034215465 36.760940395093975 48340.0
-116.6131486465368 36.760940306619815 48339.7
-116.61312667777166 36.760940011204575 48339.3
-116.61310441937913 36.760939549760046 48339.2
-116.61308175715666 36.76093896259556 48339.3
-116.6130586621376 36.76093828498998 48338.8
-116.61303509695176 36.760937555470704 48338.7
-116.61301114756544 36.76093682537904 48339.3
-116.61298688642448 36.76093613716046 48340.3
-116.61296238584823 36.76093552451472 48341.3
-116.61293774356612 36.76093502550221 48341.8
-116.61291299345756 36.760934646637246 48341.6
-116.61288822441828 36.76093437369919 48342.0
-116.61286347861684 36.7609341868844 48342.4
-116.61283879082612 36.76093405948828 48342.7
-116.61281414321708 36.76093394711694 48342.7
-116.6127895437507 36.760933816656326 48342.8
-116.61276499000064 36.760933646704665 48343.1
-116.6127404816967 36.760933430884 48343.7
-116.61271604731355 36.76093318600986 48344.1
-116.61269168126104 36.760932930875725 48345.0
-116.6126673875944 36.760932680353896 48345.7
-116.61264317164152 36.76093244763292 48346.1
-116.6126189998508 36.760932237384594 48346.1
-116.61259486184136 36.76093204848693 48345.7
-116.61257074836774 36.760931876909545 48346.7
-116.6125466465862 36.76093171314661 48348.3
-116.6125225403008 36.76093153871789 48348.4
-116.61249841776842 36.76093133850823 48348.4
-116.61247427150884 36.760931106574574 48348.1
-116.61245008959224 36.7609308428332 48348.9
-116.61242589023574 36.76093056015085 48350.1
-116.61240166515655 36.76093027738162 48350.3
-116.61237740820368 36.76093000909192 48349.7
-116.61235311168431 36.760929758668944 48349.5
-116.61232877474502 36.760929519673326 48349.9
-116.612304418332 36.760929293431325 48351.6
-116.61228004813744 36.76092908911513 48353.0
-116.6122556599487 36.760928919275216 48353.3
-116.61223121124848 36.76092878938358 48353.3
-116.61220668982295 36.76092869471354 48353.5
-116.6121820866362 36.76092862596895 48354.0
-116.61215739540404 36.76092856027776 48355.3
-116.6121326483593 36.76092846565976 48355.8
-116.612107764164 36.76092831440079 48355.3
-116.61208294477797 36.7609280814661 48354.6
-116.61205806740332 36.76092773634545 48354.5
-116.61203320593688 36.76092729153101 48355.2
-116.6120083538884 36.76092678179388 48356.4
-116.611983538758 36.76092625400373 48357.1
-116.61195882518896 36.7609257730095 48356.7
-116.61193419886878 36.76092538486579 48356.2
-116.61190967661886 36.76092510270427 48357.3
-116.61188524651016 36.76092491621033 48358.2
-116.6118608879942 36.76092479387684 48358.5
-116.61183653087626 36.76092467884662 48358.8
-116.61181214727834 36.7609245292749 48359.9
-116.61178770240817 36.760924320465485 48361.0
-116.61176313999287 36.760924031655854 48361.8
-116.6117384965684 36.760923675293135 48363.3
-116.61171377130148 36.760923278944986 48364.8
-116.61168900527905 36.76092287720122 48365.7
-116.61166426398351 36.76092250567402 48366.9
-116.61163957046324 36.760922174832494 48367.3
-116.61161495936112 36.76092188430282 48366.9
-116.61159044375384 36.7609216309411 48366.5
-116.6115660348466 36.76092141412723 48365.9
-116.61154168130967 36.76092122582712 48364.6
-116.61151735669571 36.760921056032565 48363.5
-116.61149303240852 36.760920896621776 48363.9
-116.61146869603296 36.76092074853724 48365.0
-116.6114443474514 36.76092062148383 48364.5
-116.61141999540268 36.760920526959055 48363.9
-116.61139563949295 36.76092047058326 48363.9
-116.61137127889916 36.76092045414353 48364.1
-116.6113468847131 36.760920462061925 48364.4
-116.61132245912962 36.76092047597344 48364.5
-116.61129798515294 36.76092047616758 48364.7
-116.61127343051552 36.76092043924916 48365.4
-116.61124881605826 36.76092036471976 48365.7
-116.61122413990196 36.76092026412893 48365.4
-116.61119941527764 36.76092014463607 48365.3
-116.61117465955368 36.760920009135 48365.7
-116.61114991138932 36.760919854124126 48365.9
-116.61112519306953 36.76091967827252 48366.0
-116.61110052891544 36.7609194855384 48366.5
-116.61107594005108 36.76091927931008 48367.1
-116.6110514224383 36.760919066483325 48368.0
-116.61102695671784 36.760918852022165 48368.9
-116.611002527859 36.76091864419308 48368.7
-116.6109781214369 36.76091845315346 48368.0
-116.61095370877972 36.760918284077256 48367.5
-116.61092928189416 36.76091814147055 48366.0
-116.61090482954612 36.760918024554144 48364.3
-116.61088033986957 36.76091792410689 48363.9
-116.61085580354248 36.760917825440615 48364.2
-116.61083122234092 36.76091771773993 48364.7
-116.61080660144415 36.76091759821298 48364.7
-116.6107819450302 36.76091746643374 48364.6
-116.61075726468394 36.76091732829428 48364.0
-116.61073255533267 36.760917186797705 48363.0
-116.6107078139602 36.76091704730529 48362.6
-116.61068304618188 36.7609169221775 48362.3
-116.61065826486994 36.760916823676816 48361.9
-116.610633503378 36.76091676108234 48361.6
-116.6106087898899 36.76091674403545 48361.3
-116.61058416402302 36.76091678037067 48360.9
-116.61055959994331 36.76091685859187 48360.5
-116.61053509716784 36.7609169584486 48359.5
-116.6105106368732 36.76091705953024 48358.5
-116.61048618186416 36.76091713897083 48358.2
-116.61046171194462 36.76091717677284 48357.7
-116.61043720445883 36.760917165219446 48357.2
-116.61041265793143 36.76091711285888 48356.8
-116.61038806861843 36.76091703656196 48356.6
-116.61036345182652 36.7609169571852 48356.4
-116.6103388150009 36.760916890914494 48356.2
-116.61031416733418 36.76091684621601 48355.6
-116.6102895210456 36.76091682530716 48355.3
-116.61026487419556 36.7609168191879 48355.1
-116.6102402403474 36.76091681942512 48354.5
-116.61021562557772 36.76091682621332 48354.2
-116.6101910402542 36.760916844743726 48354.2
-116.61016647556416 36.76091688254349 48353.6
-116.61014193244768 36.76091694550241 48353.1
-116.6101174053807 36.76091703260816 48352.7
-116.61009288486592 36.76091713764433 48352.1
-116.61006835225396 36.76091724545128 48351.6
-116.6100438072386 36.76091734795976 48351.1
-116.61001924189632 36.76091744096146 48350.4
-116.60999464185826 36.76091751678076 48349.7
-116.60997001498878 36.76091756817027 48349.3
-116.60994535310796 36.760917587845015 48348.9
-116.60992065911655 36.76091756625368 48348.6
-116.60989593901104 36.76091749556996 48348.5
-116.60987125533462 36.7609173831596 48348.6
-116.60984662585352 36.76091723510542 48348.3
-116.60982206082107 36.76091704766081 48347.2
-116.6097975519134 36.76091681057931 48346.7
-116.60977310981043 36.76091652392929 48347.8
-116.60974870583676 36.760916196465885 48348.2
-116.60972432485532 36.76091583700528 48348.6
-116.60969994160828 36.7609154515479 48348.4
-116.60967554459124 36.760915051682055 48348.0
-116.60965110922976 36.76091464449655 48348.3
-116.60962662164792 36.76091423726 48348.6
-116.60960207305456 36.76091384023843 48349.3
-116.6095774691676 36.76091346344064 48350.4
-116.60955283403774 36.760913114745 48350.6
-116.60952818774292 36.760912800285446 48350.7
-116.60950355987892 36.7609125240977 48350.2
-116.60947894451512 36.76091227569904 48350.3
-116.6094543424466 36.76091205044442 48350.7
-116.60942973497733 36.76091184764442 48350.6
-116.60940510446255 36.76091167199392 48350.8
-116.60938043537011 36.76091152129653 48351.2
-116.60935574670717 36.76091139349008 48351.2
-116.60933105741724 36.760911289682085 48351.0
-116.60930640142288 36.760911216872685 48351.4
-116.60928178280476 36.76091117589886 48352.1
-116.6092572138688 36.76091116469262 48352.0
-116.6092326832316 36.76091117372189 48351.3
-116.60920818687411 36.7609111891273 48351.0
-116.60918371674472 36.760911197906566 48350.7
-116.60915925875672 36.760911190868455 48350.8
-116.60913479421876 36.76091116017128 48351.2
-116.60911028237912 36.76091109559029 48351.3
-116.60908571644995 36.760910995314994 48351.8
-116.609061076669 36.760910865221234 48353.4
-116.6090363624305 36.76091071653354 48354.1
-116.60901160209916 36.760910577392686 48354.7
-116.60898683478511 36.76091048243016 48355.5
-116.60896214198397 36.760910457722055 48356.0
-116.6089376512494 36.76091052569243 48356.4
-116.60891367011608 36.76091071129781 48356.7
-116.60889043114967 36.76091099134717 48356.5
-116.60874587748764 36.76079705950814 48358.7
-116.6087476596866 36.760779405249615 48363.0
-116.6087491704258 36.760760818479824 48364.3
-116.608750246971 36.76074149510891 48366.2
-116.60875081429388 36.76072184136745 48368.8
-116.60875084865744 36.76070220666799 48371.3
-116.60875034077378 36.76068313578475 48372.7
-116.60887538954766 36.76057055862149 48375.2
-116.60889526999831 36.76057215914812 48379.0
-116.60891617510948 36.76057364416176 48379.3
-116.60893801165476 36.76057491335533 48379.0
-116.60896072101524 36.76057595025561 48377.7
-116.60898408137136 36.760576764390514 48376.2
-116.60900800146604 36.760577371444505 48375.9
-116.60903239789356 36.76057777965933 48375.9
-116.6090572143397 36.76057804425034 48374.8
-116.6090822924992 36.76057822151238 48372.7
-116.60910754717732 36.76057836245536 48371.2
-116.60913290579887 36.760578512658746 48371.2
-116.6091582557002 36.760578690022406 48371.6
-116.60918352480272 36.7605788889674 48371.7
-116.60920865004717 36.76057909301575 48372.3
-116.60923354395278 36.7605792742187 48373.6
-116.60925820019332 36.76057941490558 48374.1
-116.60928260176682 36.760579517172445 48372.5
-116.60930675589424 36.76057958437661 48371.5
-116.60933068613456 36.76057960979938 48372.2
-116.60935451889068 36.76057959326624 48373.2
-116.60937832895712 36.76057953582079 48374.4
-116.6094021775827 36.76057943445877 48374.9
-116.6094260966178 36.76057928242739 48374.1
-116.60945010286255 36.760579089116895 48373.1
-116.609474159953 36.760578863154 48373.3
-116.60949824713413 36.76057860903119 48373.5
-116.60952235304993 36.76057833403388 48373.7
-116.60954647870248 36.76057805358333 48373.9
-116.60957062148356 36.760577783596965 48374.1
-116.6095947898784 36.76057753917418 48374.0
-116.60961901115952 36.7605773385257 48373.8
-116.60964327071235 36.76057718397448 48374.1
-116.60966758270042 36.76057707162137 48374.1
-116.60969194572476 36.76057699739541 48373.6
-116.60971636491476 36.76057695743031 48373.6
-116.60974081212524 36.76057693956583 48373.8
-116.60976528090973 36.760576933329766 48374.1
-116.60978975726675 36.76057692726622 48374.6
-116.6098142272296 36.76057690560511 48374.6
-116.60983869544948 36.76057686371556 48374.5
-116.60986315436377 36.76057680978855 48374.5
-116.60988760083616 36.76057675978873 48374.4
-116.60991204003491 36.76057673598709 48373.3
-116.60993645856774 36.76057675049076 48373.4
-116.60996087724868 36.7605768017394 48373.8
-116.6099853098287 36.76057688016586 48373.6
-116.6100097744284 36.760576963283775 48374.4
-116.61003429018623 36.76057702623586 48375.3
-116.61005886537222 36.760577050511166 48375.3
-116.61008349947106 36.76057702221591 48374.9
-116.61010816907638 36.76057692322644 48374.9
-116.6101328935285 36.760576751982704 48375.3
-116.61015763949008 36.76057651631292 48374.5
-116.6101823857572 36.76057622681832 48374.1
-116.61020709461404 36.76057590031488 48374.1
-116.61023174679468 36.760575566373234 48374.2
-116.61025632317856 36.7605752505112 48374.2
-116.61028083660318 36.76057497258731 48374.6
-116.610305327728 36.760574756125706 48375.4
-116.61032978658584 36.76057460877113 48375.3
-116.6103542330536 36.76057452732228 48375.2
-116.6103786547026 36.76057450149404 48375.0
-116.61040303160893 36.76057451654759 48375.2
-116.61042734769028 36.76057454889802 48375.0
-116.61045163774024 36.76057458327742 48375.0
-116.61047594605532 36.760574613361264 48375.8
-116.61050033301912 36.76057463808084 48376.6
-116.61052482864773 36.76057466243876 48376.0
-116.61054943079397 36.76057468307791 48375.4
-116.61057413112736 36.76057469041513 48375.8
-116.61059891329832 36.76057467404577 48376.1
-116.61062374140585 36.760574632957216 48375.6
-116.61064856243216 36.76057457290023 48375.1
-116.61067334453205 36.76057450231141 48374.7
-116.61069807855604 36.76057443305937 48374.9
-116.61072278079078 36.76057437738471 48375.3
-116.61074747300157 36.7605743443176 48375.3
-116.6107721715195 36.7605743391208 48375.3
-116.61079689895 36.76057436808045 48375.4
-116.6108216270936 36.760574429317 48375.7
-116.61084633499908 36.760574516841416 48375.5
-116.61087098552248 36.76057462340972 48374.8
-116.61089552927864 36.76057473914339 48374.0
-116.61091995831843 36.76057485126752 48373.7
-116.61094428877406 36.76057495338964 48374.8
-116.61096854120576 36.76057504431172 48374.9
-116.61099273126912 36.760575121565104 48374.1
-116.61101689764432 36.7605751795546 48374.1
-116.61104105981292 36.76057521000279 48374.6
-116.61106523745708 36.76057521265504 48374.7
-116.61108944694772 36.760575193173686 48374.0
-116.61111369403017 36.76057516289456 48373.1
-116.61113797228442 36.76057512350656 48372.9
-116.61116228434088 36.76057507394071 48373.3
-116.61118663357044 36.76057501255376 48373.1
-116.61121102262652 36.760574948826566 48372.2
-116.61123544640292 36.760574895439206 48371.6
-116.61125989849398 36.76057486498254 48371.1
-116.6112843786898 36.76057487297607 48371.2
-116.6113088512184 36.7605749251762 48371.5
-116.61133331960826 36.760575021641856 48370.9
-116.6113577856632 36.76057515807752 48370.1
-116.61138225681589 36.760575326973566 48369.6
-116.61140670872103 36.76057551974273 48369.3
-116.61143113023094 36.760575737715705 48369.2
-116.61145550234347 36.76057598825479 48368.6
-116.61147980593933 36.760576277522766 48367.5
-116.61150401099448 36.76057659421803 48367.4
-116.6115281172435 36.76057692099575 48367.4
-116.61155211709432 36.76057723499191 48366.7
-116.61157599443288 36.76057750278205 48366.1
-116.61159981719192 36.76057770478162 48366.1
-116.61162361070151 36.760577835344186 48366.1
-116.61164740940389 36.76057790157073 48365.6
-116.61167123531436 36.76057791665332 48365.0
-116.6116951098263 36.760577906656415 48364.1
-116.61171900513249 36.76057789358528 48363.5
-116.61174290617632 36.760577891732254 48363.2
-116.61176682203636 36.76057792001926 48362.4
-116.61179073723874 36.760577997794414 48361.7
-116.61181466509288 36.76057814048869 48361.0
-116.61183861534852 36.760578358907125 48359.7
-116.61186262032632 36.76057866336446 48358.6
-116.61188664445667 36.76057903024465 48358.4
-116.6119107178796 36.760579430515534 48357.9
-116.61193485307363 36.76057983114465 48357.1
-116.6119590528102 36.76058018301992 48356.7
-116.61198335456248 36.760580447839565 48356.0
-116.6120077398901 36.76058061034028 48355.4
-116.6120321954375 36.76058066842981 48355.2
-116.61205667335167 36.76058061933804 48354.3
-116.61208117983112 36.76058048526491 48353.3
-116.61210565879745 36.7605802926139 48352.7
-116.61213008883465 36.76058006576472 48352.3
-116.61215446477128 36.7605798343089 48351.7
-116.6121787990734 36.76057963527936 48350.9
-116.61220310578967 36.76057950240177 48350.3
-116.61222739598608 36.76057946555039 48348.9
-116.61225171206814 36.76057955589192 48347.7
-116.61227600214242 36.7605797583257 48347.1
-116.61230029757004 36.76058003732136 48347.3
-116.61232458915636 36.76058035238223 48347.5
-116.6123488618241 36.760580662184765 48346.8
-116.6123731298352 36.760580930910166 48346.2
-116.61239739720412 36.76058113600143 48345.6
-116.61242166360464 36.76058125897996 48345.1
-116.61244590441775 36.76058128024261 48345.0
-116.61247017626188 36.76058120784136 48344.0
-116.61249447067406 36.7605810589966 48342.7
-116.61251881285986 36.76058085418365 48342.7
-116.6125433400073 36.760580624871295 48342.6
-116.6125678625752 36.76058041963103 48340.5
-116.61259247345048 36.760580276411325 48338.3
-116.61261717752043 36.76058022800076 48337.5
-116.61264202685112 36.76058030915837 48337.3
-116.6126669440257 36.76058050965415 48337.0
-116.61269193067946 36.76058079556784 48337.0
-116.61271692194256 36.7605811202664 48336.7
-116.6127417227566 36.76058141355743 48337.0
-116.6127660915644 36.7605816018617 48337.1
-116.61278964693028 36.760581618103 48335.8
