sample,layer,easting,northing,total(kg/m2),<=-4phi,<=-3.5phi,<=-3phi,<=-2.5phi,<=-2phi,<=-1.5phi, <=-1phi,<=-0.5phi,<=0phi,<=0.5phi,<=1phi,<=1.5phi,<=2phi,<=2.5phi,<=3phi,>3phi
01, a, 526774, 1381087, 324.22, 1.21, 3.45, 12.69, 49.02, 39.56, 75.28, 64.53, 39.58, 23.64 , 13.24 , 1.62 , 0.31 , 0.07 , 0.02 , 0.00 , 0.00 
01, b, 526774, 1381087, 184.96, 0.00, 0.00, 0.85, 5.25, 11.39, 20.10, 33.84, 44.73 , 31.50 , 22.20 , 10.47 , 3.77 , 0.75 , 0.10 , 0.02 , 0.00 
02, a, 526028, 1380972, 207.68, 0.00, 1.50, 6.57, 11.78, 24.43, 44.10, 47.14, 43.06 , 21.30 , 5.35 , 1.68 , 0.45 , 0.27 , 0.05 , 0.00 , 0.00 
02, b, 526028, 1380972, 48.62, 0.00, 0.00, 0.25, 1.18, 2.64, 6.80, 13.78, 9.62 , 6.42 , 3.39 , 1.65 , 1.51 , 0.85 , 0.26 , 0.13 , 0.14  
03, a, 525477, 1380291, 311.62, 0.00, 0.81, 1.29, 7.34, 13.96, 28.01, 45.60, 67.55 , 64.89 , 56.34 , 20.82 , 4.52 , 0.40 , 0.08 , 0.00 , 0.00 
03, b, 525477, 1380291, 164.61, 0.00, 0.00, 0.77, 0.89, 2.27, 8.08, 17.98, 35.36 , 39.84 , 37.46 , 15.99 , 3.38 , 1.72 , 0.50 , 0.17 , 0.22  
04, a, 524516, 1379866, 105.25, 0.00, 0.73, 0.25, 0.86, 2.48, 6.16, 11.47, 23.79 , 21.76 , 21.41 , 10.48 , 4.38 , 1.08 , 0.10 , 0.16 , 0.13 
04, b, 524516, 1379866, 144.53, 0.00, 0.00, 0.13, 0.61, 2.26, 6.17, 14.91, 28.18 , 35.22 , 33.83 , 16.57 , 5.48 , 0.74 , 0.17 , 0.13 , 0.13 
05, a, 523595, 1379462, 174.94, 0.00, 0.00, 0.79, 2.13, 3.87, 8.83, 18.01, 30.91 , 40.29 , 36.96 , 20.94 , 8.09 , 2.03 , 1.04 , 0.60 , 0.45 
05, b, 523595, 1379462, 70.36, 0.00, 0.00, 0.00, 0.00, 0.14, 0.81, 3.53, 10.70 , 16.24 , 20.19 , 11.69 , 4.44 , 1.54 , 0.43 , 0.24 , 0.41  
06, a, 522674, 1379481, 189.75, 0.00, 0.00, 0.00, 1.55, 2.69, 6.32, 15.38, 33.08 , 39.92 , 45.61 , 27.39 , 11.80 , 4.45 , 0.88 , 0.31 , 0.36 
06, b, 522674, 1379481, 37.02, 0.00, 0.00, 0.00, 0.02, 0.17, 0.50, 2.08, 5.53 , 10.17 , 8.52 , 5.96 , 2.44 , 1.17 , 0.23 , 0.11 , 0.13 
07, m,  521642, 1379304, 171.60, 0.00, 0.00, 0.00, 0.00, 0.14, 0.86, 4.19, 20.02  , 52.08 , 31.68 , 37.48 , 16.08 , 4.14 , 1.47 , 0.71 , 2.76 
08, m, 520715, 1378964, 120.24, 0.00, 0.00, 0.00, 0.00, 0.00, 0.43, 2.27, 7.01 , 16.78 , 29.75 , 28.07 , 15.89 , 7.04 , 3.98 , 2.57 , 6.45 
09, m,519877, 1378201, 62.85, 0.00, 0.00, 0.00, 0.00, 0.00, 0.02, 0.17, 0.79 , 3.08 , 8.99 , 12.69 , 10.33 , 9.28 , 5.66 , 3.05 , 8.80 
10, m, 520742, 1379432, 160.82, 0.00, 0.00, 0.00, 0.00, 0.04, 0.35, 2.11, 7.77 , 21.68 , 39.49 , 34.80 , 19.04 , 10.53 , 6.93 , 4.26 , 13.82 
11, m, 520990, 1380130, 155.96, 0.00, 0.00, 0.00, 0.21, 0.34, 1.15, 4.05, 16.03 , 28.86 , 40.53 , 31.20 , 15.05 , 10.06 , 4.69 , 1.41 , 2.39 
12, m, 520892, 1381127, 167.18, 0.00, 0.00, 0.00, 0.00, 0.24, 1.78, 6.12, 21.81 , 33.90 , 52.00 , 28.02 , 11.75 , 4.86 , 1.97 , 1.06 , 3.66 
13, m, 521902, 1382109, 71.26, 0.00, 0.00, 0.00, 0.06, 0.12, 0.78, 2.73, 8.13  , 15.50 , 21.82 , 12.83 , 4.54 , 1.99 , 0.76 , 0.41 , 1.60 
14, m, 522118, 1379921, 157.04, 0.00, 0.00, 0.00, 0.13, 1.33, 4.29, 11.89, 28.91 , 45.00 , 43.71 , 15.69 , 3.54 , 1.33 , 0.62 , 0.31 , 0.31 
15, a, 523973, 1380489, 87.57, 0.00, 0.00, 0.10, 1.66, 3.14, 8.60, 20.19, 25.54 , 16.75 , 7.53 , 2.09 , 0.97 , 0.50 , 0.19 , 0.14 , 0.17 
15, b, 523973, 1380489, 168.83, 0.00, 0.00, 0.63, 2.03, 5.32, 14.79, 31.26, 49.48 , 40.41 , 20.97 , 3.52 , 0.32 , 0.05 , 0.00 , 0.05 , 0.00 
16, b, 525162, 1380976, 255.77, 0.00, 0.00, 3.72, 8.84, 18.32, 35.16, 52.99, 60.50 , 44.29 , 22.04 , 5.97 , 1.97 , 0.98 , 0.42 , 0.28 , 0.28 
17, a, 525544, 1381476, 121.42, 0.00, 0.40, 2.64, 7.22, 15.32, 26.61, 25.32, 18.54 , 10.66 , 7.22 , 3.81 , 2.09 , 0.84 , 0.33 , 0.22 , 0.18 
17, b, 525544, 1381476, 128.81, 0.00, 0.00, 0.42, 2.51, 4.76, 12.10, 20.39, 30.48 , 24.70 , 19.76 , 8.54 , 2.86 , 0.81 , 0.32 , 0.21 , 0.95 
18, m, 525760, 1382320, 152.96, 0.00, 0.00, 0.25, 1.23, 3.28, 8.64, 16.59, 29.32 , 32.52 , 29.98 , 17.04 , 7.94 , 2.42 , 0.74 , 0.53 , 2.50 
19, m, 524400, 1382378, 275.93, 0.00, 0.00, 0.60, 2.87, 6.50, 13.37, 27.28, 52.59 , 61.80 , 53.34 , 28.11 , 12.92 , 6.35 , 4.31 , 1.96 , 3.93 
20, m, 523387, 1382182, 193.02, 0.00, 0.00, 0.47, 1.04, 2.09, 6.84, 10.87, 20.69 , 26.38 , 34.63 , 26.33 , 22.41 , 13.79 , 5.64 , 6.48 , 15.36 
21, m, 522453, 1381550, 147.72, 0.00, 0.00, 0.00, 0.00, 0.46, 1.31, 4.59, 11.30 , 17.86 , 23.57 , 21.06 , 17.44 , 12.96 , 8.56 , 5.94 , 22.65 
22, m,521894, 1380712, 170.75, 0.00, 0.00, 0.00, 0.33, 1.09, 4.31, 10.37, 2.46 , 32.93 , 37.51 , 24.57 , 16.60 , 12.29 , 7.26 , 4.81 , 16.22 
23, b, 529889, 1379931, 246.92, 0.00, 0.00, 0.00, 0.00, 0.27, 1.49, 5.16, 13.04 , 35.46 , 63.92 , 64.19 , 36.41 , 16.37 , 6.05 , 1.77 , 2.79 
24, m, 529139, 1380417, 831.91, 0.00, 5.47, 31.23, 55.16, 79.32, 127.41, 141.31, 164.79 , 126.27 , 73.39 , 21.88 , 4.33 , 1.14 , 0.23 , 0.00 , 0.00 
25, m,  528622, 1380874, 1432.94, 11.60, 15.47, 28.62, 54.15, 112.55, 208.85, 262.99, 303.60 , 231.67 , 137.30 , 51.44 , 11.22 , 3.09 , 0.39 , 0.00 , 0.00 
26, m, 527524, 1380945, 737.68, 9.46, 8.48, 30.56, 42.59, 51.47, 108.06, 140.59, 159.13 , 104.11 , 59.16 , 17.35 , 4.93 , 1.58 , 0.20 , 0.00 , 0.00 
27, a, 526823, 1381601, 149.18, 6.74, 3.44, 10.85, 19.11, 22.94, 26.83, 23.21, 18.88 , 9.55 , 4.51 , 1.83 , 0.76 , 0.40 , 0.13 , 0.00 , 0.00 
27, b, 526823, 1381601, 243.91, 0.00, 0.00, 0.35, 1.60, 5.37, 9.83, 19.18, 36.33 , 54.46 , 52.09 , 41.49 , 14.85 , 4.32 , 1.39 , 0.98 , 1.67 
28, a, 526524, 1381709, 112.10, 4.20, 1.75, 5.49, 10.18, 13.95, 24.22, 24.06, 16.49 , 7.23 , 2.02 , 0.83 , 0.95 , 0.52 , 0.18 , 0.03 , 0.00 
28, b, 526524, 1381709, 225.68, 0.00, 0.00, 0.26, 1.17, 1.69, 5.01, 10.93, 27.97 , 44.37 , 60.89 , 29.73 , 12.43 , 4.75 , 3.77 , 2.60 , 20.10 
29, a, 524433, 1381454, 80.41, 0.51, 0.42, 1.76, 5.04, 11.80, 18.07, 18.78, 15.01 , 5.99 , 1.76 , 0.51 , 0.33 , 0.24 , 0.13 , 0.04 , 0.02 
29, b, 524433, 1381454, 166.62, 0.00, 0.00, 0.00, 0.48, 1.16, 4.78, 11.69, 25.45 , 40.04 , 48.01 , 25.26 , 7.78 , 1.69 , 0.24 , 0.05 , 0.00 
30, m, 523722, 1381349, 276.09, 0.00, 0.00, 2.27, 3.32, 11.90, 26.80, 44.53, 58.29 , 43.48 , 31.74 , 18.62 , 13.44 , 6.88 , 3.16 , 2.11 , 9.55 
31, a, 528142, 1381657, 277.94, 3.87, 5.06, 19.12, 40.06, 50.96, 60.28, 45.82, 30.81 , 12.80 , 5.45 , 2.05 , 1.11 , 0.47 , 0.08 , 0.00 , 0.00 
31, b, 528142, 1381657, 421.00, 0.00, 0.00, 2.73, 1.19, 5.94, 20.31, 47.98, 86.10 , 96.91 , 83.49 , 35.27 , 11.40 , 3.09 , 1.90 , 2.26 , 22.45 
34, a, 530232, 1382772, 269.34, 7.55, 10.65, 20.11, 33.86, 39.93, 50.65, 43.53, 32.45 , 17.71 , 9.03 , 2.61 , 0.85 , 0.35 , 0.07 , 0.00 , 0.00 
34, b, 530232, 1382772, 99.09, 1.68, 0.79, 1.43, 4.65, 6.08, 7.84, 10.87, 15.93 , 16.49 , 15.52 , 9.83 , 4.75 , 1.71 , 0.54 , 0.28 , 0.71 
35, m, 530418, 1383102, 753.29, 0.00, 9.02, 24.97, 46.79, 79.74, 117.09, 145.62, 149.40 , 108.27 , 54.14 , 14.27 , 3.15 , 0.63 , 0.21 , 0.00 , 0.00 
36, a, 531371, 1382795, 656.80, 178.82, 57.05, 62.74, 73.83, 64.44, 64.30, 53.49, 42.39 , 26.32 , 18.07 , 8.82 , 3.84 , 1.71 , 0.57 , 0.28 , 0.14 
36, b, 531371, 1382795, 238.85, 8.42, 3.51, 5.12, 16.71, 24.22, 35.52, 35.38, 35.73 , 29.55 , 25.27 , 12.21 , 4.28 , 1.12 , 0.49 , 0.35 , 0.98 
37, a, 529666, 1383245, 302.70, 0.00, 2.05, 4.43, 11.00, 18.23, 33.18, 46.89, 53.71 , 58.47 , 45.66 , 19.87 , 6.41 , 1.56 , 0.49 , 0.33 , 0.41 
37, b, 529666, 1383245, 106.16, 0.00, 0.00, 0.78, 1.60, 4.09, 7.93, 12.63, 19.19 , 19.66 , 14.95 , 7.03 , 3.25 , 1.83 , 1.63 , 1.86 , 9.73 
38, m, 528975, 1383175, 383.48, 0.00, 0.83, 0.52, 2.59, 4.96, 10.65, 22.86, 48.30 , 65.36 , 68.05 , 35.89 , 19.03 , 14.58 , 11.48 , 10.65 , 67.74 
39, m, 522302, 1377932, 142.72, 0.00, 0.00, 0.00, 0.00, 0.00, 0.28, 0.84, 2.60 , 5.55 , 12.39 , 21.78 , 31.13 , 27.45 , 19.38 , 9.83 , 11.51 
40, m, 528159, 1380191, 919.83, 0.00, 5.18, 8.54, 27.18, 45.81, 103.27, 155.55, 211.19 , 178.07 , 122.94 , 44.26 , 11.65 , 2.07 , 0.52 , 0.00 , 3.62 
41, m, 527137, 1380167, 679.33, 0.00, 6.85, 5.61, 9.14, 17.23, 56.68, 119.38, 176.68 , 151.56 , 97.79 , 29.48 , 6.85 , 1.66 , 0.21 , 0.21 , 0.00 
42, a, 526109, 1380543, 362.99, 0.00, 0.00, 4.15, 7.43, 23.72, 48.64, 78.26, 99.36 , 61.54 , 26.89 , 6.23 , 3.28 , 1.75 , 0.66 , 0.55 , 0.55 
42, b, 526109, 1380543, 193.95, 0.00, 0.00, 1.53, 5.15, 9.28, 20.31, 31.22, 48.13 , 40.56 , 27.55 , 7.75 , 2.04 , 0.40 , 0.06 , 0.00 , 0.00 
43, a, 525983, 1379744, 452.74, 0.00, 0.00, 0.00, 2.64, 6.47, 16.89, 34.18, 73.24 , 103.98 , 116.91 , 61.10 , 22.83 , 6.60 , 1.72 , 0.92 , 5.28 
43, b, 525983, 1379744, 97.12, 0.00, 0.00, 0.00, 0.00, 0.40, 0.95, 3.02, 6.91 , 12.66 , 19.83 , 20.45 , 13.80 , 6.94 , 2.79 , 1.86 , 7.51 
45, m, 523983, 1378749, 246.08, 0.00, 0.00, 0.00, 0.00, 0.36, 2.36, 10.24, 29.66 , 51.22 , 60.18 , 52.51 , 25.43 , 7.88 , 1.58 , 0.72 , 3.94 
46, m, 523174, 1379228, 250.31, 0.00, 0.00, 0.00, 0.07, 0.79, 3.45, 10.36, 31.59 , 54.54 , 76.84 , 42.67 , 18.99 , 6.62 , 1.94 , 1.01 , 1.44 
47, m, 522536, 1378550, 367.06, 0.00, 0.00, 0.00, 0.00, 0.43, 1.41, 3.15, 7.38 , 18.68 , 52.13 , 69.39 , 56.04 , 50.28 , 43.22 , 31.17 , 33.77 
48, m, 521505, 1378499, 274.43, 0.00, 0.00, 0.00, 0.29, 0.72, 1.08, 3.83, 11.34 , 27.15 , 49.90 , 57.70 , 48.39 , 31.99 , 15.74 , 7.94 , 18.34 
49, m, 521747, 1377510, 250.43, 0.00, 0.00, 0.00, 0.00, 0.00, 0.79, 2.36, 7.41 , 22.15 , 63.85 , 73.15 , 45.88 , 23.10 , 8.04 , 1.81 , 1.89 
50, m, 522806, 1377761, 146.92, 0.00, 0.00, 0.00, 0.00, 0.34, 0.55, 2.24, 5.36 , 12.54 , 27.22 , 31.40 , 29.67 , 17.77 , 7.09 , 3.55 , 9.20 
51, m,  523894, 1377922, 238.07, 3.25, 0.00, 0.45, 0.00, 0.57, 1.21, 3.06, 7.08 , 17.78 , 38.31 , 50.99 , 49.78 , 27.98 , 11.03 , 5.99 , 20.59 
52, m, 524826, 1378577, 284.53, 0.00, 0.00, 0.00, 0.34, 0.25, 1.02, 3.56, 9.23 , 23.11 , 48.68 , 54.77 , 46.31 , 34.12 , 19.81 , 18.29 , 25.06 
53, m, 525759, 1378887, 225.22, 0.00, 0.00, 0.85, 0.91, 1.56, 5.02, 11.92, 27.17 , 43.26 , 61.37 , 40.39 , 18.96 , 6.12 , 1.69 , 1.04 , 4.95 
54, m, 526664, 1378620, 328.88, 0.00, 0.00, 0.00, 0.49, 0.88, 3.01, 9.72, 27.03 , 51.54 , 68.75 , 42.88 , 28.20 , 17.31 , 13.32 , 11.96 , 53.78 
55, m, 527927, 1379208, 434.37, 0.00, 0.00, 0.00, 2.17, 5.61, 22.43, 50.09, 85.90 , 91.00 , 88.58 , 46.39 , 19.76 , 6.50 , 2.68 , 2.17 , 11.09 
56, m, 528574, 1379238, 215.71, 0.00, 0.00, 0.64, 3.24, 4.29, 8.40, 11.29, 15.29  , 17.84 , 25.31 , 25.71 , 28.26 , 21.83 , 12.39 , 9.21 , 32.02 
57, m, 530429, 1379430, 343.03, 0.00, 0.00, 0.00, 0.41, 0.82, 3.39, 6.89, 16.97 , 37.02 , 72.49 , 70.33 , 49.77 , 34.14 , 16.45 , 9.15 , 25.19 
59, m, 531058, 1380228, 97.82, 0.00, 0.00, 0.31, 0.39, 0.96, 3.19, 7.03, 14.61 , 19.57 , 21.75 , 12.48 , 7.24 , 3.48 , 1.74 , 1.45 , 3.61 
60, a, 530597, 1380732, 141.89, 13.66, 6.34, 21.72, 23.33, 22.95, 22.84, 14.44, 8.36 , 4.11 , 2.16 , 0.93 , 0.56 , 0.30 , 0.11 , 0.04 , 0.04 
60, b, 530597, 1380732, 254.13, 0.00, 0.00, 0.00, 2.76, 4.51, 11.78, 20.80, 37.37 , 47.04 , 59.99 , 42.83 , 15.56 , 9.09 , 0.80 , 0.65 , 0.95 
62, a, 531201, 1381246, 164.32, 44.26, 18.52, 18.47, 20.88, 17.27, 14.50, 11.02, 7.81 , 5.09 , 2.99 , 1.56 , 1.03 , 0.54 , 0.18 , 0.13 , 0.09 
62, b, 531201, 1381246, 143.34, 0.00, 0.42, 2.20, 5.13, 9.69, 20.42, 27.91, 36.13 , 26.60 , 12.24 , 2.01 , 0.19 , 0.12 , 0.04 , 0.04 , 0.19 
63, m, 530293, 1381534, 1872.39, 0.00, 25.32, 71.20, 106.01, 176.69, 308.02, 354.96, 381.34 , 258.44 , 142.41 , 35.34 , 10.02 , 2.64 , 0.00 , 0.00 , 0.00 
64, m, 529451, 1381172, 1498.81, 0.00, 58.44, 66.56, 144.35, 183.05, 295.27, 289.08, 255.03 , 135.45 , 56.11 , 11.61 , 3.10 , 0.77 , 0.00 , 0.00 , 0.00 
65, m, 530518, 1380992, 620.23, 38.34, 13.16, 43.21, 74.24, 100.88, 126.87, 110.95, 66.28 , 27.94 , 11.05 , 3.90 , 1.95 , 0.81 , 0.49 , 0.16 , 0.00  
66, m, 521537, 1376665, 89.40, 0.00, 0.00, 0.00, 0.00, 0.14, 0.08, 0.28, 0.87 , 1.85 , 4.29 , 7.71 , 14.21 , 17.61 , 13.04 , 9.36 , 19.96 
67, m, 522559, 1376999, 12.45, 0.00, 0.00, 0.00, 0.00, 0.01, 0.04, 0.09, 0.18 , 0.39 , 1.11 , 1.74 , 2.69 , 2.60 , 1.32 , 0.69 , 1.59 
68, m, 523856, 1377173, 38.16, 0.00, 0.00, 0.00, 0.00, 0.01, 0.09, 0.22, 0.51  , 1.08 , 3.00 , 4.37 , 6.43 , 6.74 , 4.19 , 2.61 , 8.93 
69, m, 524591, 1377489, 107.42, 0.00, 0.00, 0.00, 0.00, 0.03, 0.25, 0.34, 0.90 , 2.48 , 8.05 , 15.45 , 20.17 , 19.78 , 13.51 , 8.92 , 17.56 
70, m, 525564, 1377877, 328.26, 0.00, 0.00, 0.00, 0.00, 0.09, 0.71, 1.87, 6.59 , 17.55 , 39.12 , 44.11 , 55.87 , 46.33 , 26.29 , 17.46 , 72.26 
71, m, 526899, 1379123, 321.21, 0.00, 0.00, 0.51, 0.10, 2.66, 8.59, 21.48, 50.02 , 72.32 , 89.92 , 50.02 , 17.49 , 4.60 , 1.13 , 0.72 , 1.64 
72, a, 524505, 1380950, 171.98, 0.00, 0.00, 1.19, 3.71, 9.21, 24.10, 36.82, 45.28 , 29.60 , 13.51 , 4.50 , 2.08 , 0.94 , 0.45 , 0.35 , 0.25 
72, b, 524505, 1380950, 107.05, 0.00, 0.00, 0.00, 0.09, 0.25, 1.13, 3.41, 8.13 , 13.61 , 19.14 , 17.55 , 14.23 , 8.35 , 4.07 , 2.94 , 14.14 
73, m, 522646, 1380659, 288.55, 0.00, 0.00, 0.00, 0.28, 1.20, 5.70, 16.55, 43.31 , 66.21 , 63.26 , 37.79 , 16.46 , 11.49 , 5.43 , 2.94 , 17.93 
74, a, 526416, 1382894, 117.66, 0.00, 0.00, 0.00, 0.87, 2.01, 5.79, 12.53, 22.07 , 23.11 , 17.15 , 10.42 , 5.49 , 7.74 , 5.73 , 0.87 , 3.89 
74, b, 526416, 1382894, 337.11, 0.00, 0.00, 0.38, 0.00, 1.13, 3.77, 8.77, 21.41 , 42.16 , 70.27 , 63.57 , 36.69 , 17.17 , 13.21 , 12.07 , 46.50 
75, m, 527536, 1383362, 562.20, 0.00, 0.00, 2.02, 5.71, 18.64, 31.40, 49.20, 67.00 , 67.17 , 75.06 , 55.92 , 40.97 , 27.87 , 22.84 , 20.82 , 77.58 
76, m, 527796, 1382127, 835.70, 9.72, 4.16, 10.18, 20.59, 43.73, 93.01, 120.31, 178.38 , 170.52 , 117.53 , 51.13 , 12.49 , 3.01 , 0.93 , 0.00 , 0.00 
77, m, 527021, 1381806, 541.10, 0.00, 6.64, 25.50, 30.63, 42.70, 67.60, 77.41, 79.82  , 66.39 , 57.04 , 32.59 , 17.20 , 8.90 , 5.13 , 4.07 , 19.47 
78, m, 528675, 1382740, 419.25, 0.00, 2.56, 4.20, 12.12, 29.49, 61.54, 82.99, 88.12 , 61.19 , 37.41 , 14.34 , 10.49 , 4.90 , 4.90 , 2.10 , 2.91 
79, m,  528763, 1384430, 116.63, 0.00, 0.00, 0.69, 1.86, 3.50, 8.27, 15.24, 25.27 , 26.41 , 17.26 , 5.02 , 1.51 , 0.85 , 0.82 , 0.95 , 8.99 
80, m, 526617, 1379772, 641.81, 0.00, 0.00, 0.00, 4.01, 12.57, 26.88, 55.51, 107.35 , 126.55 , 159.71 , 97.40 , 38.40 , 9.25 , 1.75 , 0.87 , 1.57 
